R,Ohm	C,pF	Temp,C
0000000000	0000100000	+025.00
Ch1,V	Ch2,V	Time,s
-00.0002	-00.0006	0000.000
-00.0002	-00.0009	0000.001
-00.0017	-00.0009	0000.002
-00.0039	-00.0012	0000.003
-00.0060	-00.0009	0000.004
-00.0084	-00.0009	0000.005
-00.0100	-00.0009	0000.006
-00.0118	-00.0012	0000.007
-00.0139	-00.0012	0000.008
-00.0161	-00.0012	0000.009
-00.0179	-00.0009	0000.010
-00.0200	-00.0006	0000.011
-00.0222	-00.0012	0000.012
-00.0234	-00.0009	0000.013
-00.0261	-00.0012	0000.014
-00.0280	-00.0009	0000.015
-00.0301	-00.0009	0000.016
-00.0319	-00.0009	0000.017
-00.0341	-00.0009	0000.018
-00.0356	-00.0009	0000.019
-00.0380	-00.0006	0000.020
-00.0402	-00.0009	0000.021
-00.0420	-00.0009	0000.022
-00.0441	-00.0015	0000.023
-00.0460	-00.0009	0000.024
-00.0478	-00.0012	0000.025
-00.0502	-00.0009	0000.026
-00.0521	-00.0006	0000.027
-00.0542	-00.0006	0000.028
-00.0563	-00.0009	0000.029
-00.0585	-00.0012	0000.030
-00.0597	-00.0009	0000.031
-00.0618	-00.0009	0000.032
-00.0643	-00.0015	0000.033
-00.0661	-00.0009	0000.034
-00.0679	-00.0009	0000.035
-00.0698	-00.0015	0000.036
-00.0722	-00.0012	0000.037
-00.0743	-00.0012	0000.038
-00.0762	-00.0012	0000.039
-00.0780	-00.0009	0000.040
-00.0798	-00.0015	0000.041
-00.0820	-00.0012	0000.042
-00.0841	-00.0012	0000.043
-00.0859	-00.0018	0000.044
-00.0884	-00.0009	0000.045
-00.0896	-00.0015	0000.046
-00.0920	-00.0012	0000.047
-00.0942	-00.0012	0000.048
-00.0960	-00.0012	0000.049
-00.0982	-00.0015	0000.050
-00.1000	-00.0015	0000.051
-00.1021	-00.0012	0000.052
-00.1040	-00.0015	0000.053
-00.1064	-00.0012	0000.054
-00.1076	-00.0015	0000.055
-00.1101	-00.0012	0000.056
-00.1122	-00.0015	0000.057
-00.1137	-00.0012	0000.058
-00.1162	-00.0015	0000.059
-00.1180	-00.0012	0000.060
-00.1204	-00.0015	0000.061
-00.1220	-00.0015	0000.062
-00.1241	-00.0012	0000.063
-00.1259	-00.0021	0000.064
-00.1284	-00.0012	0000.065
-00.1296	-00.0018	0000.066
-00.1323	-00.0015	0000.067
-00.1342	-00.0015	0000.068
-00.1360	-00.0012	0000.069
-00.1384	-00.0009	0000.070
-00.1403	-00.0015	0000.071
-00.1421	-00.0015	0000.072
-00.1442	-00.0012	0000.073
-00.1464	-00.0018	0000.074
-00.1479	-00.0021	0000.075
-00.1503	-00.0012	0000.076
-00.1525	-00.0018	0000.077
-00.1540	-00.0015	0000.078
-00.1564	-00.0012	0000.079
-00.1580	-00.0018	0000.080
-00.1601	-00.0018	0000.081
-00.1619	-00.0018	0000.082
-00.1641	-00.0015	0000.083
-00.1662	-00.0018	0000.084
-00.1683	-00.0015	0000.085
-00.1702	-00.0012	0000.086
-00.1723	-00.0018	0000.087
-00.1744	-00.0012	0000.088
-00.1760	-00.0018	0000.089
-00.1784	-00.0015	0000.090
-00.1802	-00.0018	0000.091
-00.1821	-00.0018	0000.092
-00.1839	-00.0018	0000.093
-00.1860	-00.0021	0000.094
-00.1882	-00.0021	0000.095
-00.1903	-00.0021	0000.096
-00.1921	-00.0015	0000.097
-00.1943	-00.0018	0000.098
-00.1958	-00.0015	0000.099
-00.1976	-00.0015	0000.100
-00.1998	-00.0015	0000.101
-00.2019	-00.0015	0000.102
-00.2040	-00.0018	0000.103
-00.2059	-00.0018	0000.104
-00.2086	-00.0015	0000.105
-00.2105	-00.0018	0000.106
-00.2117	-00.0018	0000.107
-00.2144	-00.0018	0000.108
-00.2160	-00.0015	0000.109
-00.2178	-00.0021	0000.110
-00.2205	-00.0015	0000.111
-00.2224	-00.0015	0000.112
-00.2239	-00.0018	0000.113
-00.2263	-00.0018	0000.114
-00.2282	-00.0018	0000.115
-00.2300	-00.0018	0000.116
-00.2324	-00.0015	0000.117
-00.2337	-00.0021	0000.118
-00.2361	-00.0021	0000.119
-00.2379	-00.0021	0000.120
-00.2401	-00.0018	0000.121
-00.2419	-00.0021	0000.122
-00.2443	-00.0018	0000.123
-00.2459	-00.0015	0000.124
-00.2483	-00.0021	0000.125
-00.2501	-00.0018	0000.126
-00.2523	-00.0021	0000.127
-00.2544	-00.0018	0000.128
-00.2562	-00.0018	0000.129
-00.2584	-00.0021	0000.130
-00.2602	-00.0021	0000.131
-00.2623	-00.0021	0000.132
-00.2642	-00.0018	0000.133
-00.2666	-00.0021	0000.134
-00.2684	-00.0018	0000.135
-00.2700	-00.0015	0000.136
-00.2721	-00.0021	0000.137
-00.2742	-00.0021	0000.138
-00.2764	-00.0021	0000.139
-00.2782	-00.0021	0000.140
-00.2803	-00.0018	0000.141
-00.2828	-00.0024	0000.142
-00.2846	-00.0021	0000.143
-00.2871	-00.0021	0000.144
-00.2886	-00.0021	0000.145
-00.2901	-00.0021	0000.146
-00.2922	-00.0024	0000.147
-00.2944	-00.0021	0000.148
-00.2962	-00.0021	0000.149
-00.2983	-00.0024	0000.150
-00.3008	-00.0024	0000.151
-00.3026	-00.0021	0000.152
-00.3041	-00.0024	0000.153
-00.3063	-00.0021	0000.154
-00.3078	-00.0024	0000.155
-00.3103	-00.0021	0000.156
-00.3124	-00.0024	0000.157
-00.3142	-00.0021	0000.158
-00.3160	-00.0021	0000.159
-00.3182	-00.0024	0000.160
-00.3203	-00.0024	0000.161
-00.3222	-00.0027	0000.162
-00.3246	-00.0021	0000.163
-00.3267	-00.0027	0000.164
-00.3280	-00.0021	0000.165
-00.3304	-00.0027	0000.166
-00.3325	-00.0027	0000.167
-00.3347	-00.0024	0000.168
-00.3362	-00.0030	0000.169
-00.3380	-00.0024	0000.170
-00.3402	-00.0027	0000.171
-00.3426	-00.0021	0000.172
-00.3438	-00.0021	0000.173
-00.3463	-00.0021	0000.174
-00.3487	-00.0024	0000.175
-00.3502	-00.0024	0000.176
-00.3521	-00.0024	0000.177
-00.3542	-00.0027	0000.178
-00.3566	-00.0024	0000.179
-00.3585	-00.0030	0000.180
-00.3603	-00.0027	0000.181
-00.3621	-00.0027	0000.182
-00.3643	-00.0024	0000.183
-00.3664	-00.0027	0000.184
-00.3682	-00.0027	0000.185
-00.3710	-00.0024	0000.186
-00.3722	-00.0027	0000.187
-00.3743	-00.0030	0000.188
-00.3768	-00.0027	0000.189
-00.3786	-00.0027	0000.190
-00.3807	-00.0018	0000.191
-00.3820	-00.0024	0000.192
-00.3847	-00.0021	0000.193
-00.3865	-00.0030	0000.194
-00.3887	-00.0030	0000.195
-00.3905	-00.0027	0000.196
-00.3923	-00.0030	0000.197
-00.3948	-00.0024	0000.198
-00.3963	-00.0027	0000.199
-00.3988	-00.0027	0000.200
-00.4003	-00.0027	0000.201
-00.4027	-00.0033	0000.202
-00.4045	-00.0027	0000.203
-00.4067	-00.0027	0000.204
-00.4085	-00.0027	0000.205
-00.4110	-00.0027	0000.206
-00.4122	-00.0030	0000.207
-00.4149	-00.0027	0000.208
-00.4168	-00.0030	0000.209
-00.4189	-00.0030	0000.210
-00.4204	-00.0021	0000.211
-00.4222	-00.0024	0000.212
-00.4244	-00.0030	0000.213
-00.4262	-00.0036	0000.214
-00.4284	-00.0030	0000.215
-00.4305	-00.0030	0000.216
-00.4329	-00.0033	0000.217
-00.4348	-00.0021	0000.218
-00.4366	-00.0030	0000.219
-00.4384	-00.0030	0000.220
-00.4409	-00.0027	0000.221
-00.4427	-00.0024	0000.222
-00.4442	-00.0027	0000.223
-00.4457	-00.0033	0000.224
-00.4482	-00.0030	0000.225
-00.4506	-00.0033	0000.226
-00.4528	-00.0030	0000.227
-00.4543	-00.0033	0000.228
-00.4567	-00.0030	0000.229
-00.4589	-00.0030	0000.230
-00.4604	-00.0033	0000.231
-00.4622	-00.0030	0000.232
-00.4644	-00.0033	0000.233
-00.4662	-00.0033	0000.234
-00.4683	-00.0030	0000.235
-00.4702	-00.0030	0000.236
-00.4726	-00.0033	0000.237
-00.4750	-00.0033	0000.238
-00.4766	-00.0027	0000.239
-00.4784	-00.0033	0000.240
-00.4802	-00.0033	0000.241
-00.4824	-00.0030	0000.242
-00.4845	-00.0033	0000.243
-00.4866	-00.0030	0000.244
-00.4888	-00.0030	0000.245
-00.4909	-00.0033	0000.246
-00.4927	-00.0027	0000.247
-00.4943	-00.0030	0000.248
-00.4964	-00.0036	0000.249
-00.4985	-00.0033	0000.250
-00.5007	-00.0033	0000.251
-00.5025	-00.0030	0000.252
-00.5043	-00.0036	0000.253
-00.5068	-00.0036	0000.254
-00.5083	-00.0036	0000.255
-00.5111	-00.0036	0000.256
-00.5123	-00.0036	0000.257
-00.5147	-00.0039	0000.258
-00.5162	-00.0036	0000.259
-00.5187	-00.0036	0000.260
-00.5205	-00.0033	0000.261
-00.5230	-00.0033	0000.262
-00.5239	-00.0036	0000.263
-00.5266	-00.0030	0000.264
-00.5288	-00.0039	0000.265
-00.5309	-00.0033	0000.266
-00.5324	-00.0036	0000.267
-00.5346	-00.0033	0000.268
-00.5367	-00.0030	0000.269
-00.5385	-00.0036	0000.270
-00.5410	-00.0039	0000.271
-00.5422	-00.0033	0000.272
-00.5446	-00.0033	0000.273
-00.5465	-00.0039	0000.274
-00.5483	-00.0033	0000.275
-00.5507	-00.0033	0000.276
-00.5526	-00.0033	0000.277
-00.5550	-00.0036	0000.278
-00.5565	-00.0030	0000.279
-00.5590	-00.0036	0000.280
-00.5605	-00.0036	0000.281
-00.5626	-00.0039	0000.282
-00.5651	-00.0036	0000.283
-00.5663	-00.0033	0000.284
-00.5684	-00.0033	0000.285
-00.5700	-00.0033	0000.286
-00.5727	-00.0039	0000.287
-00.5745	-00.0036	0000.288
-00.5770	-00.0039	0000.289
-00.5788	-00.0039	0000.290
-00.5803	-00.0033	0000.291
-00.5831	-00.0036	0000.292
-00.5849	-00.0039	0000.293
-00.5870	-00.0039	0000.294
-00.5889	-00.0039	0000.295
-00.5907	-00.0036	0000.296
-00.5925	-00.0036	0000.297
-00.5947	-00.0039	0000.298
-00.5968	-00.0036	0000.299
-00.5986	-00.0039	0000.300
-00.6011	-00.0039	0000.301
-00.6023	-00.0036	0000.302
-00.6050	-00.0036	0000.303
-00.6066	-00.0036	0000.304
-00.6087	-00.0042	0000.305
-00.6102	-00.0039	0000.306
-00.6124	-00.0039	0000.307
-00.6148	-00.0033	0000.308
-00.6163	-00.0039	0000.309
-00.6182	-00.0039	0000.310
-00.6203	-00.0036	0000.311
-00.6231	-00.0036	0000.312
-00.6246	-00.0042	0000.313
-00.6267	-00.0039	0000.314
-00.6289	-00.0039	0000.315
-00.6307	-00.0039	0000.316
-00.6322	-00.0039	0000.317
-00.6350	-00.0039	0000.318
-00.6365	-00.0039	0000.319
-00.6386	-00.0042	0000.320
-00.6411	-00.0042	0000.321
-00.6426	-00.0039	0000.322
-00.6450	-00.0039	0000.323
-00.6466	-00.0042	0000.324
-00.6490	-00.0042	0000.325
-00.6508	-00.0045	0000.326
-00.6527	-00.0042	0000.327
-00.6542	-00.0042	0000.328
-00.6563	-00.0042	0000.329
-00.6591	-00.0045	0000.330
-00.6609	-00.0042	0000.331
-00.6630	-00.0042	0000.332
-00.6649	-00.0042	0000.333
-00.6670	-00.0042	0000.334
-00.6685	-00.0045	0000.335
-00.6710	-00.0042	0000.336
-00.6728	-00.0039	0000.337
-00.6746	-00.0045	0000.338
-00.6768	-00.0045	0000.339
-00.6789	-00.0036	0000.340
-00.6807	-00.0045	0000.341
-00.6829	-00.0042	0000.342
-00.6850	-00.0048	0000.343
-00.6862	-00.0042	0000.344
-00.6893	-00.0045	0000.345
-00.6905	-00.0045	0000.346
-00.6929	-00.0045	0000.347
-00.6951	-00.0042	0000.348
-00.6963	-00.0045	0000.349
-00.6987	-00.0042	0000.350
-00.7006	-00.0045	0000.351
-00.7033	-00.0042	0000.352
-00.7045	-00.0048	0000.353
-00.7067	-00.0042	0000.354
-00.7085	-00.0045	0000.355
-00.7106	-00.0045	0000.356
-00.7128	-00.0042	0000.357
-00.7146	-00.0042	0000.358
-00.7170	-00.0048	0000.359
-00.7192	-00.0048	0000.360
-00.7210	-00.0045	0000.361
-00.7222	-00.0042	0000.362
-00.7250	-00.0042	0000.363
-00.7268	-00.0045	0000.364
-00.7283	-00.0052	0000.365
-00.7305	-00.0048	0000.366
-00.7329	-00.0045	0000.367
-00.7351	-00.0048	0000.368
-00.7369	-00.0048	0000.369
-00.7387	-00.0048	0000.370
-00.7412	-00.0045	0000.371
-00.7430	-00.0048	0000.372
-00.7445	-00.0048	0000.373
-00.7467	-00.0048	0000.374
-00.7488	-00.0048	0000.375
-00.7506	-00.0045	0000.376
-00.7534	-00.0048	0000.377
-00.7552	-00.0045	0000.378
-00.7570	-00.0048	0000.379
-00.7586	-00.0048	0000.380
-00.7610	-00.0045	0000.381
-00.7625	-00.0048	0000.382
-00.7653	-00.0052	0000.383
-00.7665	-00.0045	0000.384
-00.7692	-00.0045	0000.385
-00.7717	-00.0042	0000.386
-00.7729	-00.0048	0000.387
-00.7750	-00.0045	0000.388
-00.7775	-00.0045	0000.389
-00.7787	-00.0052	0000.390
-00.7808	-00.0048	0000.391
-00.7830	-00.0052	0000.392
-00.7848	-00.0048	0000.393
-00.7869	-00.0052	0000.394
-00.7894	-00.0052	0000.395
-00.7912	-00.0052	0000.396
-00.7930	-00.0048	0000.397
-00.7946	-00.0048	0000.398
-00.7970	-00.0048	0000.399
-00.7985	-00.0052	0000.400
-00.8010	-00.0052	0000.401
-00.8025	-00.0052	0000.402
-00.8052	-00.0048	0000.403
-00.8068	-00.0052	0000.404
-00.8089	-00.0048	0000.405
-00.8110	-00.0052	0000.406
-00.8129	-00.0052	0000.407
-00.8147	-00.0052	0000.408
-00.8168	-00.0048	0000.409
-00.8193	-00.0052	0000.410
-00.8208	-00.0048	0000.411
-00.8229	-00.0052	0000.412
-00.8245	-00.0048	0000.413
-00.8269	-00.0052	0000.414
-00.8284	-00.0055	0000.415
-00.8309	-00.0055	0000.416
-00.8336	-00.0048	0000.417
-00.8348	-00.0052	0000.418
-00.8370	-00.0052	0000.419
-00.8388	-00.0052	0000.420
-00.8410	-00.0048	0000.421
-00.8425	-00.0058	0000.422
-00.8452	-00.0055	0000.423
-00.8474	-00.0058	0000.424
-00.8489	-00.0052	0000.425
-00.8510	-00.0058	0000.426
-00.8532	-00.0052	0000.427
-00.8553	-00.0052	0000.428
-00.8571	-00.0052	0000.429
-00.8590	-00.0052	0000.430
-00.8611	-00.0055	0000.431
-00.8632	-00.0058	0000.432
-00.8654	-00.0052	0000.433
-00.8666	-00.0055	0000.434
-00.8693	-00.0055	0000.435
-00.8709	-00.0055	0000.436
-00.8727	-00.0055	0000.437
-00.8751	-00.0055	0000.438
-00.8773	-00.0058	0000.439
-00.8788	-00.0052	0000.440
-00.8809	-00.0058	0000.441
-00.8834	-00.0058	0000.442
-00.8852	-00.0061	0000.443
-00.8867	-00.0061	0000.444
-00.8889	-00.0058	0000.445
-00.8913	-00.0052	0000.446
-00.8925	-00.0055	0000.447
-00.8953	-00.0058	0000.448
-00.8965	-00.0055	0000.449
-00.8992	-00.0058	0000.450
-00.9011	-00.0058	0000.451
-00.9029	-00.0055	0000.452
-00.9056	-00.0055	0000.453
-00.9066	-00.0061	0000.454
-00.9090	-00.0058	0000.455
-00.9111	-00.0058	0000.456
-00.9133	-00.0058	0000.457
-00.9148	-00.0058	0000.458
-00.9169	-00.0061	0000.459
-00.9191	-00.0055	0000.460
-00.9212	-00.0061	0000.461
-00.9237	-00.0058	0000.462
-00.9252	-00.0058	0000.463
-00.9273	-00.0058	0000.464
-00.9291	-00.0058	0000.465
-00.9313	-00.0058	0000.466
-00.9331	-00.0058	0000.467
-00.9353	-00.0061	0000.468
-00.9368	-00.0055	0000.469
-00.9386	-00.0058	0000.470
-00.9414	-00.0061	0000.471
-00.9429	-00.0058	0000.472
-00.9450	-00.0061	0000.473
-00.9472	-00.0058	0000.474
-00.9490	-00.0061	0000.475
-00.9508	-00.0058	0000.476
-00.9530	-00.0058	0000.477
-00.9551	-00.0061	0000.478
-00.9572	-00.0064	0000.479
-00.9591	-00.0061	0000.480
-00.9609	-00.0064	0000.481
-00.9636	-00.0061	0000.482
-00.9652	-00.0058	0000.483
-00.9670	-00.0055	0000.484
-00.9688	-00.0061	0000.485
-00.9716	-00.0061	0000.486
-00.9728	-00.0064	0000.487
-00.9752	-00.0064	0000.488
-00.9771	-00.0064	0000.489
-00.9789	-00.0058	0000.490
-00.9813	-00.0064	0000.491
-00.9832	-00.0064	0000.492
-00.9859	-00.0067	0000.493
-00.9871	-00.0064	0000.494
-00.9890	-00.0061	0000.495
-00.9911	-00.0058	0000.496
-00.9932	-00.0061	0000.497
-00.9954	-00.0064	0000.498
-00.9969	-00.0061	0000.499
-00.9993	-00.0064	0000.500
-01.0012	-00.0058	0000.501
-01.0033	-00.0064	0000.502
-01.0048	-00.0064	0000.503
-01.0073	-00.0064	0000.504
-01.0091	-00.0064	0000.505
-01.0109	-00.0061	0000.506
-01.0131	-00.0064	0000.507
-01.0152	-00.0061	0000.508
-01.0173	-00.0067	0000.509
-01.0195	-00.0064	0000.510
-01.0213	-00.0067	0000.511
-01.0228	-00.0064	0000.512
-01.0253	-00.0067	0000.513
-01.0274	-00.0064	0000.514
-01.0295	-00.0064	0000.515
-01.0311	-00.0067	0000.516
-01.0332	-00.0064	0000.517
-01.0353	-00.0064	0000.518
-01.0372	-00.0067	0000.519
-01.0393	-00.0067	0000.520
-01.0415	-00.0067	0000.521
-01.0433	-00.0067	0000.522
-01.0454	-00.0067	0000.523
-01.0469	-00.0067	0000.524
-01.0491	-00.0067	0000.525
-01.0512	-00.0067	0000.526
-01.0534	-00.0064	0000.527
-01.0555	-00.0064	0000.528
-01.0573	-00.0064	0000.529
-01.0592	-00.0070	0000.530
-01.0613	-00.0067	0000.531
-01.0634	-00.0070	0000.532
-01.0653	-00.0067	0000.533
-01.0671	-00.0067	0000.534
-01.0695	-00.0070	0000.535
-01.0714	-00.0064	0000.536
-01.0732	-00.0067	0000.537
-01.0750	-00.0067	0000.538
-01.0778	-00.0070	0000.539
-01.0793	-00.0070	0000.540
-01.0808	-00.0070	0000.541
-01.0833	-00.0067	0000.542
-01.0854	-00.0070	0000.543
-01.0869	-00.0070	0000.544
-01.0897	-00.0067	0000.545
-01.0912	-00.0067	0000.546
-01.0933	-00.0067	0000.547
-01.0955	-00.0073	0000.548
-01.0970	-00.0067	0000.549
-01.0991	-00.0067	0000.550
-01.1016	-00.0070	0000.551
-01.1028	-00.0067	0000.552
-01.1052	-00.0073	0000.553
-01.1074	-00.0070	0000.554
-01.1098	-00.0070	0000.555
-01.1113	-00.0070	0000.556
-01.1135	-00.0070	0000.557
-01.1156	-00.0070	0000.558
-01.1171	-00.0073	0000.559
-01.1193	-00.0070	0000.560
-01.1208	-00.0073	0000.561
-01.1232	-00.0073	0000.562
-01.1248	-00.0076	0000.563
-01.1275	-00.0070	0000.564
-01.1290	-00.0070	0000.565
-01.1312	-00.0067	0000.566
-01.1330	-00.0076	0000.567
-01.1348	-00.0073	0000.568
-01.1376	-00.0073	0000.569
-01.1388	-00.0067	0000.570
-01.1412	-00.0070	0000.571
-01.1431	-00.0076	0000.572
-01.1455	-00.0067	0000.573
-01.1473	-00.0076	0000.574
-01.1495	-00.0073	0000.575
-01.1519	-00.0070	0000.576
-01.1535	-00.0073	0000.577
-01.1556	-00.0073	0000.578
-01.1568	-00.0076	0000.579
-01.1599	-00.0076	0000.580
-01.1614	-00.0076	0000.581
-01.1632	-00.0073	0000.582
-01.1650	-00.0076	0000.583
-01.1672	-00.0076	0000.584
-01.1687	-00.0076	0000.585
-01.1715	-00.0076	0000.586
-01.1736	-00.0073	0000.587
-01.1754	-00.0073	0000.588
-01.1773	-00.0076	0000.589
-01.1794	-00.0073	0000.590
-01.1812	-00.0079	0000.591
-01.1834	-00.0073	0000.592
-01.1852	-00.0073	0000.593
-01.1876	-00.0073	0000.594
-01.1895	-00.0073	0000.595
-01.1916	-00.0076	0000.596
-01.1934	-00.0073	0000.597
-01.1953	-00.0079	0000.598
-01.1974	-00.0073	0000.599
-01.1995	-00.0079	0000.600
-01.2014	-00.0082	0000.601
-01.2032	-00.0076	0000.602
-01.2056	-00.0076	0000.603
-01.2075	-00.0076	0000.604
-01.2093	-00.0079	0000.605
-01.2111	-00.0076	0000.606
-01.2136	-00.0076	0000.607
-01.2154	-00.0076	0000.608
-01.2178	-00.0076	0000.609
-01.2197	-00.0079	0000.610
-01.2212	-00.0079	0000.611
-01.2236	-00.0076	0000.612
-01.2255	-00.0079	0000.613
-01.2276	-00.0079	0000.614
-01.2291	-00.0079	0000.615
-01.2316	-00.0073	0000.616
-01.2331	-00.0079	0000.617
-01.2358	-00.0076	0000.618
-01.2374	-00.0082	0000.619
-01.2395	-00.0076	0000.620
-01.2416	-00.0076	0000.621
-01.2435	-00.0079	0000.622
-01.2456	-00.0079	0000.623
-01.2474	-00.0082	0000.624
-01.2493	-00.0079	0000.625
-01.2514	-00.0082	0000.626
-01.2535	-00.0079	0000.627
-01.2557	-00.0082	0000.628
-01.2575	-00.0082	0000.629
-01.2600	-00.0082	0000.630
-01.2612	-00.0082	0000.631
-01.2636	-00.0079	0000.632
-01.2655	-00.0085	0000.633
-01.2676	-00.0082	0000.634
-01.2694	-00.0082	0000.635
-01.2712	-00.0082	0000.636
-01.2734	-00.0082	0000.637
-01.2758	-00.0082	0000.638
-01.2777	-00.0082	0000.639
-01.2798	-00.0085	0000.640
-01.2819	-00.0079	0000.641
-01.2838	-00.0085	0000.642
-01.2856	-00.0082	0000.643
-01.2874	-00.0082	0000.644
-01.2899	-00.0082	0000.645
-01.2917	-00.0085	0000.646
-01.2935	-00.0085	0000.647
-01.2957	-00.0085	0000.648
-01.2975	-00.0085	0000.649
-01.2996	-00.0088	0000.650
-01.3018	-00.0079	0000.651
-01.3033	-00.0085	0000.652
-01.3054	-00.0082	0000.653
-01.3076	-00.0079	0000.654
-01.3088	-00.0082	0000.655
-01.3121	-00.0082	0000.656
-01.3134	-00.0088	0000.657
-01.3155	-00.0082	0000.658
-01.3176	-00.0085	0000.659
-01.3192	-00.0085	0000.660
-01.3219	-00.0085	0000.661
-01.3234	-00.0088	0000.662
-01.3259	-00.0082	0000.663
-01.3274	-00.0088	0000.664
-01.3298	-00.0085	0000.665
-01.3317	-00.0082	0000.666
-01.3338	-00.0085	0000.667
-01.3359	-00.0082	0000.668
-01.3375	-00.0088	0000.669
-01.3396	-00.0085	0000.670
-01.3417	-00.0085	0000.671
-01.3436	-00.0085	0000.672
-01.3457	-00.0088	0000.673
-01.3475	-00.0088	0000.674
-01.3494	-00.0088	0000.675
-01.3512	-00.0088	0000.676
-01.3543	-00.0088	0000.677
-01.3555	-00.0088	0000.678
-01.3582	-00.0085	0000.679
-01.3594	-00.0088	0000.680
-01.3616	-00.0088	0000.681
-01.3637	-00.0085	0000.682
-01.3659	-00.0088	0000.683
-01.3674	-00.0088	0000.684
-01.3695	-00.0088	0000.685
-01.3717	-00.0085	0000.686
-01.3741	-00.0085	0000.687
-01.3756	-00.0088	0000.688
-01.3774	-00.0091	0000.689
-01.3802	-00.0088	0000.690
-01.3820	-00.0088	0000.691
-01.3842	-00.0091	0000.692
-01.3857	-00.0088	0000.693
-01.3875	-00.0094	0000.694
-01.3900	-00.0091	0000.695
-01.3918	-00.0091	0000.696
-01.3936	-00.0091	0000.697
-01.3955	-00.0088	0000.698
-01.3979	-00.0088	0000.699
-01.4000	-00.0091	0000.700
-01.4019	-00.0088	0000.701
-01.4040	-00.0088	0000.702
-01.4058	-00.0091	0000.703
-01.4077	-00.0088	0000.704
-01.4098	-00.0088	0000.705
-01.4116	-00.0088	0000.706
-01.4135	-00.0091	0000.707
-01.4159	-00.0088	0000.708
-01.4174	-00.0085	0000.709
-01.4196	-00.0091	0000.710
-01.4214	-00.0088	0000.711
-01.4235	-00.0088	0000.712
-01.4260	-00.0088	0000.713
-01.4278	-00.0088	0000.714
-01.4296	-00.0094	0000.715
-01.4318	-00.0094	0000.716
-01.4342	-00.0091	0000.717
-01.4354	-00.0091	0000.718
-01.4376	-00.0091	0000.719
-01.4400	-00.0091	0000.720
-01.4418	-00.0094	0000.721
-01.4443	-00.0094	0000.722
-01.4461	-00.0097	0000.723
-01.4483	-00.0094	0000.724
-01.4498	-00.0094	0000.725
-01.4516	-00.0094	0000.726
-01.4537	-00.0094	0000.727
-01.4559	-00.0091	0000.728
-01.4583	-00.0097	0000.729
-01.4595	-00.0094	0000.730
-01.4620	-00.0094	0000.731
-01.4635	-00.0094	0000.732
-01.4660	-00.0094	0000.733
-01.4678	-00.0094	0000.734
-01.4699	-00.0094	0000.735
-01.4717	-00.0097	0000.736
-01.4736	-00.0097	0000.737
-01.4754	-00.0091	0000.738
-01.4782	-00.0094	0000.739
-01.4797	-00.0097	0000.740
-01.4818	-00.0097	0000.741
-01.4840	-00.0097	0000.742
-01.4861	-00.0097	0000.743
-01.4879	-00.0094	0000.744
-01.4898	-00.0094	0000.745
-01.4922	-00.0097	0000.746
-01.4940	-00.0097	0000.747
-01.4956	-00.0094	0000.748
-01.4977	-00.0097	0000.749
-01.4998	-00.0097	0000.750
-01.5023	-00.0100	0000.751
-01.5038	-00.0094	0000.752
-01.5065	-00.0097	0000.753
-01.5078	-00.0094	0000.754
-01.5099	-00.0097	0000.755
-01.5117	-00.0100	0000.756
-01.5142	-00.0094	0000.757
-01.5151	-00.0100	0000.758
-01.5178	-00.0100	0000.759
-01.5200	-00.0100	0000.760
-01.5218	-00.0097	0000.761
-01.5242	-00.0103	0000.762
-01.5255	-00.0097	0000.763
-01.5279	-00.0097	0000.764
-01.5300	-00.0100	0000.765
-01.5319	-00.0094	0000.766
-01.5340	-00.0097	0000.767
-01.5358	-00.0100	0000.768
-01.5377	-00.0097	0000.769
-01.5395	-00.0103	0000.770
-01.5419	-00.0103	0000.771
-01.5441	-00.0097	0000.772
-01.5459	-00.0097	0000.773
-01.5477	-00.0097	0000.774
-01.5502	-00.0097	0000.775
-01.5514	-00.0100	0000.776
-01.5535	-00.0100	0000.777
-01.5563	-00.0097	0000.778
-01.5581	-00.0100	0000.779
-01.5602	-00.0100	0000.780
-01.5624	-00.0100	0000.781
-01.5636	-00.0100	0000.782
-01.5657	-00.0103	0000.783
-01.5679	-00.0103	0000.784
-01.5694	-00.0103	0000.785
-01.5718	-00.0103	0000.786
-01.5740	-00.0103	0000.787
-01.5761	-00.0100	0000.788
-01.5786	-00.0097	0000.789
-01.5801	-00.0100	0000.790
-01.5819	-00.0103	0000.791
-01.5837	-00.0100	0000.792
-01.5859	-00.0103	0000.793
-01.5883	-00.0109	0000.794
-01.5899	-00.0100	0000.795
-01.5920	-00.0103	0000.796
-01.5938	-00.0106	0000.797
-01.5960	-00.0103	0000.798
-01.5975	-00.0100	0000.799
-01.6005	-00.0106	0000.800
-01.6021	-00.0106	0000.801
-01.6036	-00.0103	0000.802
-01.6060	-00.0109	0000.803
-01.6085	-00.0106	0000.804
-01.6100	-00.0103	0000.805
-01.6118	-00.0100	0000.806
-01.6143	-00.0106	0000.807
-01.6161	-00.0103	0000.808
-01.6176	-00.0106	0000.809
-01.6201	-00.0106	0000.810
-01.6225	-00.0106	0000.811
-01.6240	-00.0106	0000.812
-01.6259	-00.0106	0000.813
-01.6280	-00.0109	0000.814
-01.6301	-00.0106	0000.815
-01.6317	-00.0106	0000.816
-01.6335	-00.0106	0000.817
-01.6368	-00.0106	0000.818
-01.6381	-00.0103	0000.819
-01.6405	-00.0109	0000.820
-01.6420	-00.0109	0000.821
-01.6433	-00.0106	0000.822
-01.6460	-00.0109	0000.823
-01.6484	-00.0106	0000.824
-01.6503	-00.0103	0000.825
-01.6521	-00.0106	0000.826
-01.6539	-00.0113	0000.827
-01.6561	-00.0106	0000.828
-01.6582	-00.0113	0000.829
-01.6597	-00.0106	0000.830
-01.6619	-00.0106	0000.831
-01.6640	-00.0106	0000.832
-01.6665	-00.0109	0000.833
-01.6683	-00.0113	0000.834
-01.6707	-00.0109	0000.835
-01.6726	-00.0113	0000.836
-01.6741	-00.0106	0000.837
-01.6762	-00.0106	0000.838
-01.6784	-00.0113	0000.839
-01.6802	-00.0109	0000.840
-01.6820	-00.0109	0000.841
-01.6842	-00.0113	0000.842
-01.6863	-00.0109	0000.843
-01.6881	-00.0113	0000.844
-01.6906	-00.0113	0000.845
-01.6921	-00.0113	0000.846
-01.6945	-00.0113	0000.847
-01.6964	-00.0109	0000.848
-01.6985	-00.0113	0000.849
-01.7000	-00.0113	0000.850
-01.7019	-00.0113	0000.851
-01.7040	-00.0113	0000.852
-01.7055	-00.0113	0000.853
-01.7080	-00.0116	0000.854
-01.7104	-00.0113	0000.855
-01.7125	-00.0113	0000.856
-01.7141	-00.0113	0000.857
-01.7165	-00.0116	0000.858
-01.7186	-00.0113	0000.859
-01.7202	-00.0116	0000.860
-01.7226	-00.0113	0000.861
-01.7235	-00.0113	0000.862
-01.7257	-00.0113	0000.863
-01.7281	-00.0116	0000.864
-01.7302	-00.0113	0000.865
-01.7324	-00.0116	0000.866
-01.7348	-00.0116	0000.867
-01.7363	-00.0116	0000.868
-01.7382	-00.0113	0000.869
-01.7394	-00.0113	0000.870
-01.7418	-00.0116	0000.871
-01.7443	-00.0113	0000.872
-01.7461	-00.0113	0000.873
-01.7482	-00.0119	0000.874
-01.7501	-00.0116	0000.875
-01.7525	-00.0116	0000.876
-01.7540	-00.0119	0000.877
-01.7562	-00.0119	0000.878
-01.7577	-00.0109	0000.879
-01.7608	-00.0113	0000.880
-01.7620	-00.0116	0000.881
-01.7641	-00.0122	0000.882
-01.7659	-00.0116	0000.883
-01.7681	-00.0119	0000.884
-01.7702	-00.0119	0000.885
-01.7720	-00.0116	0000.886
-01.7748	-00.0119	0000.887
-01.7760	-00.0119	0000.888
-01.7785	-00.0116	0000.889
-01.7800	-00.0119	0000.890
-01.7821	-00.0119	0000.891
-01.7839	-00.0116	0000.892
-01.7861	-00.0119	0000.893
-01.7882	-00.0116	0000.894
-01.7904	-00.0119	0000.895
-01.7925	-00.0119	0000.896
-01.7943	-00.0119	0000.897
-01.7968	-00.0119	0000.898
-01.7983	-00.0119	0000.899
-01.8007	-00.0116	0000.900
-01.8026	-00.0119	0000.901
-01.8041	-00.0122	0000.902
-01.8062	-00.0122	0000.903
-01.8084	-00.0125	0000.904
-01.8105	-00.0119	0000.905
-01.8123	-00.0122	0000.906
-01.8142	-00.0122	0000.907
-01.8163	-00.0119	0000.908
-01.8184	-00.0122	0000.909
-01.8206	-00.0119	0000.910
-01.8221	-00.0122	0000.911
-01.8248	-00.0122	0000.912
-01.8261	-00.0122	0000.913
-01.8282	-00.0125	0000.914
-01.8306	-00.0119	0000.915
-01.8325	-00.0125	0000.916
-01.8343	-00.0125	0000.917
-01.8364	-00.0122	0000.918
-01.8383	-00.0122	0000.919
-01.8401	-00.0122	0000.920
-01.8425	-00.0119	0000.921
-01.8444	-00.0122	0000.922
-01.8462	-00.0125	0000.923
-01.8480	-00.0122	0000.924
-01.8505	-00.0119	0000.925
-01.8523	-00.0125	0000.926
-01.8547	-00.0122	0000.927
-01.8563	-00.0119	0000.928
-01.8587	-00.0125	0000.929
-01.8605	-00.0122	0000.930
-01.8621	-00.0122	0000.931
-01.8648	-00.0125	0000.932
-01.8663	-00.0125	0000.933
-01.8679	-00.0122	0000.934
-01.8703	-00.0128	0000.935
-01.8727	-00.0128	0000.936
-01.8743	-00.0125	0000.937
-01.8764	-00.0125	0000.938
-01.8785	-00.0125	0000.939
-01.8804	-00.0125	0000.940
-01.8825	-00.0128	0000.941
-01.8843	-00.0128	0000.942
-01.8868	-00.0131	0000.943
-01.8886	-00.0125	0000.944
-01.8905	-00.0122	0000.945
-01.8923	-00.0131	0000.946
-01.8944	-00.0125	0000.947
-01.8972	-00.0128	0000.948
-01.8987	-00.0125	0000.949
-01.9002	-00.0128	0000.950
-01.9027	-00.0128	0000.951
-01.9045	-00.0131	0000.952
-01.9066	-00.0128	0000.953
-01.9078	-00.0131	0000.954
-01.9103	-00.0128	0000.955
-01.9127	-00.0128	0000.956
-01.9146	-00.0128	0000.957
-01.9164	-00.0125	0000.958
-01.9188	-00.0131	0000.959
-01.9204	-00.0125	0000.960
-01.9228	-00.0125	0000.961
-01.9243	-00.0128	0000.962
-01.9268	-00.0128	0000.963
-01.9283	-00.0131	0000.964
-01.9310	-00.0125	0000.965
-01.9323	-00.0128	0000.966
-01.9344	-00.0128	0000.967
-01.9368	-00.0131	0000.968
-01.9390	-00.0125	0000.969
-01.9411	-00.0131	0000.970
-01.9420	-00.0128	0000.971
-01.9448	-00.0131	0000.972
-01.9469	-00.0128	0000.973
-01.9484	-00.0131	0000.974
-01.9503	-00.0128	0000.975
-01.9530	-00.0131	0000.976
-01.9545	-00.0134	0000.977
-01.9573	-00.0131	0000.978
-01.9585	-00.0131	0000.979
-01.9606	-00.0134	0000.980
-01.9625	-00.0137	0000.981
-01.9646	-00.0128	0000.982
-01.9667	-00.0131	0000.983
-01.9686	-00.0131	0000.984
-01.9701	-00.0134	0000.985
-01.9722	-00.0131	0000.986
-01.9744	-00.0131	0000.987
-01.9768	-00.0131	0000.988
-01.9786	-00.0131	0000.989
-01.9805	-00.0134	0000.990
-01.9826	-00.0134	0000.991
-01.9847	-00.0134	0000.992
-01.9860	-00.0134	0000.993
-01.9887	-00.0131	0000.994
-01.9905	-00.0134	0000.995
-01.9927	-00.0134	0000.996
-01.9948	-00.0134	0000.997
-01.9967	-00.0137	0000.998
-01.9991	-00.0134	0000.999
-02.0006	-00.0134	0001.000
-02.0028	-00.0134	0001.001
-02.0049	-00.0131	0001.002
-02.0067	-00.0137	0001.003
-02.0086	-00.0131	0001.004
-02.0104	-00.0137	0001.005
-02.0131	-00.0137	0001.006
-02.0147	-00.0131	0001.007
-02.0165	-00.0134	0001.008
-02.0183	-00.0137	0001.009
-02.0211	-00.0131	0001.010
-02.0226	-00.0134	0001.011
-02.0247	-00.0140	0001.012
-02.0266	-00.0140	0001.013
-02.0290	-00.0134	0001.014
-02.0308	-00.0134	0001.015
-02.0330	-00.0140	0001.016
-02.0348	-00.0137	0001.017
-02.0363	-00.0137	0001.018
-02.0388	-00.0140	0001.019
-02.0406	-00.0137	0001.020
-02.0427	-00.0140	0001.021
-02.0443	-00.0140	0001.022
-02.0470	-00.0140	0001.023
-02.0488	-00.0137	0001.024
-02.0504	-00.0140	0001.025
-02.0528	-00.0137	0001.026
-02.0546	-00.0140	0001.027
-02.0565	-00.0140	0001.028
-02.0589	-00.0140	0001.029
-02.0610	-00.0137	0001.030
-02.0620	-00.0143	0001.031
-02.0647	-00.0140	0001.032
-02.0671	-00.0140	0001.033
-02.0687	-00.0146	0001.034
-02.0708	-00.0140	0001.035
-02.0723	-00.0137	0001.036
-02.0748	-00.0140	0001.037
-02.0763	-00.0140	0001.038
-02.0787	-00.0140	0001.039
-02.0809	-00.0143	0001.040
-02.0830	-00.0143	0001.041
-02.0845	-00.0140	0001.042
-02.0870	-00.0140	0001.043
-02.0888	-00.0143	0001.044
-02.0906	-00.0143	0001.045
-02.0931	-00.0140	0001.046
-02.0949	-00.0143	0001.047
-02.0964	-00.0140	0001.048
-02.0989	-00.0143	0001.049
-02.1007	-00.0140	0001.050
-02.1032	-00.0143	0001.051
-02.1047	-00.0143	0001.052
-02.1068	-00.0146	0001.053
-02.1090	-00.0146	0001.054
-02.1111	-00.0143	0001.055
-02.1129	-00.0143	0001.056
-02.1141	-00.0143	0001.057
-02.1169	-00.0143	0001.058
-02.1193	-00.0143	0001.059
-02.1209	-00.0140	0001.060
-02.1230	-00.0146	0001.061
-02.1248	-00.0143	0001.062
-02.1267	-00.0146	0001.063
-02.1288	-00.0143	0001.064
-02.1309	-00.0140	0001.065
-02.1331	-00.0143	0001.066
-02.1349	-00.0143	0001.067
-02.1373	-00.0143	0001.068
-02.1386	-00.0146	0001.069
-02.1413	-00.0146	0001.070
-02.1428	-00.0143	0001.071
-02.1444	-00.0146	0001.072
-02.1471	-00.0143	0001.073
-02.1492	-00.0143	0001.074
-02.1511	-00.0149	0001.075
-02.1526	-00.0149	0001.076
-02.1547	-00.0149	0001.077
-02.1563	-00.0146	0001.078
-02.1590	-00.0146	0001.079
-02.1608	-00.0149	0001.080
-02.1630	-00.0146	0001.081
-02.1648	-00.0152	0001.082
-02.1669	-00.0146	0001.083
-02.1688	-00.0149	0001.084
-02.1709	-00.0149	0001.085
-02.1727	-00.0149	0001.086
-02.1746	-00.0146	0001.087
-02.1767	-00.0149	0001.088
-02.1785	-00.0146	0001.089
-02.1807	-00.0149	0001.090
-02.1828	-00.0149	0001.091
-02.1849	-00.0146	0001.092
-02.1868	-00.0152	0001.093
-02.1886	-00.0152	0001.094
-02.1914	-00.0152	0001.095
-02.1923	-00.0149	0001.096
-02.1950	-00.0149	0001.097
-02.1972	-00.0152	0001.098
-02.1990	-00.0149	0001.099
-02.2005	-00.0152	0001.100
-02.2026	-00.0149	0001.101
-02.2048	-00.0152	0001.102
-02.2069	-00.0152	0001.103
-02.2091	-00.0152	0001.104
-02.2109	-00.0149	0001.105
-02.2127	-00.0152	0001.106
-02.2149	-00.0149	0001.107
-02.2173	-00.0152	0001.108
-02.2188	-00.0155	0001.109
-02.2207	-00.0152	0001.110
-02.2225	-00.0155	0001.111
-02.2249	-00.0152	0001.112
-02.2271	-00.0152	0001.113
-02.2289	-00.0155	0001.114
-02.2304	-00.0152	0001.115
-02.2335	-00.0155	0001.116
-02.2350	-00.0155	0001.117
-02.2365	-00.0155	0001.118
-02.2396	-00.0155	0001.119
-02.2414	-00.0155	0001.120
-02.2429	-00.0152	0001.121
-02.2451	-00.0155	0001.122
-02.2472	-00.0152	0001.123
-02.2484	-00.0155	0001.124
-02.2512	-00.0155	0001.125
-02.2527	-00.0155	0001.126
-02.2551	-00.0155	0001.127
-02.2573	-00.0161	0001.128
-02.2594	-00.0155	0001.129
-02.2609	-00.0158	0001.130
-02.2634	-00.0158	0001.131
-02.2649	-00.0152	0001.132
-02.2667	-00.0155	0001.133
-02.2689	-00.0155	0001.134
-02.2710	-00.0158	0001.135
-02.2728	-00.0155	0001.136
-02.2747	-00.0158	0001.137
-02.2771	-00.0149	0001.138
-02.2786	-00.0155	0001.139
-02.2811	-00.0158	0001.140
-02.2829	-00.0155	0001.141
-02.2847	-00.0155	0001.142
-02.2869	-00.0158	0001.143
-02.2890	-00.0161	0001.144
-02.2908	-00.0158	0001.145
-02.2933	-00.0161	0001.146
-02.2951	-00.0155	0001.147
-02.2972	-00.0161	0001.148
-02.2988	-00.0158	0001.149
-02.3009	-00.0158	0001.150
-02.3037	-00.0161	0001.151
-02.3046	-00.0158	0001.152
-02.3073	-00.0161	0001.153
-02.3092	-00.0164	0001.154
-02.3110	-00.0164	0001.155
-02.3134	-00.0158	0001.156
-02.3153	-00.0164	0001.157
-02.3168	-00.0161	0001.158
-02.3189	-00.0161	0001.159
-02.3214	-00.0158	0001.160
-02.3232	-00.0161	0001.161
-02.3250	-00.0158	0001.162
-02.3269	-00.0161	0001.163
-02.3290	-00.0164	0001.164
-02.3311	-00.0161	0001.165
-02.3333	-00.0161	0001.166
-02.3351	-00.0158	0001.167
-02.3366	-00.0164	0001.168
-02.3394	-00.0164	0001.169
-02.3409	-00.0164	0001.170
-02.3433	-00.0164	0001.171
-02.3455	-00.0164	0001.172
-02.3473	-00.0164	0001.173
-02.3491	-00.0161	0001.174
-02.3510	-00.0164	0001.175
-02.3531	-00.0167	0001.176
-02.3555	-00.0161	0001.177
-02.3574	-00.0161	0001.178
-02.3592	-00.0161	0001.179
-02.3613	-00.0161	0001.180
-02.3632	-00.0164	0001.181
-02.3647	-00.0161	0001.182
-02.3674	-00.0167	0001.183
-02.3690	-00.0164	0001.184
-02.3708	-00.0171	0001.185
-02.3732	-00.0167	0001.186
-02.3754	-00.0164	0001.187
-02.3769	-00.0164	0001.188
-02.3793	-00.0164	0001.189
-02.3815	-00.0164	0001.190
-02.3836	-00.0164	0001.191
-02.3851	-00.0167	0001.192
-02.3873	-00.0171	0001.193
-02.3897	-00.0167	0001.194
-02.3912	-00.0167	0001.195
-02.3934	-00.0167	0001.196
-02.3946	-00.0167	0001.197
-02.3973	-00.0171	0001.198
-02.3989	-00.0164	0001.199
-02.4007	-00.0167	0001.200
-02.4031	-00.0164	0001.201
-02.4050	-00.0171	0001.202
-02.4071	-00.0167	0001.203
-02.4086	-00.0171	0001.204
-02.4117	-00.0171	0001.205
-02.4132	-00.0167	0001.206
-02.4144	-00.0171	0001.207
-02.4172	-00.0171	0001.208
-02.4196	-00.0171	0001.209
-02.4205	-00.0167	0001.210
-02.4230	-00.0171	0001.211
-02.4251	-00.0167	0001.212
-02.4273	-00.0171	0001.213
-02.4288	-00.0171	0001.214
-02.4309	-00.0171	0001.215
-02.4334	-00.0167	0001.216
-02.4346	-00.0174	0001.217
-02.4370	-00.0174	0001.218
-02.4392	-00.0164	0001.219
-02.4416	-00.0174	0001.220
-02.4434	-00.0171	0001.221
-02.4453	-00.0174	0001.222
-02.4468	-00.0167	0001.223
-02.4489	-00.0171	0001.224
-02.4511	-00.0171	0001.225
-02.4532	-00.0171	0001.226
-02.4556	-00.0174	0001.227
-02.4569	-00.0171	0001.228
-02.4596	-00.0177	0001.229
-02.4614	-00.0167	0001.230
-02.4630	-00.0171	0001.231
-02.4654	-00.0174	0001.232
-02.4672	-00.0174	0001.233
-02.4688	-00.0174	0001.234
-02.4712	-00.0171	0001.235
-02.4730	-00.0174	0001.236
-02.4755	-00.0171	0001.237
-02.4776	-00.0177	0001.238
-02.4791	-00.0174	0001.239
-02.4816	-00.0171	0001.240
-02.4831	-00.0177	0001.241
-02.4852	-00.0177	0001.242
-02.4868	-00.0177	0001.243
-02.4886	-00.0177	0001.244
-02.4913	-00.0174	0001.245
-02.4935	-00.0174	0001.246
-02.4947	-00.0177	0001.247
-02.4971	-00.0171	0001.248
-02.4993	-00.0177	0001.249
-02.5014	-00.0177	0001.250
-02.5032	-00.0174	0001.251
-02.5051	-00.0177	0001.252
-02.5072	-00.0177	0001.253
-02.5093	-00.0180	0001.254
-02.5112	-00.0177	0001.255
-02.5136	-00.0177	0001.256
-02.5158	-00.0180	0001.257
-02.5173	-00.0174	0001.258
-02.5200	-00.0177	0001.259
-02.5209	-00.0180	0001.260
-02.5231	-00.0180	0001.261
-02.5252	-00.0177	0001.262
-02.5270	-00.0180	0001.263
-02.5289	-00.0180	0001.264
-02.5310	-00.0180	0001.265
-02.5328	-00.0183	0001.266
-02.5356	-00.0180	0001.267
-02.5374	-00.0177	0001.268
-02.5393	-00.0180	0001.269
-02.5411	-00.0180	0001.270
-02.5432	-00.0177	0001.271
-02.5454	-00.0183	0001.272
-02.5472	-00.0177	0001.273
-02.5496	-00.0183	0001.274
-02.5509	-00.0183	0001.275
-02.5533	-00.0183	0001.276
-02.5554	-00.0183	0001.277
-02.5566	-00.0186	0001.278
-02.5594	-00.0177	0001.279
-02.5609	-00.0183	0001.280
-02.5637	-00.0183	0001.281
-02.5649	-00.0183	0001.282
-02.5676	-00.0186	0001.283
-02.5692	-00.0183	0001.284
-02.5716	-00.0183	0001.285
-02.5734	-00.0186	0001.286
-02.5750	-00.0180	0001.287
-02.5771	-00.0186	0001.288
-02.5789	-00.0180	0001.289
-02.5814	-00.0180	0001.290
-02.5829	-00.0183	0001.291
-02.5850	-00.0183	0001.292
-02.5869	-00.0186	0001.293
-02.5899	-00.0180	0001.294
-02.5911	-00.0186	0001.295
-02.5924	-00.0180	0001.296
-02.5954	-00.0186	0001.297
-02.5975	-00.0183	0001.298
-02.5997	-00.0186	0001.299
-02.6012	-00.0186	0001.300
-02.6036	-00.0183	0001.301
-02.6052	-00.0186	0001.302
-02.6076	-00.0183	0001.303
-02.6091	-00.0183	0001.304
-02.6119	-00.0186	0001.305
-02.6137	-00.0183	0001.306
-02.6149	-00.0186	0001.307
-02.6180	-00.0180	0001.308
-02.6192	-00.0183	0001.309
-02.6207	-00.0186	0001.310
-02.6238	-00.0186	0001.311
-02.6250	-00.0186	0001.312
-02.6271	-00.0189	0001.313
-02.6299	-00.0189	0001.314
-02.6317	-00.0189	0001.315
-02.6332	-00.0189	0001.316
-02.6357	-00.0189	0001.317
-02.6375	-00.0192	0001.318
-02.6390	-00.0186	0001.319
-02.6412	-00.0186	0001.320
-02.6436	-00.0192	0001.321
-02.6451	-00.0189	0001.322
-02.6473	-00.0189	0001.323
-02.6491	-00.0189	0001.324
-02.6516	-00.0189	0001.325
-02.6528	-00.0192	0001.326
-02.6555	-00.0189	0001.327
-02.6577	-00.0192	0001.328
-02.6595	-00.0189	0001.329
-02.6616	-00.0189	0001.330
-02.6625	-00.0195	0001.331
-02.6653	-00.0189	0001.332
-02.6674	-00.0192	0001.333
-02.6696	-00.0192	0001.334
-02.6711	-00.0189	0001.335
-02.6735	-00.0189	0001.336
-02.6757	-00.0192	0001.337
-02.6772	-00.0192	0001.338
-02.6796	-00.0195	0001.339
-02.6812	-00.0189	0001.340
-02.6833	-00.0192	0001.341
-02.6857	-00.0195	0001.342
-02.6873	-00.0192	0001.343
-02.6894	-00.0192	0001.344
-02.6909	-00.0192	0001.345
-02.6937	-00.0195	0001.346
-02.6952	-00.0192	0001.347
-02.6973	-00.0192	0001.348
-02.6995	-00.0195	0001.349
-02.7016	-00.0192	0001.350
-02.7034	-00.0195	0001.351
-02.7050	-00.0192	0001.352
-02.7077	-00.0195	0001.353
-02.7095	-00.0192	0001.354
-02.7117	-00.0195	0001.355
-02.7132	-00.0198	0001.356
-02.7153	-00.0195	0001.357
-02.7175	-00.0195	0001.358
-02.7193	-00.0195	0001.359
-02.7214	-00.0195	0001.360
-02.7242	-00.0198	0001.361
-02.7257	-00.0198	0001.362
-02.7272	-00.0198	0001.363
-02.7294	-00.0195	0001.364
-02.7312	-00.0198	0001.365
-02.7333	-00.0198	0001.366
-02.7355	-00.0195	0001.367
-02.7376	-00.0195	0001.368
-02.7388	-00.0198	0001.369
-02.7416	-00.0195	0001.370
-02.7437	-00.0198	0001.371
-02.7456	-00.0195	0001.372
-02.7480	-00.0201	0001.373
-02.7492	-00.0198	0001.374
-02.7517	-00.0198	0001.375
-02.7532	-00.0198	0001.376
-02.7553	-00.0198	0001.377
-02.7571	-00.0198	0001.378
-02.7596	-00.0195	0001.379
-02.7614	-00.0201	0001.380
-02.7636	-00.0201	0001.381
-02.7660	-00.0201	0001.382
-02.7669	-00.0201	0001.383
-02.7697	-00.0198	0001.384
-02.7715	-00.0198	0001.385
-02.7742	-00.0198	0001.386
-02.7755	-00.0201	0001.387
-02.7773	-00.0201	0001.388
-02.7797	-00.0204	0001.389
-02.7813	-00.0201	0001.390
-02.7837	-00.0201	0001.391
-02.7852	-00.0201	0001.392
-02.7880	-00.0204	0001.393
-02.7892	-00.0201	0001.394
-02.7913	-00.0201	0001.395
-02.7935	-00.0198	0001.396
-02.7953	-00.0204	0001.397
-02.7971	-00.0201	0001.398
-02.7999	-00.0207	0001.399
-02.8017	-00.0201	0001.400
-02.8035	-00.0207	0001.401
-02.8057	-00.0198	0001.402
-02.8075	-00.0201	0001.403
-02.8099	-00.0207	0001.404
-02.8115	-00.0207	0001.405
-02.8139	-00.0204	0001.406
-02.8157	-00.0201	0001.407
-02.8173	-00.0198	0001.408
-02.8200	-00.0207	0001.409
-02.8212	-00.0207	0001.410
-02.8240	-00.0204	0001.411
-02.8258	-00.0204	0001.412
-02.8276	-00.0207	0001.413
-02.8292	-00.0210	0001.414
-02.8322	-00.0201	0001.415
-02.8337	-00.0207	0001.416
-02.8356	-00.0204	0001.417
-02.8374	-00.0207	0001.418
-02.8392	-00.0204	0001.419
-02.8420	-00.0201	0001.420
-02.8435	-00.0204	0001.421
-02.8453	-00.0204	0001.422
-02.8475	-00.0210	0001.423
-02.8496	-00.0210	0001.424
-02.8514	-00.0204	0001.425
-02.8536	-00.0210	0001.426
-02.8560	-00.0204	0001.427
-02.8572	-00.0210	0001.428
-02.8597	-00.0207	0001.429
-02.8612	-00.0207	0001.430
-02.8634	-00.0207	0001.431
-02.8655	-00.0207	0001.432
-02.8676	-00.0207	0001.433
-02.8695	-00.0213	0001.434
-02.8716	-00.0204	0001.435
-02.8737	-00.0207	0001.436
-02.8759	-00.0210	0001.437
-02.8774	-00.0210	0001.438
-02.8795	-00.0207	0001.439
-02.8820	-00.0210	0001.440
-02.8832	-00.0207	0001.441
-02.8859	-00.0213	0001.442
-02.8875	-00.0210	0001.443
-02.8899	-00.0207	0001.444
-02.8914	-00.0213	0001.445
-02.8930	-00.0210	0001.446
-02.8954	-00.0210	0001.447
-02.8969	-00.0207	0001.448
-02.9003	-00.0213	0001.449
-02.9018	-00.0213	0001.450
-02.9042	-00.0213	0001.451
-02.9058	-00.0210	0001.452
-02.9073	-00.0207	0001.453
-02.9094	-00.0210	0001.454
-02.9119	-00.0216	0001.455
-02.9140	-00.0213	0001.456
-02.9155	-00.0213	0001.457
-02.9180	-00.0213	0001.458
-02.9195	-00.0213	0001.459
-02.9219	-00.0216	0001.460
-02.9238	-00.0213	0001.461
-02.9256	-00.0216	0001.462
-02.9280	-00.0216	0001.463
-02.9302	-00.0210	0001.464
-02.9320	-00.0213	0001.465
-02.9335	-00.0216	0001.466
-02.9363	-00.0213	0001.467
-02.9378	-00.0213	0001.468
-02.9393	-00.0216	0001.469
-02.9415	-00.0213	0001.470
-02.9436	-00.0216	0001.471
-02.9461	-00.0216	0001.472
-02.9482	-00.0216	0001.473
-02.9497	-00.0216	0001.474
-02.9519	-00.0216	0001.475
-02.9537	-00.0216	0001.476
-02.9564	-00.0216	0001.477
-02.9570	-00.0216	0001.478
-02.9601	-00.0216	0001.479
-02.9622	-00.0216	0001.480
-02.9641	-00.0216	0001.481
-02.9662	-00.0219	0001.482
-02.9680	-00.0219	0001.483
-02.9696	-00.0219	0001.484
-02.9720	-00.0216	0001.485
-02.9729	-00.0216	0001.486
-02.9757	-00.0219	0001.487
-02.9784	-00.0222	0001.488
-02.9793	-00.0216	0001.489
-02.9815	-00.0219	0001.490
-02.9836	-00.0219	0001.491
-02.9863	-00.0219	0001.492
-02.9879	-00.0216	0001.493
-02.9900	-00.0222	0001.494
-02.9921	-00.0222	0001.495
-02.9940	-00.0219	0001.496
-02.9958	-00.0222	0001.497
-02.9976	-00.0219	0001.498
-02.9995	-00.0222	0001.499
-03.0022	-00.0225	0001.500
-03.0034	-00.0222	0001.501
-03.0025	-00.0225	0001.502
-02.9998	-00.0222	0001.503
-02.9982	-00.0219	0001.504
-02.9958	-00.0222	0001.505
-02.9943	-00.0225	0001.506
-02.9921	-00.0222	0001.507
-02.9894	-00.0219	0001.508
-02.9885	-00.0225	0001.509
-02.9857	-00.0222	0001.510
-02.9836	-00.0222	0001.511
-02.9821	-00.0222	0001.512
-02.9805	-00.0225	0001.513
-02.9787	-00.0222	0001.514
-02.9760	-00.0219	0001.515
-02.9738	-00.0225	0001.516
-02.9720	-00.0225	0001.517
-02.9702	-00.0222	0001.518
-02.9683	-00.0216	0001.519
-02.9662	-00.0222	0001.520
-02.9634	-00.0222	0001.521
-02.9622	-00.0222	0001.522
-02.9598	-00.0225	0001.523
-02.9583	-00.0225	0001.524
-02.9564	-00.0219	0001.525
-02.9543	-00.0222	0001.526
-02.9519	-00.0222	0001.527
-02.9506	-00.0219	0001.528
-02.9482	-00.0222	0001.529
-02.9454	-00.0229	0001.530
-02.9442	-00.0222	0001.531
-02.9418	-00.0219	0001.532
-02.9406	-00.0222	0001.533
-02.9378	-00.0219	0001.534
-02.9360	-00.0222	0001.535
-02.9342	-00.0222	0001.536
-02.9320	-00.0222	0001.537
-02.9299	-00.0225	0001.538
-02.9280	-00.0225	0001.539
-02.9259	-00.0222	0001.540
-02.9238	-00.0222	0001.541
-02.9222	-00.0225	0001.542
-02.9201	-00.0222	0001.543
-02.9183	-00.0222	0001.544
-02.9158	-00.0222	0001.545
-02.9143	-00.0216	0001.546
-02.9119	-00.0222	0001.547
-02.9097	-00.0222	0001.548
-02.9085	-00.0225	0001.549
-02.9061	-00.0222	0001.550
-02.9042	-00.0225	0001.551
-02.9021	-00.0222	0001.552
-02.8997	-00.0222	0001.553
-02.8978	-00.0222	0001.554
-02.8966	-00.0222	0001.555
-02.8939	-00.0219	0001.556
-02.8923	-00.0222	0001.557
-02.8899	-00.0222	0001.558
-02.8875	-00.0222	0001.559
-02.8859	-00.0222	0001.560
-02.8841	-00.0222	0001.561
-02.8817	-00.0222	0001.562
-02.8798	-00.0222	0001.563
-02.8777	-00.0229	0001.564
-02.8756	-00.0222	0001.565
-02.8734	-00.0222	0001.566
-02.8725	-00.0222	0001.567
-02.8701	-00.0229	0001.568
-02.8679	-00.0222	0001.569
-02.8658	-00.0225	0001.570
-02.8643	-00.0222	0001.571
-02.8615	-00.0222	0001.572
-02.8603	-00.0222	0001.573
-02.8582	-00.0222	0001.574
-02.8557	-00.0222	0001.575
-02.8542	-00.0222	0001.576
-02.8521	-00.0222	0001.577
-02.8496	-00.0229	0001.578
-02.8478	-00.0225	0001.579
-02.8460	-00.0222	0001.580
-02.8438	-00.0225	0001.581
-02.8420	-00.0225	0001.582
-02.8402	-00.0225	0001.583
-02.8383	-00.0229	0001.584
-02.8356	-00.0225	0001.585
-02.8341	-00.0222	0001.586
-02.8322	-00.0225	0001.587
-02.8295	-00.0225	0001.588
-02.8280	-00.0225	0001.589
-02.8255	-00.0229	0001.590
-02.8243	-00.0225	0001.591
-02.8225	-00.0229	0001.592
-02.8194	-00.0225	0001.593
-02.8179	-00.0222	0001.594
-02.8160	-00.0222	0001.595
-02.8139	-00.0222	0001.596
-02.8121	-00.0222	0001.597
-02.8102	-00.0222	0001.598
-02.8075	-00.0222	0001.599
-02.8060	-00.0225	0001.600
-02.8038	-00.0222	0001.601
-02.8023	-00.0222	0001.602
-02.7996	-00.0222	0001.603
-02.7980	-00.0225	0001.604
-02.7956	-00.0225	0001.605
-02.7941	-00.0222	0001.606
-02.7916	-00.0229	0001.607
-02.7895	-00.0225	0001.608
-02.7880	-00.0222	0001.609
-02.7858	-00.0225	0001.610
-02.7840	-00.0222	0001.611
-02.7825	-00.0225	0001.612
-02.7803	-00.0229	0001.613
-02.7785	-00.0225	0001.614
-02.7758	-00.0222	0001.615
-02.7739	-00.0229	0001.616
-02.7715	-00.0222	0001.617
-02.7700	-00.0229	0001.618
-02.7681	-00.0222	0001.619
-02.7657	-00.0222	0001.620
-02.7636	-00.0222	0001.621
-02.7620	-00.0222	0001.622
-02.7593	-00.0225	0001.623
-02.7575	-00.0229	0001.624
-02.7550	-00.0225	0001.625
-02.7535	-00.0225	0001.626
-02.7523	-00.0222	0001.627
-02.7501	-00.0222	0001.628
-02.7477	-00.0222	0001.629
-02.7456	-00.0222	0001.630
-02.7440	-00.0225	0001.631
-02.7416	-00.0222	0001.632
-02.7388	-00.0225	0001.633
-02.7376	-00.0225	0001.634
-02.7352	-00.0229	0001.635
-02.7340	-00.0229	0001.636
-02.7321	-00.0225	0001.637
-02.7300	-00.0222	0001.638
-02.7279	-00.0225	0001.639
-02.7248	-00.0225	0001.640
-02.7236	-00.0229	0001.641
-02.7217	-00.0222	0001.642
-02.7199	-00.0225	0001.643
-02.7178	-00.0219	0001.644
-02.7156	-00.0225	0001.645
-02.7132	-00.0225	0001.646
-02.7120	-00.0229	0001.647
-02.7095	-00.0225	0001.648
-02.7077	-00.0229	0001.649
-02.7059	-00.0222	0001.650
-02.7034	-00.0225	0001.651
-02.7016	-00.0225	0001.652
-02.6995	-00.0225	0001.653
-02.6979	-00.0225	0001.654
-02.6955	-00.0225	0001.655
-02.6940	-00.0222	0001.656
-02.6915	-00.0219	0001.657
-02.6903	-00.0222	0001.658
-02.6873	-00.0225	0001.659
-02.6857	-00.0229	0001.660
-02.6839	-00.0222	0001.661
-02.6818	-00.0222	0001.662
-02.6799	-00.0225	0001.663
-02.6778	-00.0225	0001.664
-02.6754	-00.0225	0001.665
-02.6738	-00.0222	0001.666
-02.6723	-00.0225	0001.667
-02.6696	-00.0225	0001.668
-02.6674	-00.0232	0001.669
-02.6653	-00.0229	0001.670
-02.6635	-00.0222	0001.671
-02.6613	-00.0229	0001.672
-02.6595	-00.0225	0001.673
-02.6583	-00.0225	0001.674
-02.6555	-00.0225	0001.675
-02.6540	-00.0225	0001.676
-02.6516	-00.0225	0001.677
-02.6500	-00.0229	0001.678
-02.6476	-00.0225	0001.679
-02.6455	-00.0225	0001.680
-02.6436	-00.0222	0001.681
-02.6421	-00.0222	0001.682
-02.6400	-00.0225	0001.683
-02.6384	-00.0225	0001.684
-02.6357	-00.0225	0001.685
-02.6339	-00.0225	0001.686
-02.6317	-00.0225	0001.687
-02.6299	-00.0225	0001.688
-02.6274	-00.0225	0001.689
-02.6256	-00.0229	0001.690
-02.6235	-00.0229	0001.691
-02.6217	-00.0225	0001.692
-02.6192	-00.0229	0001.693
-02.6177	-00.0222	0001.694
-02.6155	-00.0225	0001.695
-02.6134	-00.0222	0001.696
-02.6116	-00.0225	0001.697
-02.6094	-00.0225	0001.698
-02.6079	-00.0225	0001.699
-02.6058	-00.0225	0001.700
-02.6036	-00.0222	0001.701
-02.6018	-00.0225	0001.702
-02.5997	-00.0225	0001.703
-02.5978	-00.0225	0001.704
-02.5957	-00.0225	0001.705
-02.5936	-00.0222	0001.706
-02.5924	-00.0225	0001.707
-02.5899	-00.0229	0001.708
-02.5875	-00.0229	0001.709
-02.5856	-00.0222	0001.710
-02.5832	-00.0229	0001.711
-02.5814	-00.0225	0001.712
-02.5801	-00.0222	0001.713
-02.5777	-00.0225	0001.714
-02.5753	-00.0225	0001.715
-02.5740	-00.0225	0001.716
-02.5716	-00.0222	0001.717
-02.5698	-00.0225	0001.718
-02.5673	-00.0222	0001.719
-02.5655	-00.0229	0001.720
-02.5640	-00.0222	0001.721
-02.5618	-00.0222	0001.722
-02.5597	-00.0222	0001.723
-02.5573	-00.0225	0001.724
-02.5560	-00.0229	0001.725
-02.5533	-00.0225	0001.726
-02.5515	-00.0222	0001.727
-02.5496	-00.0225	0001.728
-02.5478	-00.0225	0001.729
-02.5457	-00.0225	0001.730
-02.5435	-00.0225	0001.731
-02.5414	-00.0225	0001.732
-02.5396	-00.0222	0001.733
-02.5371	-00.0225	0001.734
-02.5353	-00.0222	0001.735
-02.5335	-00.0222	0001.736
-02.5316	-00.0225	0001.737
-02.5289	-00.0222	0001.738
-02.5277	-00.0225	0001.739
-02.5258	-00.0225	0001.740
-02.5243	-00.0222	0001.741
-02.5216	-00.0225	0001.742
-02.5197	-00.0225	0001.743
-02.5179	-00.0229	0001.744
-02.5158	-00.0222	0001.745
-02.5136	-00.0229	0001.746
-02.5115	-00.0222	0001.747
-02.5093	-00.0229	0001.748
-02.5072	-00.0222	0001.749
-02.5057	-00.0222	0001.750
-02.5032	-00.0225	0001.751
-02.5026	-00.0222	0001.752
-02.4996	-00.0225	0001.753
-02.4974	-00.0225	0001.754
-02.4956	-00.0225	0001.755
-02.4929	-00.0225	0001.756
-02.4916	-00.0222	0001.757
-02.4898	-00.0225	0001.758
-02.4880	-00.0225	0001.759
-02.4855	-00.0229	0001.760
-02.4834	-00.0222	0001.761
-02.4816	-00.0225	0001.762
-02.4794	-00.0225	0001.763
-02.4776	-00.0222	0001.764
-02.4758	-00.0222	0001.765
-02.4739	-00.0222	0001.766
-02.4715	-00.0225	0001.767
-02.4700	-00.0225	0001.768
-02.4675	-00.0222	0001.769
-02.4657	-00.0222	0001.770
-02.4630	-00.0222	0001.771
-02.4617	-00.0222	0001.772
-02.4593	-00.0222	0001.773
-02.4575	-00.0225	0001.774
-02.4556	-00.0222	0001.775
-02.4535	-00.0229	0001.776
-02.4517	-00.0222	0001.777
-02.4495	-00.0222	0001.778
-02.4477	-00.0225	0001.779
-02.4450	-00.0225	0001.780
-02.4434	-00.0225	0001.781
-02.4413	-00.0225	0001.782
-02.4395	-00.0219	0001.783
-02.4367	-00.0225	0001.784
-02.4355	-00.0222	0001.785
-02.4334	-00.0225	0001.786
-02.4312	-00.0225	0001.787
-02.4294	-00.0225	0001.788
-02.4276	-00.0229	0001.789
-02.4254	-00.0225	0001.790
-02.4233	-00.0225	0001.791
-02.4218	-00.0225	0001.792
-02.4196	-00.0225	0001.793
-02.4169	-00.0219	0001.794
-02.4157	-00.0222	0001.795
-02.4132	-00.0229	0001.796
-02.4114	-00.0222	0001.797
-02.4096	-00.0222	0001.798
-02.4071	-00.0225	0001.799
-02.4050	-00.0229	0001.800
-02.4031	-00.0222	0001.801
-02.4016	-00.0225	0001.802
-02.3989	-00.0225	0001.803
-02.3970	-00.0225	0001.804
-02.3952	-00.0229	0001.805
-02.3934	-00.0222	0001.806
-02.3915	-00.0219	0001.807
-02.3891	-00.0225	0001.808
-02.3876	-00.0225	0001.809
-02.3861	-00.0222	0001.810
-02.3833	-00.0225	0001.811
-02.3812	-00.0225	0001.812
-02.3790	-00.0222	0001.813
-02.3775	-00.0222	0001.814
-02.3757	-00.0222	0001.815
-02.3735	-00.0222	0001.816
-02.3717	-00.0229	0001.817
-02.3690	-00.0222	0001.818
-02.3677	-00.0222	0001.819
-02.3653	-00.0222	0001.820
-02.3632	-00.0225	0001.821
-02.3610	-00.0229	0001.822
-02.3598	-00.0222	0001.823
-02.3577	-00.0222	0001.824
-02.3552	-00.0225	0001.825
-02.3531	-00.0225	0001.826
-02.3513	-00.0225	0001.827
-02.3491	-00.0225	0001.828
-02.3473	-00.0219	0001.829
-02.3452	-00.0225	0001.830
-02.3439	-00.0229	0001.831
-02.3412	-00.0222	0001.832
-02.3394	-00.0222	0001.833
-02.3372	-00.0222	0001.834
-02.3354	-00.0225	0001.835
-02.3336	-00.0225	0001.836
-02.3314	-00.0225	0001.837
-02.3296	-00.0222	0001.838
-02.3275	-00.0222	0001.839
-02.3250	-00.0225	0001.840
-02.3235	-00.0222	0001.841
-02.3211	-00.0222	0001.842
-02.3189	-00.0225	0001.843
-02.3174	-00.0222	0001.844
-02.3153	-00.0222	0001.845
-02.3134	-00.0222	0001.846
-02.3110	-00.0222	0001.847
-02.3092	-00.0222	0001.848
-02.3073	-00.0222	0001.849
-02.3055	-00.0222	0001.850
-02.3034	-00.0219	0001.851
-02.3012	-00.0225	0001.852
-02.2997	-00.0225	0001.853
-02.2969	-00.0225	0001.854
-02.2960	-00.0222	0001.855
-02.2933	-00.0229	0001.856
-02.2911	-00.0222	0001.857
-02.2896	-00.0225	0001.858
-02.2869	-00.0225	0001.859
-02.2850	-00.0222	0001.860
-02.2829	-00.0222	0001.861
-02.2814	-00.0222	0001.862
-02.2792	-00.0225	0001.863
-02.2771	-00.0222	0001.864
-02.2750	-00.0222	0001.865
-02.2728	-00.0225	0001.866
-02.2713	-00.0222	0001.867
-02.2692	-00.0225	0001.868
-02.2673	-00.0225	0001.869
-02.2655	-00.0222	0001.870
-02.2634	-00.0222	0001.871
-02.2615	-00.0222	0001.872
-02.2597	-00.0222	0001.873
-02.2573	-00.0222	0001.874
-02.2551	-00.0222	0001.875
-02.2530	-00.0222	0001.876
-02.2512	-00.0225	0001.877
-02.2493	-00.0225	0001.878
-02.2469	-00.0225	0001.879
-02.2454	-00.0222	0001.880
-02.2432	-00.0222	0001.881
-02.2411	-00.0222	0001.882
-02.2393	-00.0222	0001.883
-02.2377	-00.0222	0001.884
-02.2353	-00.0222	0001.885
-02.2329	-00.0222	0001.886
-02.2313	-00.0222	0001.887
-02.2298	-00.0219	0001.888
-02.2277	-00.0222	0001.889
-02.2252	-00.0222	0001.890
-02.2234	-00.0222	0001.891
-02.2216	-00.0229	0001.892
-02.2194	-00.0219	0001.893
-02.2170	-00.0222	0001.894
-02.2145	-00.0225	0001.895
-02.2133	-00.0225	0001.896
-02.2109	-00.0225	0001.897
-02.2094	-00.0222	0001.898
-02.2072	-00.0222	0001.899
-02.2054	-00.0219	0001.900
-02.2030	-00.0225	0001.901
-02.2014	-00.0225	0001.902
-02.1990	-00.0222	0001.903
-02.1968	-00.0222	0001.904
-02.1953	-00.0222	0001.905
-02.1929	-00.0222	0001.906
-02.1910	-00.0219	0001.907
-02.1892	-00.0222	0001.908
-02.1871	-00.0222	0001.909
-02.1852	-00.0222	0001.910
-02.1828	-00.0225	0001.911
-02.1816	-00.0225	0001.912
-02.1785	-00.0222	0001.913
-02.1767	-00.0222	0001.914
-02.1752	-00.0222	0001.915
-02.1730	-00.0222	0001.916
-02.1712	-00.0225	0001.917
-02.1691	-00.0222	0001.918
-02.1663	-00.0222	0001.919
-02.1651	-00.0222	0001.920
-02.1633	-00.0222	0001.921
-02.1611	-00.0225	0001.922
-02.1584	-00.0225	0001.923
-02.1572	-00.0225	0001.924
-02.1550	-00.0219	0001.925
-02.1529	-00.0225	0001.926
-02.1514	-00.0222	0001.927
-02.1486	-00.0219	0001.928
-02.1474	-00.0222	0001.929
-02.1450	-00.0216	0001.930
-02.1431	-00.0225	0001.931
-02.1410	-00.0219	0001.932
-02.1392	-00.0225	0001.933
-02.1370	-00.0225	0001.934
-02.1349	-00.0222	0001.935
-02.1334	-00.0225	0001.936
-02.1309	-00.0225	0001.937
-02.1291	-00.0222	0001.938
-02.1270	-00.0222	0001.939
-02.1245	-00.0222	0001.940
-02.1230	-00.0222	0001.941
-02.1212	-00.0222	0001.942
-02.1193	-00.0222	0001.943
-02.1163	-00.0225	0001.944
-02.1144	-00.0225	0001.945
-02.1129	-00.0219	0001.946
-02.1114	-00.0222	0001.947
-02.1087	-00.0222	0001.948
-02.1071	-00.0222	0001.949
-02.1050	-00.0222	0001.950
-02.1025	-00.0219	0001.951
-02.1010	-00.0225	0001.952
-02.0989	-00.0222	0001.953
-02.0967	-00.0219	0001.954
-02.0952	-00.0219	0001.955
-02.0931	-00.0222	0001.956
-02.0910	-00.0222	0001.957
-02.0891	-00.0219	0001.958
-02.0870	-00.0229	0001.959
-02.0852	-00.0219	0001.960
-02.0827	-00.0222	0001.961
-02.0803	-00.0219	0001.962
-02.0790	-00.0219	0001.963
-02.0769	-00.0219	0001.964
-02.0742	-00.0219	0001.965
-02.0729	-00.0225	0001.966
-02.0714	-00.0225	0001.967
-02.0687	-00.0225	0001.968
-02.0668	-00.0222	0001.969
-02.0650	-00.0225	0001.970
-02.0632	-00.0225	0001.971
-02.0610	-00.0222	0001.972
-02.0589	-00.0222	0001.973
-02.0574	-00.0222	0001.974
-02.0549	-00.0222	0001.975
-02.0528	-00.0222	0001.976
-02.0513	-00.0222	0001.977
-02.0491	-00.0222	0001.978
-02.0470	-00.0222	0001.979
-02.0452	-00.0222	0001.980
-02.0433	-00.0219	0001.981
-02.0406	-00.0219	0001.982
-02.0388	-00.0225	0001.983
-02.0363	-00.0222	0001.984
-02.0348	-00.0219	0001.985
-02.0333	-00.0222	0001.986
-02.0308	-00.0222	0001.987
-02.0290	-00.0219	0001.988
-02.0272	-00.0219	0001.989
-02.0253	-00.0222	0001.990
-02.0229	-00.0219	0001.991
-02.0211	-00.0216	0001.992
-02.0189	-00.0219	0001.993
-02.0168	-00.0219	0001.994
-02.0153	-00.0222	0001.995
-02.0128	-00.0219	0001.996
-02.0110	-00.0219	0001.997
-02.0089	-00.0222	0001.998
-02.0073	-00.0222	0001.999
-02.0052	-00.0222	0002.000
-02.0034	-00.0219	0002.001
-02.0009	-00.0219	0002.002
-01.9994	-00.0222	0002.003
-01.9976	-00.0222	0002.004
-01.9951	-00.0219	0002.005
-01.9930	-00.0219	0002.006
-01.9909	-00.0222	0002.007
-01.9887	-00.0222	0002.008
-01.9869	-00.0219	0002.009
-01.9847	-00.0219	0002.010
-01.9826	-00.0219	0002.011
-01.9811	-00.0219	0002.012
-01.9793	-00.0219	0002.013
-01.9771	-00.0222	0002.014
-01.9747	-00.0222	0002.015
-01.9735	-00.0219	0002.016
-01.9710	-00.0219	0002.017
-01.9689	-00.0222	0002.018
-01.9674	-00.0219	0002.019
-01.9646	-00.0222	0002.020
-01.9631	-00.0219	0002.021
-01.9616	-00.0222	0002.022
-01.9588	-00.0222	0002.023
-01.9567	-00.0219	0002.024
-01.9548	-00.0222	0002.025
-01.9530	-00.0219	0002.026
-01.9506	-00.0219	0002.027
-01.9490	-00.0222	0002.028
-01.9460	-00.0219	0002.029
-01.9448	-00.0216	0002.030
-01.9429	-00.0219	0002.031
-01.9411	-00.0216	0002.032
-01.9390	-00.0222	0002.033
-01.9368	-00.0219	0002.034
-01.9353	-00.0222	0002.035
-01.9332	-00.0222	0002.036
-01.9310	-00.0222	0002.037
-01.9286	-00.0219	0002.038
-01.9271	-00.0216	0002.039
-01.9243	-00.0219	0002.040
-01.9225	-00.0222	0002.041
-01.9210	-00.0222	0002.042
-01.9188	-00.0222	0002.043
-01.9167	-00.0216	0002.044
-01.9146	-00.0222	0002.045
-01.9130	-00.0219	0002.046
-01.9112	-00.0219	0002.047
-01.9088	-00.0222	0002.048
-01.9069	-00.0219	0002.049
-01.9051	-00.0219	0002.050
-01.9027	-00.0225	0002.051
-01.9008	-00.0222	0002.052
-01.8984	-00.0219	0002.053
-01.8966	-00.0222	0002.054
-01.8944	-00.0219	0002.055
-01.8929	-00.0222	0002.056
-01.8908	-00.0219	0002.057
-01.8889	-00.0219	0002.058
-01.8868	-00.0219	0002.059
-01.8850	-00.0222	0002.060
-01.8828	-00.0219	0002.061
-01.8807	-00.0222	0002.062
-01.8785	-00.0216	0002.063
-01.8767	-00.0219	0002.064
-01.8746	-00.0219	0002.065
-01.8727	-00.0222	0002.066
-01.8709	-00.0219	0002.067
-01.8691	-00.0219	0002.068
-01.8666	-00.0216	0002.069
-01.8651	-00.0216	0002.070
-01.8621	-00.0222	0002.071
-01.8612	-00.0222	0002.072
-01.8590	-00.0216	0002.073
-01.8566	-00.0219	0002.074
-01.8550	-00.0219	0002.075
-01.8526	-00.0222	0002.076
-01.8511	-00.0219	0002.077
-01.8480	-00.0222	0002.078
-01.8468	-00.0219	0002.079
-01.8444	-00.0219	0002.080
-01.8425	-00.0216	0002.081
-01.8407	-00.0219	0002.082
-01.8383	-00.0219	0002.083
-01.8373	-00.0219	0002.084
-01.8343	-00.0219	0002.085
-01.8331	-00.0222	0002.086
-01.8306	-00.0219	0002.087
-01.8291	-00.0222	0002.088
-01.8261	-00.0219	0002.089
-01.8254	-00.0216	0002.090
-01.8224	-00.0219	0002.091
-01.8209	-00.0219	0002.092
-01.8187	-00.0216	0002.093
-01.8163	-00.0222	0002.094
-01.8145	-00.0219	0002.095
-01.8126	-00.0213	0002.096
-01.8105	-00.0222	0002.097
-01.8093	-00.0222	0002.098
-01.8065	-00.0216	0002.099
-01.8047	-00.0219	0002.100
-01.8026	-00.0222	0002.101
-01.8010	-00.0219	0002.102
-01.7983	-00.0216	0002.103
-01.7962	-00.0216	0002.104
-01.7943	-00.0216	0002.105
-01.7922	-00.0216	0002.106
-01.7910	-00.0219	0002.107
-01.7888	-00.0216	0002.108
-01.7864	-00.0219	0002.109
-01.7849	-00.0219	0002.110
-01.7827	-00.0219	0002.111
-01.7803	-00.0222	0002.112
-01.7788	-00.0216	0002.113
-01.7766	-00.0219	0002.114
-01.7751	-00.0222	0002.115
-01.7727	-00.0216	0002.116
-01.7702	-00.0219	0002.117
-01.7684	-00.0216	0002.118
-01.7669	-00.0213	0002.119
-01.7641	-00.0216	0002.120
-01.7626	-00.0219	0002.121
-01.7608	-00.0219	0002.122
-01.7586	-00.0216	0002.123
-01.7568	-00.0216	0002.124
-01.7546	-00.0219	0002.125
-01.7525	-00.0219	0002.126
-01.7504	-00.0216	0002.127
-01.7482	-00.0216	0002.128
-01.7467	-00.0222	0002.129
-01.7446	-00.0216	0002.130
-01.7418	-00.0216	0002.131
-01.7403	-00.0216	0002.132
-01.7391	-00.0216	0002.133
-01.7366	-00.0216	0002.134
-01.7345	-00.0210	0002.135
-01.7324	-00.0213	0002.136
-01.7305	-00.0219	0002.137
-01.7281	-00.0216	0002.138
-01.7266	-00.0216	0002.139
-01.7244	-00.0219	0002.140
-01.7223	-00.0216	0002.141
-01.7202	-00.0216	0002.142
-01.7189	-00.0213	0002.143
-01.7168	-00.0219	0002.144
-01.7141	-00.0219	0002.145
-01.7125	-00.0216	0002.146
-01.7104	-00.0213	0002.147
-01.7083	-00.0216	0002.148
-01.7067	-00.0219	0002.149
-01.7043	-00.0216	0002.150
-01.7028	-00.0213	0002.151
-01.7009	-00.0216	0002.152
-01.6988	-00.0216	0002.153
-01.6970	-00.0216	0002.154
-01.6948	-00.0216	0002.155
-01.6927	-00.0210	0002.156
-01.6906	-00.0213	0002.157
-01.6887	-00.0219	0002.158
-01.6860	-00.0219	0002.159
-01.6842	-00.0216	0002.160
-01.6823	-00.0216	0002.161
-01.6805	-00.0213	0002.162
-01.6787	-00.0216	0002.163
-01.6762	-00.0213	0002.164
-01.6744	-00.0219	0002.165
-01.6726	-00.0219	0002.166
-01.6707	-00.0213	0002.167
-01.6686	-00.0219	0002.168
-01.6665	-00.0216	0002.169
-01.6643	-00.0216	0002.170
-01.6625	-00.0213	0002.171
-01.6607	-00.0213	0002.172
-01.6585	-00.0213	0002.173
-01.6567	-00.0216	0002.174
-01.6542	-00.0216	0002.175
-01.6524	-00.0213	0002.176
-01.6503	-00.0213	0002.177
-01.6488	-00.0216	0002.178
-01.6466	-00.0213	0002.179
-01.6445	-00.0213	0002.180
-01.6423	-00.0216	0002.181
-01.6405	-00.0216	0002.182
-01.6381	-00.0216	0002.183
-01.6365	-00.0216	0002.184
-01.6341	-00.0216	0002.185
-01.6326	-00.0213	0002.186
-01.6304	-00.0216	0002.187
-01.6289	-00.0213	0002.188
-01.6265	-00.0216	0002.189
-01.6249	-00.0213	0002.190
-01.6225	-00.0216	0002.191
-01.6207	-00.0216	0002.192
-01.6188	-00.0213	0002.193
-01.6164	-00.0213	0002.194
-01.6140	-00.0219	0002.195
-01.6121	-00.0219	0002.196
-01.6103	-00.0210	0002.197
-01.6088	-00.0216	0002.198
-01.6063	-00.0216	0002.199
-01.6045	-00.0216	0002.200
-01.6021	-00.0213	0002.201
-01.6005	-00.0216	0002.202
-01.5984	-00.0216	0002.203
-01.5966	-00.0213	0002.204
-01.5947	-00.0216	0002.205
-01.5923	-00.0213	0002.206
-01.5902	-00.0213	0002.207
-01.5880	-00.0216	0002.208
-01.5865	-00.0213	0002.209
-01.5841	-00.0216	0002.210
-01.5822	-00.0213	0002.211
-01.5804	-00.0213	0002.212
-01.5786	-00.0213	0002.213
-01.5761	-00.0216	0002.214
-01.5743	-00.0216	0002.215
-01.5725	-00.0210	0002.216
-01.5706	-00.0216	0002.217
-01.5688	-00.0213	0002.218
-01.5664	-00.0213	0002.219
-01.5645	-00.0216	0002.220
-01.5618	-00.0216	0002.221
-01.5606	-00.0213	0002.222
-01.5581	-00.0213	0002.223
-01.5557	-00.0213	0002.224
-01.5541	-00.0216	0002.225
-01.5523	-00.0213	0002.226
-01.5505	-00.0216	0002.227
-01.5483	-00.0213	0002.228
-01.5456	-00.0219	0002.229
-01.5444	-00.0213	0002.230
-01.5422	-00.0213	0002.231
-01.5407	-00.0219	0002.232
-01.5383	-00.0216	0002.233
-01.5364	-00.0213	0002.234
-01.5343	-00.0213	0002.235
-01.5325	-00.0210	0002.236
-01.5300	-00.0213	0002.237
-01.5285	-00.0210	0002.238
-01.5261	-00.0210	0002.239
-01.5242	-00.0213	0002.240
-01.5221	-00.0216	0002.241
-01.5200	-00.0213	0002.242
-01.5184	-00.0210	0002.243
-01.5160	-00.0210	0002.244
-01.5145	-00.0210	0002.245
-01.5117	-00.0213	0002.246
-01.5102	-00.0216	0002.247
-01.5084	-00.0216	0002.248
-01.5065	-00.0210	0002.249
-01.5041	-00.0213	0002.250
-01.5020	-00.0213	0002.251
-01.5004	-00.0213	0002.252
-01.4977	-00.0210	0002.253
-01.4962	-00.0210	0002.254
-01.4943	-00.0213	0002.255
-01.4925	-00.0213	0002.256
-01.4904	-00.0213	0002.257
-01.4882	-00.0213	0002.258
-01.4864	-00.0213	0002.259
-01.4837	-00.0213	0002.260
-01.4818	-00.0210	0002.261
-01.4800	-00.0210	0002.262
-01.4782	-00.0213	0002.263
-01.4763	-00.0210	0002.264
-01.4739	-00.0210	0002.265
-01.4721	-00.0207	0002.266
-01.4699	-00.0213	0002.267
-01.4687	-00.0216	0002.268
-01.4663	-00.0213	0002.269
-01.4638	-00.0216	0002.270
-01.4617	-00.0210	0002.271
-01.4602	-00.0210	0002.272
-01.4583	-00.0210	0002.273
-01.4565	-00.0210	0002.274
-01.4540	-00.0210	0002.275
-01.4522	-00.0210	0002.276
-01.4498	-00.0213	0002.277
-01.4479	-00.0210	0002.278
-01.4461	-00.0210	0002.279
-01.4440	-00.0210	0002.280
-01.4418	-00.0213	0002.281
-01.4397	-00.0210	0002.282
-01.4382	-00.0207	0002.283
-01.4357	-00.0210	0002.284
-01.4345	-00.0213	0002.285
-01.4318	-00.0210	0002.286
-01.4296	-00.0207	0002.287
-01.4278	-00.0213	0002.288
-01.4263	-00.0210	0002.289
-01.4241	-00.0207	0002.290
-01.4217	-00.0210	0002.291
-01.4205	-00.0210	0002.292
-01.4180	-00.0207	0002.293
-01.4162	-00.0213	0002.294
-01.4141	-00.0210	0002.295
-01.4122	-00.0213	0002.296
-01.4101	-00.0210	0002.297
-01.4080	-00.0210	0002.298
-01.4055	-00.0213	0002.299
-01.4043	-00.0210	0002.300
-01.4022	-00.0207	0002.301
-01.4000	-00.0210	0002.302
-01.3982	-00.0210	0002.303
-01.3958	-00.0207	0002.304
-01.3939	-00.0213	0002.305
-01.3921	-00.0207	0002.306
-01.3906	-00.0210	0002.307
-01.3881	-00.0213	0002.308
-01.3860	-00.0210	0002.309
-01.3845	-00.0210	0002.310
-01.3820	-00.0207	0002.311
-01.3802	-00.0210	0002.312
-01.3784	-00.0207	0002.313
-01.3762	-00.0213	0002.314
-01.3741	-00.0207	0002.315
-01.3726	-00.0207	0002.316
-01.3698	-00.0210	0002.317
-01.3680	-00.0207	0002.318
-01.3662	-00.0210	0002.319
-01.3640	-00.0210	0002.320
-01.3616	-00.0210	0002.321
-01.3594	-00.0207	0002.322
-01.3582	-00.0210	0002.323
-01.3558	-00.0210	0002.324
-01.3540	-00.0213	0002.325
-01.3524	-00.0213	0002.326
-01.3494	-00.0210	0002.327
-01.3485	-00.0207	0002.328
-01.3460	-00.0210	0002.329
-01.3442	-00.0210	0002.330
-01.3414	-00.0207	0002.331
-01.3396	-00.0207	0002.332
-01.3381	-00.0210	0002.333
-01.3363	-00.0210	0002.334
-01.3344	-00.0210	0002.335
-01.3320	-00.0210	0002.336
-01.3305	-00.0210	0002.337
-01.3277	-00.0204	0002.338
-01.3262	-00.0207	0002.339
-01.3240	-00.0207	0002.340
-01.3225	-00.0210	0002.341
-01.3198	-00.0207	0002.342
-01.3179	-00.0210	0002.343
-01.3161	-00.0210	0002.344
-01.3137	-00.0207	0002.345
-01.3118	-00.0210	0002.346
-01.3100	-00.0207	0002.347
-01.3082	-00.0204	0002.348
-01.3057	-00.0207	0002.349
-01.3042	-00.0204	0002.350
-01.3021	-00.0207	0002.351
-01.2999	-00.0207	0002.352
-01.2975	-00.0207	0002.353
-01.2960	-00.0204	0002.354
-01.2938	-00.0207	0002.355
-01.2920	-00.0207	0002.356
-01.2902	-00.0204	0002.357
-01.2877	-00.0207	0002.358
-01.2862	-00.0210	0002.359
-01.2841	-00.0207	0002.360
-01.2816	-00.0204	0002.361
-01.2801	-00.0204	0002.362
-01.2783	-00.0204	0002.363
-01.2758	-00.0207	0002.364
-01.2734	-00.0207	0002.365
-01.2716	-00.0204	0002.366
-01.2697	-00.0204	0002.367
-01.2679	-00.0207	0002.368
-01.2664	-00.0207	0002.369
-01.2639	-00.0201	0002.370
-01.2618	-00.0207	0002.371
-01.2600	-00.0207	0002.372
-01.2578	-00.0207	0002.373
-01.2551	-00.0210	0002.374
-01.2535	-00.0207	0002.375
-01.2520	-00.0207	0002.376
-01.2499	-00.0204	0002.377
-01.2477	-00.0204	0002.378
-01.2459	-00.0204	0002.379
-01.2441	-00.0207	0002.380
-01.2420	-00.0204	0002.381
-01.2398	-00.0207	0002.382
-01.2380	-00.0204	0002.383
-01.2355	-00.0204	0002.384
-01.2337	-00.0204	0002.385
-01.2313	-00.0201	0002.386
-01.2297	-00.0207	0002.387
-01.2276	-00.0207	0002.388
-01.2258	-00.0210	0002.389
-01.2239	-00.0210	0002.390
-01.2215	-00.0204	0002.391
-01.2197	-00.0207	0002.392
-01.2178	-00.0207	0002.393
-01.2154	-00.0204	0002.394
-01.2139	-00.0204	0002.395
-01.2117	-00.0204	0002.396
-01.2099	-00.0207	0002.397
-01.2075	-00.0204	0002.398
-01.2059	-00.0201	0002.399
-01.2035	-00.0204	0002.400
-01.2017	-00.0204	0002.401
-01.1989	-00.0204	0002.402
-01.1977	-00.0201	0002.403
-01.1959	-00.0207	0002.404
-01.1934	-00.0210	0002.405
-01.1919	-00.0204	0002.406
-01.1892	-00.0204	0002.407
-01.1879	-00.0204	0002.408
-01.1858	-00.0204	0002.409
-01.1837	-00.0204	0002.410
-01.1818	-00.0204	0002.411
-01.1794	-00.0204	0002.412
-01.1776	-00.0204	0002.413
-01.1757	-00.0201	0002.414
-01.1739	-00.0201	0002.415
-01.1718	-00.0204	0002.416
-01.1699	-00.0204	0002.417
-01.1675	-00.0204	0002.418
-01.1657	-00.0207	0002.419
-01.1635	-00.0204	0002.420
-01.1611	-00.0204	0002.421
-01.1592	-00.0201	0002.422
-01.1574	-00.0207	0002.423
-01.1556	-00.0201	0002.424
-01.1535	-00.0201	0002.425
-01.1516	-00.0204	0002.426
-01.1501	-00.0204	0002.427
-01.1477	-00.0204	0002.428
-01.1458	-00.0201	0002.429
-01.1434	-00.0204	0002.430
-01.1419	-00.0204	0002.431
-01.1391	-00.0201	0002.432
-01.1373	-00.0201	0002.433
-01.1354	-00.0201	0002.434
-01.1336	-00.0201	0002.435
-01.1318	-00.0204	0002.436
-01.1300	-00.0201	0002.437
-01.1275	-00.0204	0002.438
-01.1254	-00.0201	0002.439
-01.1235	-00.0195	0002.440
-01.1217	-00.0201	0002.441
-01.1193	-00.0195	0002.442
-01.1177	-00.0201	0002.443
-01.1153	-00.0198	0002.444
-01.1138	-00.0201	0002.445
-01.1116	-00.0204	0002.446
-01.1098	-00.0204	0002.447
-01.1074	-00.0201	0002.448
-01.1052	-00.0204	0002.449
-01.1034	-00.0204	0002.450
-01.1013	-00.0204	0002.451
-01.0997	-00.0198	0002.452
-01.0976	-00.0201	0002.453
-01.0955	-00.0201	0002.454
-01.0939	-00.0204	0002.455
-01.0912	-00.0201	0002.456
-01.0900	-00.0198	0002.457
-01.0878	-00.0198	0002.458
-01.0854	-00.0204	0002.459
-01.0839	-00.0198	0002.460
-01.0811	-00.0198	0002.461
-01.0799	-00.0201	0002.462
-01.0778	-00.0198	0002.463
-01.0756	-00.0201	0002.464
-01.0735	-00.0201	0002.465
-01.0714	-00.0204	0002.466
-01.0695	-00.0204	0002.467
-01.0668	-00.0204	0002.468
-01.0659	-00.0198	0002.469
-01.0634	-00.0198	0002.470
-01.0613	-00.0201	0002.471
-01.0588	-00.0201	0002.472
-01.0582	-00.0201	0002.473
-01.0555	-00.0204	0002.474
-01.0537	-00.0201	0002.475
-01.0515	-00.0204	0002.476
-01.0494	-00.0201	0002.477
-01.0476	-00.0201	0002.478
-01.0451	-00.0201	0002.479
-01.0436	-00.0198	0002.480
-01.0418	-00.0198	0002.481
-01.0393	-00.0201	0002.482
-01.0375	-00.0198	0002.483
-01.0353	-00.0201	0002.484
-01.0335	-00.0198	0002.485
-01.0323	-00.0198	0002.486
-01.0295	-00.0195	0002.487
-01.0274	-00.0201	0002.488
-01.0259	-00.0198	0002.489
-01.0231	-00.0204	0002.490
-01.0216	-00.0195	0002.491
-01.0198	-00.0195	0002.492
-01.0173	-00.0201	0002.493
-01.0152	-00.0201	0002.494
-01.0131	-00.0201	0002.495
-01.0122	-00.0198	0002.496
-01.0094	-00.0198	0002.497
-01.0076	-00.0195	0002.498
-01.0051	-00.0195	0002.499
-01.0033	-00.0201	0002.500
-01.0012	-00.0195	0002.501
-00.9999	-00.0198	0002.502
-00.9975	-00.0195	0002.503
-00.9954	-00.0198	0002.504
-00.9929	-00.0195	0002.505
-00.9914	-00.0198	0002.506
-00.9893	-00.0195	0002.507
-00.9868	-00.0195	0002.508
-00.9853	-00.0192	0002.509
-00.9835	-00.0195	0002.510
-00.9819	-00.0195	0002.511
-00.9792	-00.0195	0002.512
-00.9777	-00.0198	0002.513
-00.9755	-00.0192	0002.514
-00.9734	-00.0198	0002.515
-00.9713	-00.0195	0002.516
-00.9694	-00.0195	0002.517
-00.9679	-00.0195	0002.518
-00.9652	-00.0198	0002.519
-00.9639	-00.0192	0002.520
-00.9615	-00.0195	0002.521
-00.9603	-00.0198	0002.522
-00.9575	-00.0192	0002.523
-00.9554	-00.0195	0002.524
-00.9536	-00.0192	0002.525
-00.9514	-00.0198	0002.526
-00.9493	-00.0198	0002.527
-00.9472	-00.0198	0002.528
-00.9459	-00.0198	0002.529
-00.9432	-00.0195	0002.530
-00.9414	-00.0195	0002.531
-00.9398	-00.0198	0002.532
-00.9374	-00.0192	0002.533
-00.9359	-00.0201	0002.534
-00.9334	-00.0195	0002.535
-00.9316	-00.0198	0002.536
-00.9295	-00.0192	0002.537
-00.9276	-00.0192	0002.538
-00.9252	-00.0192	0002.539
-00.9233	-00.0198	0002.540
-00.9212	-00.0192	0002.541
-00.9191	-00.0192	0002.542
-00.9172	-00.0195	0002.543
-00.9151	-00.0195	0002.544
-00.9133	-00.0195	0002.545
-00.9111	-00.0195	0002.546
-00.9093	-00.0186	0002.547
-00.9072	-00.0189	0002.548
-00.9053	-00.0192	0002.549
-00.9035	-00.0192	0002.550
-00.9011	-00.0198	0002.551
-00.8995	-00.0192	0002.552
-00.8971	-00.0195	0002.553
-00.8956	-00.0186	0002.554
-00.8934	-00.0192	0002.555
-00.8913	-00.0195	0002.556
-00.8898	-00.0192	0002.557
-00.8873	-00.0195	0002.558
-00.8852	-00.0195	0002.559
-00.8831	-00.0192	0002.560
-00.8812	-00.0192	0002.561
-00.8788	-00.0195	0002.562
-00.8776	-00.0195	0002.563
-00.8751	-00.0192	0002.564
-00.8733	-00.0192	0002.565
-00.8715	-00.0192	0002.566
-00.8693	-00.0189	0002.567
-00.8672	-00.0192	0002.568
-00.8657	-00.0192	0002.569
-00.8635	-00.0195	0002.570
-00.8614	-00.0195	0002.571
-00.8599	-00.0195	0002.572
-00.8568	-00.0195	0002.573
-00.8550	-00.0192	0002.574
-00.8532	-00.0192	0002.575
-00.8513	-00.0195	0002.576
-00.8489	-00.0192	0002.577
-00.8477	-00.0192	0002.578
-00.8455	-00.0192	0002.579
-00.8431	-00.0192	0002.580
-00.8419	-00.0192	0002.581
-00.8388	-00.0189	0002.582
-00.8379	-00.0195	0002.583
-00.8355	-00.0189	0002.584
-00.8336	-00.0195	0002.585
-00.8315	-00.0195	0002.586
-00.8297	-00.0192	0002.587
-00.8272	-00.0189	0002.588
-00.8251	-00.0192	0002.589
-00.8229	-00.0192	0002.590
-00.8208	-00.0192	0002.591
-00.8193	-00.0189	0002.592
-00.8171	-00.0192	0002.593
-00.8150	-00.0189	0002.594
-00.8129	-00.0192	0002.595
-00.8110	-00.0189	0002.596
-00.8089	-00.0192	0002.597
-00.8071	-00.0189	0002.598
-00.8052	-00.0192	0002.599
-00.8031	-00.0192	0002.600
-00.8013	-00.0189	0002.601
-00.7991	-00.0189	0002.602
-00.7973	-00.0189	0002.603
-00.7955	-00.0189	0002.604
-00.7930	-00.0192	0002.605
-00.7909	-00.0189	0002.606
-00.7894	-00.0192	0002.607
-00.7875	-00.0189	0002.608
-00.7848	-00.0189	0002.609
-00.7836	-00.0189	0002.610
-00.7811	-00.0195	0002.611
-00.7790	-00.0186	0002.612
-00.7775	-00.0189	0002.613
-00.7753	-00.0192	0002.614
-00.7732	-00.0189	0002.615
-00.7714	-00.0189	0002.616
-00.7692	-00.0192	0002.617
-00.7668	-00.0189	0002.618
-00.7653	-00.0189	0002.619
-00.7625	-00.0192	0002.620
-00.7616	-00.0189	0002.621
-00.7595	-00.0189	0002.622
-00.7573	-00.0189	0002.623
-00.7549	-00.0189	0002.624
-00.7534	-00.0189	0002.625
-00.7512	-00.0186	0002.626
-00.7488	-00.0186	0002.627
-00.7473	-00.0189	0002.628
-00.7448	-00.0192	0002.629
-00.7436	-00.0186	0002.630
-00.7409	-00.0186	0002.631
-00.7393	-00.0186	0002.632
-00.7372	-00.0189	0002.633
-00.7354	-00.0186	0002.634
-00.7326	-00.0183	0002.635
-00.7314	-00.0192	0002.636
-00.7296	-00.0186	0002.637
-00.7271	-00.0186	0002.638
-00.7247	-00.0186	0002.639
-00.7228	-00.0186	0002.640
-00.7216	-00.0183	0002.641
-00.7189	-00.0186	0002.642
-00.7174	-00.0186	0002.643
-00.7149	-00.0186	0002.644
-00.7128	-00.0186	0002.645
-00.7113	-00.0186	0002.646
-00.7094	-00.0186	0002.647
-00.7073	-00.0186	0002.648
-00.7055	-00.0192	0002.649
-00.7027	-00.0189	0002.650
-00.7009	-00.0183	0002.651
-00.6993	-00.0189	0002.652
-00.6972	-00.0189	0002.653
-00.6951	-00.0186	0002.654
-00.6929	-00.0189	0002.655
-00.6908	-00.0186	0002.656
-00.6893	-00.0183	0002.657
-00.6874	-00.0189	0002.658
-00.6850	-00.0189	0002.659
-00.6832	-00.0189	0002.660
-00.6813	-00.0186	0002.661
-00.6789	-00.0189	0002.662
-00.6771	-00.0183	0002.663
-00.6752	-00.0186	0002.664
-00.6731	-00.0186	0002.665
-00.6710	-00.0186	0002.666
-00.6694	-00.0183	0002.667
-00.6667	-00.0183	0002.668
-00.6652	-00.0180	0002.669
-00.6630	-00.0186	0002.670
-00.6612	-00.0186	0002.671
-00.6591	-00.0180	0002.672
-00.6572	-00.0186	0002.673
-00.6548	-00.0186	0002.674
-00.6533	-00.0186	0002.675
-00.6514	-00.0186	0002.676
-00.6493	-00.0183	0002.677
-00.6466	-00.0189	0002.678
-00.6453	-00.0186	0002.679
-00.6429	-00.0183	0002.680
-00.6414	-00.0183	0002.681
-00.6392	-00.0186	0002.682
-00.6368	-00.0186	0002.683
-00.6350	-00.0180	0002.684
-00.6325	-00.0183	0002.685
-00.6310	-00.0183	0002.686
-00.6285	-00.0180	0002.687
-00.6270	-00.0180	0002.688
-00.6252	-00.0186	0002.689
-00.6231	-00.0183	0002.690
-00.6209	-00.0183	0002.691
-00.6191	-00.0186	0002.692
-00.6173	-00.0186	0002.693
-00.6148	-00.0183	0002.694
-00.6130	-00.0183	0002.695
-00.6112	-00.0183	0002.696
-00.6096	-00.0183	0002.697
-00.6072	-00.0183	0002.698
-00.6050	-00.0183	0002.699
-00.6029	-00.0186	0002.700
-00.6008	-00.0180	0002.701
-00.5989	-00.0180	0002.702
-00.5968	-00.0180	0002.703
-00.5956	-00.0177	0002.704
-00.5928	-00.0183	0002.705
-00.5913	-00.0180	0002.706
-00.5892	-00.0180	0002.707
-00.5867	-00.0183	0002.708
-00.5849	-00.0183	0002.709
-00.5831	-00.0183	0002.710
-00.5812	-00.0186	0002.711
-00.5785	-00.0180	0002.712
-00.5764	-00.0186	0002.713
-00.5751	-00.0174	0002.714
-00.5727	-00.0180	0002.715
-00.5709	-00.0177	0002.716
-00.5690	-00.0183	0002.717
-00.5669	-00.0180	0002.718
-00.5654	-00.0180	0002.719
-00.5626	-00.0180	0002.720
-00.5608	-00.0183	0002.721
-00.5590	-00.0177	0002.722
-00.5568	-00.0177	0002.723
-00.5556	-00.0180	0002.724
-00.5526	-00.0180	0002.725
-00.5510	-00.0177	0002.726
-00.5486	-00.0180	0002.727
-00.5468	-00.0180	0002.728
-00.5446	-00.0180	0002.729
-00.5428	-00.0180	0002.730
-00.5410	-00.0180	0002.731
-00.5388	-00.0180	0002.732
-00.5373	-00.0183	0002.733
-00.5346	-00.0177	0002.734
-00.5327	-00.0177	0002.735
-00.5306	-00.0180	0002.736
-00.5291	-00.0180	0002.737
-00.5266	-00.0180	0002.738
-00.5248	-00.0174	0002.739
-00.5230	-00.0180	0002.740
-00.5211	-00.0177	0002.741
-00.5187	-00.0177	0002.742
-00.5165	-00.0180	0002.743
-00.5147	-00.0177	0002.744
-00.5129	-00.0180	0002.745
-00.5104	-00.0180	0002.746
-00.5089	-00.0177	0002.747
-00.5071	-00.0174	0002.748
-00.5050	-00.0177	0002.749
-00.5025	-00.0177	0002.750
-00.5007	-00.0180	0002.751
-00.4988	-00.0174	0002.752
-00.4967	-00.0177	0002.753
-00.4946	-00.0183	0002.754
-00.4927	-00.0177	0002.755
-00.4903	-00.0177	0002.756
-00.4891	-00.0177	0002.757
-00.4866	-00.0177	0002.758
-00.4848	-00.0177	0002.759
-00.4830	-00.0174	0002.760
-00.4805	-00.0174	0002.761
-00.4787	-00.0177	0002.762
-00.4769	-00.0183	0002.763
-00.4750	-00.0180	0002.764
-00.4726	-00.0174	0002.765
-00.4708	-00.0174	0002.766
-00.4689	-00.0174	0002.767
-00.4671	-00.0177	0002.768
-00.4650	-00.0174	0002.769
-00.4628	-00.0177	0002.770
-00.4607	-00.0171	0002.771
-00.4589	-00.0171	0002.772
-00.4570	-00.0174	0002.773
-00.4549	-00.0174	0002.774
-00.4528	-00.0174	0002.775
-00.4509	-00.0171	0002.776
-00.4485	-00.0171	0002.777
-00.4470	-00.0174	0002.778
-00.4445	-00.0174	0002.779
-00.4427	-00.0174	0002.780
-00.4406	-00.0171	0002.781
-00.4390	-00.0174	0002.782
-00.4369	-00.0174	0002.783
-00.4348	-00.0177	0002.784
-00.4329	-00.0174	0002.785
-00.4305	-00.0171	0002.786
-00.4290	-00.0177	0002.787
-00.4271	-00.0171	0002.788
-00.4247	-00.0177	0002.789
-00.4226	-00.0174	0002.790
-00.4207	-00.0174	0002.791
-00.4189	-00.0171	0002.792
-00.4168	-00.0171	0002.793
-00.4146	-00.0177	0002.794
-00.4125	-00.0167	0002.795
-00.4110	-00.0171	0002.796
-00.4091	-00.0171	0002.797
-00.4067	-00.0174	0002.798
-00.4042	-00.0174	0002.799
-00.4030	-00.0167	0002.800
-00.4006	-00.0174	0002.801
-00.3988	-00.0164	0002.802
-00.3966	-00.0171	0002.803
-00.3948	-00.0171	0002.804
-00.3926	-00.0171	0002.805
-00.3908	-00.0174	0002.806
-00.3890	-00.0174	0002.807
-00.3868	-00.0171	0002.808
-00.3844	-00.0171	0002.809
-00.3829	-00.0174	0002.810
-00.3811	-00.0171	0002.811
-00.3789	-00.0171	0002.812
-00.3771	-00.0167	0002.813
-00.3749	-00.0174	0002.814
-00.3725	-00.0171	0002.815
-00.3707	-00.0174	0002.816
-00.3688	-00.0171	0002.817
-00.3667	-00.0171	0002.818
-00.3646	-00.0167	0002.819
-00.3627	-00.0174	0002.820
-00.3603	-00.0167	0002.821
-00.3594	-00.0167	0002.822
-00.3566	-00.0164	0002.823
-00.3548	-00.0171	0002.824
-00.3530	-00.0171	0002.825
-00.3505	-00.0171	0002.826
-00.3487	-00.0171	0002.827
-00.3466	-00.0164	0002.828
-00.3441	-00.0167	0002.829
-00.3426	-00.0167	0002.830
-00.3411	-00.0167	0002.831
-00.3386	-00.0167	0002.832
-00.3365	-00.0167	0002.833
-00.3344	-00.0171	0002.834
-00.3325	-00.0167	0002.835
-00.3304	-00.0167	0002.836
-00.3292	-00.0167	0002.837
-00.3267	-00.0167	0002.838
-00.3249	-00.0167	0002.839
-00.3231	-00.0167	0002.840
-00.3206	-00.0167	0002.841
-00.3188	-00.0171	0002.842
-00.3170	-00.0174	0002.843
-00.3145	-00.0161	0002.844
-00.3127	-00.0167	0002.845
-00.3106	-00.0164	0002.846
-00.3093	-00.0164	0002.847
-00.3069	-00.0164	0002.848
-00.3048	-00.0164	0002.849
-00.3026	-00.0167	0002.850
-00.3002	-00.0164	0002.851
-00.2983	-00.0167	0002.852
-00.2962	-00.0167	0002.853
-00.2947	-00.0164	0002.854
-00.2929	-00.0167	0002.855
-00.2913	-00.0164	0002.856
-00.2886	-00.0167	0002.857
-00.2864	-00.0171	0002.858
-00.2849	-00.0164	0002.859
-00.2828	-00.0167	0002.860
-00.2800	-00.0167	0002.861
-00.2782	-00.0164	0002.862
-00.2770	-00.0164	0002.863
-00.2745	-00.0161	0002.864
-00.2727	-00.0161	0002.865
-00.2706	-00.0167	0002.866
-00.2687	-00.0164	0002.867
-00.2669	-00.0167	0002.868
-00.2648	-00.0164	0002.869
-00.2626	-00.0167	0002.870
-00.2605	-00.0161	0002.871
-00.2584	-00.0164	0002.872
-00.2565	-00.0158	0002.873
-00.2547	-00.0161	0002.874
-00.2529	-00.0161	0002.875
-00.2504	-00.0164	0002.876
-00.2486	-00.0164	0002.877
-00.2468	-00.0161	0002.878
-00.2446	-00.0164	0002.879
-00.2422	-00.0164	0002.880
-00.2404	-00.0164	0002.881
-00.2385	-00.0161	0002.882
-00.2364	-00.0164	0002.883
-00.2346	-00.0164	0002.884
-00.2327	-00.0161	0002.885
-00.2306	-00.0158	0002.886
-00.2285	-00.0167	0002.887
-00.2266	-00.0158	0002.888
-00.2245	-00.0158	0002.889
-00.2224	-00.0161	0002.890
-00.2205	-00.0161	0002.891
-00.2184	-00.0164	0002.892
-00.2163	-00.0161	0002.893
-00.2144	-00.0158	0002.894
-00.2123	-00.0161	0002.895
-00.2108	-00.0161	0002.896
-00.2086	-00.0158	0002.897
-00.2062	-00.0158	0002.898
-00.2040	-00.0161	0002.899
-00.2022	-00.0158	0002.900
-00.2007	-00.0161	0002.901
-00.1986	-00.0161	0002.902
-00.1961	-00.0161	0002.903
-00.1946	-00.0158	0002.904
-00.1928	-00.0158	0002.905
-00.1900	-00.0164	0002.906
-00.1885	-00.0155	0002.907
-00.1867	-00.0158	0002.908
-00.1842	-00.0161	0002.909
-00.1827	-00.0161	0002.910
-00.1802	-00.0161	0002.911
-00.1784	-00.0155	0002.912
-00.1763	-00.0161	0002.913
-00.1748	-00.0158	0002.914
-00.1723	-00.0164	0002.915
-00.1708	-00.0152	0002.916
-00.1680	-00.0155	0002.917
-00.1665	-00.0155	0002.918
-00.1641	-00.0155	0002.919
-00.1619	-00.0155	0002.920
-00.1601	-00.0155	0002.921
-00.1583	-00.0158	0002.922
-00.1567	-00.0158	0002.923
-00.1543	-00.0155	0002.924
-00.1522	-00.0155	0002.925
-00.1503	-00.0158	0002.926
-00.1479	-00.0161	0002.927
-00.1464	-00.0155	0002.928
-00.1439	-00.0158	0002.929
-00.1427	-00.0155	0002.930
-00.1400	-00.0158	0002.931
-00.1384	-00.0155	0002.932
-00.1366	-00.0158	0002.933
-00.1345	-00.0167	0002.934
-00.1323	-00.0152	0002.935
-00.1296	-00.0155	0002.936
-00.1287	-00.0155	0002.937
-00.1265	-00.0158	0002.938
-00.1244	-00.0158	0002.939
-00.1226	-00.0149	0002.940
-00.1204	-00.0155	0002.941
-00.1186	-00.0155	0002.942
-00.1165	-00.0158	0002.943
-00.1143	-00.0158	0002.944
-00.1122	-00.0155	0002.945
-00.1104	-00.0152	0002.946
-00.1082	-00.0155	0002.947
-00.1064	-00.0149	0002.948
-00.1046	-00.0152	0002.949
-00.1024	-00.0155	0002.950
-00.1003	-00.0155	0002.951
-00.0982	-00.0149	0002.952
-00.0963	-00.0155	0002.953
-00.0948	-00.0149	0002.954
-00.0927	-00.0155	0002.955
-00.0899	-00.0152	0002.956
-00.0887	-00.0152	0002.957
-00.0863	-00.0149	0002.958
-00.0847	-00.0152	0002.959
-00.0820	-00.0149	0002.960
-00.0805	-00.0155	0002.961
-00.0786	-00.0155	0002.962
-00.0765	-00.0152	0002.963
-00.0747	-00.0149	0002.964
-00.0719	-00.0152	0002.965
-00.0704	-00.0149	0002.966
-00.0682	-00.0152	0002.967
-00.0667	-00.0149	0002.968
-00.0640	-00.0152	0002.969
-00.0628	-00.0149	0002.970
-00.0597	-00.0152	0002.971
-00.0585	-00.0152	0002.972
-00.0566	-00.0149	0002.973
-00.0539	-00.0152	0002.974
-00.0521	-00.0155	0002.975
-00.0502	-00.0149	0002.976
-00.0484	-00.0146	0002.977
-00.0457	-00.0152	0002.978
-00.0447	-00.0152	0002.979
-00.0423	-00.0149	0002.980
-00.0405	-00.0149	0002.981
-00.0380	-00.0152	0002.982
-00.0365	-00.0146	0002.983
-00.0341	-00.0149	0002.984
-00.0316	-00.0152	0002.985
-00.0307	-00.0146	0002.986
-00.0280	-00.0152	0002.987
-00.0264	-00.0149	0002.988
-00.0243	-00.0146	0002.989
-00.0225	-00.0146	0002.990
-00.0197	-00.0149	0002.991
-00.0176	-00.0146	0002.992
-00.0164	-00.0146	0002.993
-00.0139	-00.0149	0002.994
-00.0121	-00.0149	0002.995
-00.0103	-00.0149	0002.996
-00.0084	-00.0149	0002.997
-00.0063	-00.0149	0002.998
-00.0045	-00.0149	0002.999
