R,Ohm	C,pF	Temp,C
0000000000	0000100000	+025.00
Ch1,V	Ch2,V	Time,s
-00.0002	-00.0009	0000.000
-00.0002	-00.0006	0000.001
+00.0200	-00.0015	0000.002
+00.0395	-00.0006	0000.003
+00.0596	-00.0012	0000.004
+00.0801	-00.0009	0000.005
+00.0999	-00.0006	0000.006
+00.1200	-00.0009	0000.007
+00.1396	-00.0006	0000.008
+00.1597	-00.0003	0000.009
+00.1799	+00.0000	0000.010
+00.1997	-00.0003	0000.011
+00.2198	-00.0003	0000.012
+00.2403	+00.0000	0000.013
+00.2601	-00.0003	0000.014
+00.2800	+00.0006	0000.015
+00.3004	+00.0000	0000.016
+00.3199	+00.0010	0000.017
+00.3404	+00.0003	0000.018
+00.3605	+00.0003	0000.019
+00.3804	+00.0006	0000.020
+00.4002	+00.0006	0000.021
+00.4206	+00.0010	0000.022
+00.4405	+00.0013	0000.023
+00.4603	+00.0016	0000.024
+00.4799	+00.0013	0000.025
+00.5003	+00.0013	0000.026
+00.5201	+00.0019	0000.027
+00.5403	+00.0016	0000.028
+00.5604	+00.0022	0000.029
+00.5803	+00.0022	0000.030
+00.6007	+00.0025	0000.031
+00.6208	+00.0028	0000.032
+00.6410	+00.0028	0000.033
+00.6602	+00.0037	0000.034
+00.6807	+00.0040	0000.035
+00.7008	+00.0052	0000.036
+00.7209	+00.0055	0000.037
+00.7408	+00.0058	0000.038
+00.7609	+00.0080	0000.039
+00.7811	+00.0092	0000.040
+00.8006	+00.0467	0000.041
+00.8207	+00.3702	0000.042
+00.8406	+00.4886	0000.043
+00.8607	+00.5265	0000.044
+00.8805	+00.5451	0000.045
+00.9010	+00.5600	0000.046
+00.9208	+00.5750	0000.047
+00.9413	+00.5881	0000.048
+00.9608	+00.6015	0000.049
+00.9806	+00.6137	0000.050
+01.0011	+00.6235	0000.051
+01.0212	+00.6324	0000.052
+01.0414	+00.6421	0000.053
+01.0612	+00.6543	0000.054
+01.0810	+00.6659	0000.055
+01.1015	+00.6772	0000.056
+01.1207	+00.6992	0000.057
+01.1412	+00.7059	0000.058
+01.1607	+00.7099	0000.059
+01.1814	+00.7141	0000.060
+01.2016	+00.7178	0000.061
+01.2211	+00.7206	0000.062
+01.2413	+00.7245	0000.063
+01.2617	+00.7254	0000.064
+01.2815	+00.7279	0000.065
+01.3011	+00.7294	0000.066
+01.3218	+00.7306	0000.067
+01.3414	+00.7325	0000.068
+01.3615	+00.7340	0000.069
+01.3816	+00.7355	0000.070
+01.4015	+00.7373	0000.071
+01.4213	+00.7383	0000.072
+01.4408	+00.7398	0000.073
+01.4616	+00.7404	0000.074
+01.4814	+00.7422	0000.075
+01.5019	+00.7431	0000.076
+01.5217	+00.7437	0000.077
+01.5419	+00.7453	0000.078
+01.5620	+00.7465	0000.079
+01.5818	+00.7468	0000.080
+01.6020	+00.7480	0000.081
+01.6224	+00.7492	0000.082
+01.6417	+00.7505	0000.083
+01.6618	+00.7508	0000.084
+01.6813	+00.7526	0000.085
+01.7021	+00.7529	0000.086
+01.7216	+00.7538	0000.087
+01.7414	+00.7550	0000.088
+01.7619	+00.7547	0000.089
+01.7820	+00.7560	0000.090
+01.8022	+00.7560	0000.091
+01.8220	+00.7566	0000.092
+01.8418	+00.7575	0000.093
+01.8617	+00.7578	0000.094
+01.8824	+00.7584	0000.095
+01.9020	+00.7584	0000.096
+01.9224	+00.7587	0000.097
+01.9423	+00.7593	0000.098
+01.9618	+00.7593	0000.099
+01.9822	+00.7599	0000.100
+02.0027	+00.7602	0000.101
+02.0219	+00.7608	0000.102
+02.0424	+00.7611	0000.103
+02.0622	+00.7611	0000.104
+02.0817	+00.7615	0000.105
+02.1028	+00.7621	0000.106
+02.1223	+00.7624	0000.107
+02.1434	+00.7630	0000.108
+02.1623	+00.7630	0000.109
+02.1824	+00.7633	0000.110
+02.2020	+00.7633	0000.111
+02.2224	+00.7639	0000.112
+02.2422	+00.7642	0000.113
+02.2630	+00.7642	0000.114
+02.2819	+00.7645	0000.115
+02.3027	+00.7651	0000.116
+02.3222	+00.7651	0000.117
+02.3423	+00.7657	0000.118
+02.3628	+00.7657	0000.119
+02.3829	+00.7657	0000.120
+02.4031	+00.7669	0000.121
+02.4229	+00.7666	0000.122
+02.4427	+00.7669	0000.123
+02.4629	+00.7672	0000.124
+02.4830	+00.7672	0000.125
+02.5026	+00.7676	0000.126
+02.5233	+00.7679	0000.127
+02.5428	+00.7679	0000.128
+02.5633	+00.7685	0000.129
+02.5828	+00.7691	0000.130
+02.6030	+00.7688	0000.131
+02.6228	+00.7688	0000.132
+02.6432	+00.7688	0000.133
+02.6628	+00.7697	0000.134
+02.6826	+00.7700	0000.135
+02.7034	+00.7700	0000.136
+02.7229	+00.7703	0000.137
+02.7433	+00.7700	0000.138
+02.7632	+00.7706	0000.139
+02.7830	+00.7712	0000.140
+02.8035	+00.7709	0000.141
+02.8236	+00.7715	0000.142
+02.8437	+00.7715	0000.143
+02.8639	+00.7715	0000.144
+02.8831	+00.7718	0000.145
+02.9036	+00.7721	0000.146
+02.9234	+00.7724	0000.147
+02.9432	+00.7721	0000.148
+02.9640	+00.7724	0000.149
+02.9835	+00.7734	0000.150
+03.0043	+00.7734	0000.151
+02.9838	+00.7734	0000.152
+02.9637	+00.7734	0000.153
+02.9435	+00.7734	0000.154
+02.9237	+00.7734	0000.155
+02.9042	+00.7730	0000.156
+02.8837	+00.7730	0000.157
+02.8633	+00.7734	0000.158
+02.8440	+00.7730	0000.159
+02.8242	+00.7730	0000.160
+02.8035	+00.7730	0000.161
+02.7839	+00.7730	0000.162
+02.7641	+00.7730	0000.163
+02.7436	+00.7727	0000.164
+02.7232	+00.7727	0000.165
+02.7031	+00.7724	0000.166
+02.6841	+00.7724	0000.167
+02.6634	+00.7727	0000.168
+02.6429	+00.7727	0000.169
+02.6231	+00.7721	0000.170
+02.6039	+00.7724	0000.171
+02.5831	+00.7721	0000.172
+02.5639	+00.7718	0000.173
+02.5428	+00.7718	0000.174
+02.5230	+00.7718	0000.175
+02.5032	+00.7718	0000.176
+02.4836	+00.7718	0000.177
+02.4629	+00.7712	0000.178
+02.4427	+00.7715	0000.179
+02.4232	+00.7715	0000.180
+02.4028	+00.7715	0000.181
+02.3826	+00.7712	0000.182
+02.3631	+00.7712	0000.183
+02.3433	+00.7715	0000.184
+02.3225	+00.7709	0000.185
+02.3033	+00.7709	0000.186
+02.2828	+00.7706	0000.187
+02.2627	+00.7706	0000.188
+02.2429	+00.7700	0000.189
+02.2224	+00.7703	0000.190
+02.2023	+00.7706	0000.191
+02.1827	+00.7700	0000.192
+02.1629	+00.7703	0000.193
+02.1428	+00.7700	0000.194
+02.1226	+00.7700	0000.195
+02.1028	+00.7703	0000.196
+02.0826	+00.7700	0000.197
+02.0625	+00.7697	0000.198
+02.0424	+00.7697	0000.199
+02.0225	+00.7691	0000.200
+02.0027	+00.7694	0000.201
+01.9825	+00.7694	0000.202
+01.9627	+00.7691	0000.203
+01.9426	+00.7685	0000.204
+01.9221	+00.7691	0000.205
+01.9023	+00.7688	0000.206
+01.8821	+00.7685	0000.207
+01.8623	+00.7688	0000.208
+01.8425	+00.7679	0000.209
+01.8223	+00.7682	0000.210
+01.8022	+00.7679	0000.211
+01.7817	+00.7679	0000.212
+01.7616	+00.7679	0000.213
+01.7421	+00.7676	0000.214
+01.7216	+00.7676	0000.215
+01.7024	+00.7672	0000.216
+01.6819	+00.7672	0000.217
+01.6621	+00.7676	0000.218
+01.6420	+00.7672	0000.219
+01.6221	+00.7669	0000.220
+01.6020	+00.7663	0000.221
+01.5825	+00.7666	0000.222
+01.5617	+00.7666	0000.223
+01.5419	+00.7663	0000.224
+01.5220	+00.7663	0000.225
+01.5019	+00.7660	0000.226
+01.4811	+00.7660	0000.227
+01.4619	+00.7654	0000.228
+01.4418	+00.7654	0000.229
+01.4216	+00.7660	0000.230
+01.4018	+00.7654	0000.231
+01.3816	+00.7651	0000.232
+01.3618	+00.7654	0000.233
+01.3417	+00.7651	0000.234
+01.3218	+00.7651	0000.235
+01.3014	+00.7651	0000.236
+01.2819	+00.7645	0000.237
+01.2617	+00.7648	0000.238
+01.2413	+00.7645	0000.239
+01.2217	+00.7639	0000.240
+01.2016	+00.7642	0000.241
+01.1811	+00.7639	0000.242
+01.1613	+00.7636	0000.243
+01.1409	+00.7636	0000.244
+01.1216	+00.7630	0000.245
+01.1015	+00.7630	0000.246
+01.0814	+00.7627	0000.247
+01.0618	+00.7627	0000.248
+01.0411	+00.7624	0000.249
+01.0209	+00.7630	0000.250
+01.0014	+00.7618	0000.251
+00.9813	+00.7624	0000.252
+00.9611	+00.7618	0000.253
+00.9413	+00.7618	0000.254
+00.9214	+00.7615	0000.255
+00.9010	+00.7615	0000.256
+00.8812	+00.7611	0000.257
+00.8607	+00.7615	0000.258
+00.8412	+00.7608	0000.259
+00.8210	+00.7605	0000.260
+00.8009	+00.7602	0000.261
+00.7811	+00.7602	0000.262
+00.7609	+00.7599	0000.263
+00.7408	+00.7596	0000.264
+00.7212	+00.7596	0000.265
+00.7008	+00.7593	0000.266
+00.6813	+00.7593	0000.267
+00.6605	+00.7590	0000.268
+00.6404	+00.7590	0000.269
+00.6208	+00.7581	0000.270
+00.6004	+00.7581	0000.271
+00.5809	+00.7575	0000.272
+00.5610	+00.7578	0000.273
+00.5406	+00.7572	0000.274
+00.5204	+00.7569	0000.275
+00.5009	+00.7566	0000.276
+00.4805	+00.7563	0000.277
+00.4609	+00.7557	0000.278
+00.4408	+00.7560	0000.279
+00.4213	+00.7553	0000.280
+00.4002	+00.7547	0000.281
+00.3801	+00.7544	0000.282
+00.3608	+00.7541	0000.283
+00.3404	+00.7535	0000.284
+00.3205	+00.7532	0000.285
+00.3004	+00.7529	0000.286
+00.2806	+00.7520	0000.287
+00.2604	+00.7517	0000.288
+00.2400	+00.7511	0000.289
+00.2201	+00.7502	0000.290
+00.2003	+00.7495	0000.291
+00.1805	+00.7486	0000.292
+00.1603	+00.7483	0000.293
+00.1402	+00.7471	0000.294
+00.1200	+00.7468	0000.295
+00.1002	+00.7459	0000.296
+00.0807	+00.7447	0000.297
+00.0599	+00.7431	0000.298
+00.0407	+00.7416	0000.299
