R,Ohm	C,pF	Temp,C
0000000000	0000100000	+025.00
Ch1,V	Ch2,V	Time,s
-00.0002	-00.0018	0000.000
-00.0002	-00.0012	0000.001
+00.0123	-00.0003	0000.002
+00.0239	-00.0009	0000.003
+00.0352	-00.0006	0000.004
+00.0477	-00.0003	0000.005
+00.0596	-00.0003	0000.006
+00.0715	-00.0006	0000.007
+00.0837	-00.0003	0000.008
+00.0956	+00.0000	0000.009
+00.1075	+00.0000	0000.010
+00.1200	+00.0000	0000.011
+00.1323	+00.0003	0000.012
+00.1432	+00.0013	0000.013
+00.1564	+00.0010	0000.014
+00.1674	+00.0013	0000.015
+00.1802	+00.0016	0000.016
+00.1918	+00.0019	0000.017
+00.2043	+00.0025	0000.018
+00.2159	+00.0025	0000.019
+00.2284	+00.0028	0000.020
+00.2403	+00.0034	0000.021
+00.2519	+00.0040	0000.022
+00.2644	+00.0040	0000.023
+00.2760	+00.0052	0000.024
+00.2882	+00.0052	0000.025
+00.3001	+00.0058	0000.026
+00.3117	+00.0068	0000.027
+00.3236	+00.0064	0000.028
+00.3358	+00.0074	0000.029
+00.3480	+00.0077	0000.030
+00.3602	+00.0086	0000.031
+00.3721	+00.0095	0000.032
+00.3843	+00.0101	0000.033
+00.3962	+00.0104	0000.034
+00.4084	+00.0110	0000.035
+00.4203	+00.0116	0000.036
+00.4322	+00.0125	0000.037
+00.4438	+00.0132	0000.038
+00.4570	+00.0135	0000.039
+00.4689	+00.0150	0000.040
+00.4802	+00.0156	0000.041
+00.4924	+00.0165	0000.042
+00.5046	+00.0165	0000.043
+00.5165	+00.0180	0000.044
+00.5281	+00.0183	0000.045
+00.5409	+00.0190	0000.046
+00.5525	+00.0196	0000.047
+00.5644	+00.0205	0000.048
+00.5763	+00.0214	0000.049
+00.5882	+00.0220	0000.050
+00.6001	+00.0229	0000.051
+00.6129	+00.0235	0000.052
+00.6242	+00.0241	0000.053
+00.6364	+00.0248	0000.054
+00.6486	+00.0254	0000.055
+00.6602	+00.0260	0000.056
+00.6724	+00.0266	0000.057
+00.6846	+00.0275	0000.058
+00.6965	+00.0278	0000.059
+00.7087	+00.0293	0000.060
+00.7206	+00.0287	0000.061
+00.7325	+00.0293	0000.062
+00.7438	+00.0296	0000.063
+00.7573	+00.0302	0000.064
+00.7682	+00.0309	0000.065
+00.7804	+00.0309	0000.066
+00.7927	+00.0318	0000.067
+00.8055	+00.0321	0000.068
+00.8168	+00.0327	0000.069
+00.8287	+00.0333	0000.070
+00.8406	+00.0333	0000.071
+00.8528	+00.0339	0000.072
+00.8650	+00.0342	0000.073
+00.8769	+00.0342	0000.074
+00.8888	+00.0348	0000.075
+00.9007	+00.0351	0000.076
+00.9126	+00.0354	0000.077
+00.9251	+00.0354	0000.078
+00.9370	+00.0360	0000.079
+00.9492	+00.0360	0000.080
+00.9605	+00.0370	0000.081
+00.9730	+00.0367	0000.082
+00.9849	+00.0373	0000.083
+00.9965	+00.0376	0000.084
+01.0084	+00.0376	0000.085
+01.0209	+00.0379	0000.086
+01.0328	+00.0382	0000.087
+01.0450	+00.0385	0000.088
+01.0572	+00.0388	0000.089
+01.0694	+00.0388	0000.090
+01.0807	+00.0388	0000.091
+01.0933	+00.0394	0000.092
+01.1052	+00.0391	0000.093
+01.1164	+00.0397	0000.094
+01.1293	+00.0397	0000.095
+01.1409	+00.0397	0000.096
+01.1528	+00.0397	0000.097
+01.1656	+00.0406	0000.098
+01.1772	+00.0403	0000.099
+01.1894	+00.0403	0000.100
+01.2016	+00.0406	0000.101
+01.2135	+00.0409	0000.102
+01.2257	+00.0409	0000.103
+01.2373	+00.0412	0000.104
+01.2498	+00.0412	0000.105
+01.2611	+00.0415	0000.106
+01.2730	+00.0412	0000.107
+01.2855	+00.0418	0000.108
+01.2974	+00.0422	0000.109
+01.3096	+00.0422	0000.110
+01.3215	+00.0418	0000.111
+01.3340	+00.0425	0000.112
+01.3453	+00.0425	0000.113
+01.3575	+00.0428	0000.114
+01.3697	+00.0428	0000.115
+01.3816	+00.0431	0000.116
+01.3939	+00.0428	0000.117
+01.4054	+00.0434	0000.118
+01.4177	+00.0431	0000.119
+01.4296	+00.0440	0000.120
+01.4415	+00.0434	0000.121
+01.4531	+00.0437	0000.122
+01.4656	+00.0440	0000.123
+01.4781	+00.0437	0000.124
+01.4894	+00.0443	0000.125
+01.5019	+00.0446	0000.126
+01.5138	+00.0446	0000.127
+01.5254	+00.0446	0000.128
+01.5373	+00.0446	0000.129
+01.5498	+00.0449	0000.130
+01.5620	+00.0452	0000.131
+01.5733	+00.0449	0000.132
+01.5858	+00.0455	0000.133
+01.5980	+00.0452	0000.134
+01.6096	+00.0458	0000.135
+01.6221	+00.0449	0000.136
+01.6340	+00.0455	0000.137
+01.6459	+00.0458	0000.138
+01.6581	+00.0458	0000.139
+01.6700	+00.0458	0000.140
+01.6819	+00.0464	0000.141
+01.6944	+00.0461	0000.142
+01.7064	+00.0467	0000.143
+01.7179	+00.0464	0000.144
+01.7299	+00.0467	0000.145
+01.7418	+00.0464	0000.146
+01.7540	+00.0467	0000.147
+01.7659	+00.0470	0000.148
+01.7784	+00.0470	0000.149
+01.7900	+00.0473	0000.150
+01.8025	+00.0476	0000.151
+01.8144	+00.0476	0000.152
+01.8260	+00.0473	0000.153
+01.8382	+00.0483	0000.154
+01.8504	+00.0473	0000.155
+01.8623	+00.0483	0000.156
+01.8745	+00.0479	0000.157
+01.8861	+00.0486	0000.158
+01.8980	+00.0489	0000.159
+01.9096	+00.0479	0000.160
+01.9218	+00.0489	0000.161
+01.9343	+00.0486	0000.162
+01.9462	+00.0486	0000.163
+01.9587	+00.0489	0000.164
+01.9700	+00.0489	0000.165
+01.9825	+00.0498	0000.166
+01.9944	+00.0489	0000.167
+02.0060	+00.0495	0000.168
+02.0179	+00.0498	0000.169
+02.0301	+00.0495	0000.170
+02.0424	+00.0498	0000.171
+02.0543	+00.0501	0000.172
+02.0668	+00.0498	0000.173
+02.0784	+00.0501	0000.174
+02.0903	+00.0504	0000.175
+02.1025	+00.0504	0000.176
+02.1150	+00.0504	0000.177
+02.1263	+00.0507	0000.178
+02.1379	+00.0504	0000.179
+02.1501	+00.0513	0000.180
+02.1623	+00.0510	0000.181
+02.1742	+00.0510	0000.182
+02.1867	+00.0516	0000.183
+02.1980	+00.0516	0000.184
+02.2105	+00.0516	0000.185
+02.2227	+00.0516	0000.186
+02.2337	+00.0519	0000.187
+02.2468	+00.0519	0000.188
+02.2587	+00.0519	0000.189
+02.2703	+00.0522	0000.190
+02.2822	+00.0519	0000.191
+02.2947	+00.0525	0000.192
+02.3069	+00.0528	0000.193
+02.3185	+00.0522	0000.194
+02.3310	+00.0525	0000.195
+02.3423	+00.0531	0000.196
+02.3549	+00.0531	0000.197
+02.3671	+00.0531	0000.198
+02.3787	+00.0528	0000.199
+02.3912	+00.0531	0000.200
+02.4028	+00.0534	0000.201
+02.4153	+00.0534	0000.202
+02.4266	+00.0534	0000.203
+02.4382	+00.0541	0000.204
+02.4510	+00.0541	0000.205
+02.4626	+00.0537	0000.206
+02.4748	+00.0534	0000.207
+02.4870	+00.0544	0000.208
+02.4989	+00.0547	0000.209
+02.5114	+00.0547	0000.210
+02.5227	+00.0547	0000.211
+02.5346	+00.0547	0000.212
+02.5468	+00.0550	0000.213
+02.5590	+00.0550	0000.214
+02.5715	+00.0550	0000.215
+02.5825	+00.0547	0000.216
+02.5956	+00.0556	0000.217
+02.6078	+00.0553	0000.218
+02.6191	+00.0556	0000.219
+02.6310	+00.0556	0000.220
+02.6429	+00.0559	0000.221
+02.6551	+00.0562	0000.222
+02.6667	+00.0562	0000.223
+02.6789	+00.0559	0000.224
+02.6912	+00.0565	0000.225
+02.7031	+00.0568	0000.226
+02.7147	+00.0562	0000.227
+02.7269	+00.0565	0000.228
+02.7391	+00.0562	0000.229
+02.7513	+00.0568	0000.230
+02.7626	+00.0574	0000.231
+02.7751	+00.0571	0000.232
+02.7876	+00.0577	0000.233
+02.7995	+00.0574	0000.234
+02.8108	+00.0580	0000.235
+02.8236	+00.0574	0000.236
+02.8361	+00.0577	0000.237
+02.8474	+00.0580	0000.238
+02.8602	+00.0577	0000.239
+02.8712	+00.0580	0000.240
+02.8834	+00.0583	0000.241
+02.8962	+00.0586	0000.242
+02.9078	+00.0586	0000.243
+02.9191	+00.0589	0000.244
+02.9322	+00.0589	0000.245
+02.9435	+00.0589	0000.246
+02.9557	+00.0592	0000.247
+02.9676	+00.0592	0000.248
+02.9802	+00.0589	0000.249
+02.9918	+00.0595	0000.250
+03.0040	+00.0599	0000.251
+02.9924	+00.0595	0000.252
+02.9799	+00.0599	0000.253
+02.9683	+00.0592	0000.254
+02.9554	+00.0599	0000.255
+02.9438	+00.0599	0000.256
+02.9322	+00.0599	0000.257
+02.9197	+00.0595	0000.258
+02.9078	+00.0592	0000.259
+02.8959	+00.0599	0000.260
+02.8834	+00.0595	0000.261
+02.8721	+00.0599	0000.262
+02.8599	+00.0595	0000.263
+02.8477	+00.0599	0000.264
+02.8355	+00.0595	0000.265
+02.8239	+00.0595	0000.266
+02.8111	+00.0595	0000.267
+02.7992	+00.0595	0000.268
+02.7876	+00.0592	0000.269
+02.7751	+00.0599	0000.270
+02.7635	+00.0592	0000.271
+02.7522	+00.0592	0000.272
+02.7397	+00.0595	0000.273
+02.7272	+00.0592	0000.274
+02.7159	+00.0592	0000.275
+02.7031	+00.0592	0000.276
+02.6912	+00.0589	0000.277
+02.6793	+00.0589	0000.278
+02.6677	+00.0589	0000.279
+02.6548	+00.0592	0000.280
+02.6435	+00.0595	0000.281
+02.6313	+00.0589	0000.282
+02.6191	+00.0589	0000.283
+02.6078	+00.0586	0000.284
+02.5947	+00.0592	0000.285
+02.5828	+00.0589	0000.286
+02.5715	+00.0589	0000.287
+02.5596	+00.0592	0000.288
+02.5471	+00.0583	0000.289
+02.5352	+00.0589	0000.290
+02.5236	+00.0589	0000.291
+02.5108	+00.0589	0000.292
+02.4992	+00.0586	0000.293
+02.4870	+00.0583	0000.294
+02.4748	+00.0589	0000.295
+02.4632	+00.0586	0000.296
+02.4510	+00.0583	0000.297
+02.4388	+00.0583	0000.298
+02.4272	+00.0583	0000.299
+02.4156	+00.0580	0000.300
+02.4034	+00.0583	0000.301
+02.3909	+00.0583	0000.302
+02.3790	+00.0580	0000.303
+02.3671	+00.0583	0000.304
+02.3549	+00.0580	0000.305
+02.3429	+00.0583	0000.306
+02.3307	+00.0580	0000.307
+02.3191	+00.0577	0000.308
+02.3069	+00.0580	0000.309
+02.2947	+00.0589	0000.310
+02.2828	+00.0577	0000.311
+02.2709	+00.0577	0000.312
+02.2590	+00.0577	0000.313
+02.2462	+00.0577	0000.314
+02.2346	+00.0577	0000.315
+02.2233	+00.0577	0000.316
+02.2102	+00.0574	0000.317
+02.1983	+00.0577	0000.318
+02.1864	+00.0574	0000.319
+02.1745	+00.0574	0000.320
+02.1629	+00.0574	0000.321
+02.1510	+00.0574	0000.322
+02.1388	+00.0571	0000.323
+02.1263	+00.0574	0000.324
+02.1150	+00.0571	0000.325
+02.1025	+00.0571	0000.326
+02.0900	+00.0568	0000.327
+02.0784	+00.0574	0000.328
+02.0668	+00.0568	0000.329
+02.0543	+00.0568	0000.330
+02.0427	+00.0571	0000.331
+02.0304	+00.0568	0000.332
+02.0192	+00.0568	0000.333
+02.0066	+00.0562	0000.334
+01.9947	+00.0568	0000.335
+01.9828	+00.0565	0000.336
+01.9706	+00.0568	0000.337
+01.9584	+00.0562	0000.338
+01.9462	+00.0565	0000.339
+01.9340	+00.0562	0000.340
+01.9227	+00.0565	0000.341
+01.9102	+00.0559	0000.342
+01.8983	+00.0562	0000.343
+01.8864	+00.0562	0000.344
+01.8742	+00.0559	0000.345
+01.8623	+00.0559	0000.346
+01.8510	+00.0562	0000.347
+01.8379	+00.0556	0000.348
+01.8260	+00.0562	0000.349
+01.8150	+00.0559	0000.350
+01.8028	+00.0553	0000.351
+01.7900	+00.0556	0000.352
+01.7781	+00.0559	0000.353
+01.7665	+00.0559	0000.354
+01.7543	+00.0556	0000.355
+01.7424	+00.0556	0000.356
+01.7305	+00.0556	0000.357
+01.7179	+00.0553	0000.358
+01.7064	+00.0550	0000.359
+01.6941	+00.0553	0000.360
+01.6825	+00.0550	0000.361
+01.6703	+00.0553	0000.362
+01.6581	+00.0550	0000.363
+01.6462	+00.0547	0000.364
+01.6343	+00.0550	0000.365
+01.6218	+00.0550	0000.366
+01.6102	+00.0559	0000.367
+01.5980	+00.0550	0000.368
+01.5864	+00.0547	0000.369
+01.5736	+00.0550	0000.370
+01.5614	+00.0547	0000.371
+01.5501	+00.0544	0000.372
+01.5379	+00.0541	0000.373
+01.5260	+00.0541	0000.374
+01.5138	+00.0544	0000.375
+01.5016	+00.0537	0000.376
+01.4900	+00.0541	0000.377
+01.4778	+00.0541	0000.378
+01.4665	+00.0537	0000.379
+01.4540	+00.0541	0000.380
+01.4418	+00.0537	0000.381
+01.4299	+00.0537	0000.382
+01.4180	+00.0534	0000.383
+01.4061	+00.0534	0000.384
+01.3939	+00.0537	0000.385
+01.3816	+00.0534	0000.386
+01.3697	+00.0534	0000.387
+01.3581	+00.0534	0000.388
+01.3462	+00.0537	0000.389
+01.3334	+00.0531	0000.390
+01.3218	+00.0528	0000.391
+01.3093	+00.0531	0000.392
+01.2977	+00.0534	0000.393
+01.2861	+00.0531	0000.394
+01.2733	+00.0528	0000.395
+01.2617	+00.0525	0000.396
+01.2495	+00.0528	0000.397
+01.2370	+00.0525	0000.398
+01.2257	+00.0525	0000.399
+01.2138	+00.0522	0000.400
+01.2016	+00.0522	0000.401
+01.1894	+00.0522	0000.402
+01.1775	+00.0522	0000.403
+01.1656	+00.0522	0000.404
+01.1531	+00.0519	0000.405
+01.1415	+00.0522	0000.406
+01.1299	+00.0519	0000.407
+01.1174	+00.0519	0000.408
+01.1055	+00.0513	0000.409
+01.0933	+00.0516	0000.410
+01.0814	+00.0513	0000.411
+01.0691	+00.0516	0000.412
+01.0575	+00.0513	0000.413
+01.0453	+00.0513	0000.414
+01.0334	+00.0513	0000.415
+01.0215	+00.0510	0000.416
+01.0093	+00.0510	0000.417
+00.9968	+00.0510	0000.418
+00.9855	+00.0510	0000.419
+00.9733	+00.0507	0000.420
+00.9611	+00.0504	0000.421
+00.9498	+00.0504	0000.422
+00.9370	+00.0504	0000.423
+00.9251	+00.0507	0000.424
+00.9129	+00.0501	0000.425
+00.9013	+00.0501	0000.426
+00.8891	+00.0498	0000.427
+00.8769	+00.0498	0000.428
+00.8653	+00.0498	0000.429
+00.8531	+00.0498	0000.430
+00.8406	+00.0498	0000.431
+00.8287	+00.0498	0000.432
+00.8171	+00.0495	0000.433
+00.8046	+00.0495	0000.434
+00.7930	+00.0495	0000.435
+00.7808	+00.0489	0000.436
+00.7692	+00.0489	0000.437
+00.7573	+00.0489	0000.438
+00.7444	+00.0483	0000.439
+00.7328	+00.0489	0000.440
+00.7209	+00.0486	0000.441
+00.7090	+00.0489	0000.442
+00.6971	+00.0479	0000.443
+00.6849	+00.0483	0000.444
+00.6730	+00.0479	0000.445
+00.6608	+00.0483	0000.446
+00.6489	+00.0476	0000.447
+00.6367	+00.0476	0000.448
+00.6248	+00.0473	0000.449
+00.6126	+00.0473	0000.450
+00.6007	+00.0470	0000.451
+00.5885	+00.0470	0000.452
+00.5769	+00.0473	0000.453
+00.5653	+00.0470	0000.454
+00.5525	+00.0467	0000.455
+00.5403	+00.0467	0000.456
+00.5287	+00.0461	0000.457
+00.5165	+00.0467	0000.458
+00.5046	+00.0461	0000.459
+00.4927	+00.0458	0000.460
+00.4808	+00.0458	0000.461
+00.4689	+00.0455	0000.462
+00.4567	+00.0449	0000.463
+00.4448	+00.0452	0000.464
+00.4325	+00.0449	0000.465
+00.4206	+00.0446	0000.466
+00.4084	+00.0440	0000.467
+00.3962	+00.0446	0000.468
+00.3846	+00.0446	0000.469
+00.3724	+00.0446	0000.470
+00.3605	+00.0434	0000.471
+00.3483	+00.0437	0000.472
+00.3364	+00.0437	0000.473
+00.3239	+00.0437	0000.474
+00.3123	+00.0434	0000.475
+00.3007	+00.0428	0000.476
+00.2885	+00.0425	0000.477
+00.2763	+00.0425	0000.478
+00.2647	+00.0422	0000.479
+00.2525	+00.0418	0000.480
+00.2403	+00.0412	0000.481
+00.2287	+00.0412	0000.482
+00.2159	+00.0415	0000.483
+00.2040	+00.0409	0000.484
+00.1921	+00.0406	0000.485
+00.1805	+00.0400	0000.486
+00.1689	+00.0400	0000.487
+00.1561	+00.0391	0000.488
+00.1442	+00.0391	0000.489
+00.1323	+00.0391	0000.490
+00.1204	+00.0385	0000.491
+00.1081	+00.0382	0000.492
+00.0962	+00.0376	0000.493
+00.0843	+00.0373	0000.494
+00.0721	+00.0370	0000.495
+00.0602	+00.0364	0000.496
+00.0480	+00.0364	0000.497
+00.0358	+00.0354	0000.498
+00.0239	+00.0345	0000.499
