R,Ohm	C,pF	Temp,C
0000000000	0000100000	+025.00
Ch1,V	Ch2,V	Time,s
-00.0002	-00.0006	0000.000
-00.0002	-00.0009	0000.001
+00.0447	+00.0013	0000.002
+00.0895	+00.0052	0000.003
+00.1353	+00.0129	0000.004
+00.1799	+00.0232	0000.005
+00.2253	+00.0354	0000.006
+00.2699	+00.0501	0000.007
+00.3154	+00.0669	0000.008
+00.3605	+00.0864	0000.009
+00.4054	+00.1075	0000.010
+00.4496	+00.1310	0000.011
+00.4954	+00.1563	0000.012
+00.5406	+00.1844	0000.013
+00.5854	+00.2137	0000.014
+00.6309	+00.2457	0000.015
+00.6752	+00.2790	0000.016
+00.7209	+00.3150	0000.017
+00.7655	+00.3534	0000.018
+00.8107	+00.3943	0000.019
+00.8552	+00.4386	0000.020
+00.9007	+00.4828	0000.021
+00.9459	+00.5274	0000.022
+00.9913	+00.5713	0000.023
+01.0368	+00.6131	0000.024
+01.0814	+00.6549	0000.025
+01.1262	+00.6949	0000.026
+01.1714	+00.7334	0000.027
+01.2162	+00.7712	0000.028
+01.2614	+00.8081	0000.029
+01.3063	+00.8438	0000.030
+01.3511	+00.8789	0000.031
+01.3963	+00.9125	0000.032
+01.4415	+00.9452	0000.033
+01.4869	+00.9781	0000.034
+01.5321	+01.0089	0000.035
+01.5770	+01.0385	0000.036
+01.6218	+01.0675	0000.037
+01.6673	+01.0947	0000.038
+01.7118	+01.1203	0000.039
+01.7576	+01.1441	0000.040
+01.8019	+01.1667	0000.041
+01.8470	+01.1878	0000.042
+01.8919	+01.2073	0000.043
+01.9371	+01.2259	0000.044
+01.9825	+01.2433	0000.045
+02.0277	+01.2595	0000.046
+02.0729	+01.2745	0000.047
+02.1171	+01.2882	0000.048
+02.1626	+01.3001	0000.049
+02.2078	+01.3120	0000.050
+02.2526	+01.3233	0000.051
+02.2975	+01.3327	0000.052
+02.3429	+01.3413	0000.053
+02.3878	+01.3495	0000.054
+02.4327	+01.3572	0000.055
+02.4778	+01.3639	0000.056
+02.5233	+01.3706	0000.057
+02.5682	+01.3767	0000.058
+02.6130	+01.3822	0000.059
+02.6585	+01.3871	0000.060
+02.7031	+01.3916	0000.061
+02.7485	+01.3956	0000.062
+02.7937	+01.3996	0000.063
+02.8386	+01.4038	0000.064
+02.8834	+01.4081	0000.065
+02.9283	+01.4112	0000.066
+02.9741	+01.4145	0000.067
+03.0189	+01.4185	0000.068
+03.0638	+01.4219	0000.069
+03.1086	+01.4246	0000.070
+03.1538	+01.4280	0000.071
+03.1987	+01.4310	0000.072
+03.2447	+01.4331	0000.073
+03.2890	+01.4353	0000.074
+03.3335	+01.4386	0000.075
+03.3793	+01.4408	0000.076
+03.4248	+01.4441	0000.077
+03.4697	+01.4469	0000.078
+03.5142	+01.4490	0000.079
+03.5597	+01.4511	0000.080
+03.6042	+01.4539	0000.081
+03.6494	+01.4563	0000.082
+03.6943	+01.4588	0000.083
+03.7397	+01.4606	0000.084
+03.7840	+01.4630	0000.085
+03.8298	+01.4655	0000.086
+03.8749	+01.4670	0000.087
+03.9201	+01.4695	0000.088
+03.9647	+01.4716	0000.089
+04.0095	+01.4740	0000.090
+04.0553	+01.4756	0000.091
+04.0998	+01.4774	0000.092
+04.1453	+01.4792	0000.093
+04.1899	+01.4820	0000.094
+04.2353	+01.4835	0000.095
+04.2799	+01.4850	0000.096
+04.3254	+01.4865	0000.097
+04.3705	+01.4884	0000.098
+04.4157	+01.4997	0000.099
+04.4603	+01.4933	0000.100
+04.5054	+01.4957	0000.101
+04.4612	+01.4960	0000.102
+04.4151	+01.4948	0000.103
+04.3718	+01.4948	0000.104
+04.3263	+01.4945	0000.105
+04.2805	+01.4939	0000.106
+04.2353	+01.4936	0000.107
+04.1899	+01.4927	0000.108
+04.1453	+01.4920	0000.109
+04.1005	+01.4914	0000.110
+04.0547	+01.4911	0000.111
+04.0101	+01.4905	0000.112
+03.9656	+01.4899	0000.113
+03.9204	+01.4887	0000.114
+03.8755	+01.4878	0000.115
+03.8304	+01.4869	0000.116
+03.7852	+01.4865	0000.117
+03.7400	+01.4856	0000.118
+03.6946	+01.4847	0000.119
+03.6497	+01.4835	0000.120
+03.6052	+01.4829	0000.121
+03.5600	+01.4817	0000.122
+03.5145	+01.4804	0000.123
+03.4700	+01.4798	0000.124
+03.4245	+01.4780	0000.125
+03.3796	+01.4774	0000.126
+03.3348	+01.4765	0000.127
+03.2893	+01.4753	0000.128
+03.2441	+01.4743	0000.129
+03.1990	+01.4731	0000.130
+03.1547	+01.4719	0000.131
+03.1086	+01.4704	0000.132
+03.0644	+01.4688	0000.133
+03.0189	+01.4673	0000.134
+02.9744	+01.4661	0000.135
+02.9289	+01.4652	0000.136
+02.8837	+01.4640	0000.137
+02.8392	+01.4624	0000.138
+02.7937	+01.4612	0000.139
+02.7485	+01.4600	0000.140
+02.7037	+01.4576	0000.141
+02.6582	+01.4569	0000.142
+02.6136	+01.4554	0000.143
+02.5685	+01.4536	0000.144
+02.5233	+01.4515	0000.145
+02.4781	+01.4505	0000.146
+02.4339	+01.4484	0000.147
+02.3875	+01.4469	0000.148
+02.3426	+01.4457	0000.149
+02.2981	+01.4432	0000.150
+02.2523	+01.4423	0000.151
+02.2078	+01.4399	0000.152
+02.1629	+01.4383	0000.153
+02.1180	+01.4362	0000.154
+02.0726	+01.4341	0000.155
+02.0277	+01.4322	0000.156
+01.9828	+01.4304	0000.157
+01.9371	+01.4289	0000.158
+01.8928	+01.4261	0000.159
+01.8476	+01.4249	0000.160
+01.8025	+01.4219	0000.161
+01.7576	+01.4197	0000.162
+01.7125	+01.4176	0000.163
+01.6673	+01.4154	0000.164
+01.6227	+01.4127	0000.165
+01.5770	+01.4106	0000.166
+01.5321	+01.4075	0000.167
+01.4872	+01.4054	0000.168
+01.4418	+01.4023	0000.169
+01.3969	+01.4002	0000.170
+01.3517	+01.3968	0000.171
+01.3075	+01.3941	0000.172
+01.2617	+01.3907	0000.173
+01.2165	+01.3880	0000.174
+01.1720	+01.3843	0000.175
+01.1265	+01.3810	0000.176
+01.0817	+01.3776	0000.177
+01.0368	+01.3742	0000.178
+00.9919	+01.3706	0000.179
+00.9465	+01.3669	0000.180
+00.9013	+01.3626	0000.181
+00.8561	+01.3584	0000.182
+00.8110	+01.3541	0000.183
+00.7658	+01.3489	0000.184
+00.7212	+01.3437	0000.185
+00.6755	+01.3382	0000.186
+00.6309	+01.3327	0000.187
+00.5857	+01.3263	0000.188
+00.5406	+01.3199	0000.189
+00.4954	+01.3126	0000.190
+00.4506	+01.3053	0000.191
+00.4057	+01.2970	0000.192
+00.3605	+01.2882	0000.193
+00.3154	+01.2790	0000.194
+00.2705	+01.2687	0000.195
+00.2253	+01.2577	0000.196
+00.1802	+01.2458	0000.197
+00.1353	+01.2333	0000.198
+00.0898	+01.2195	0000.199
