R,Ohm	C,pF	Temp,C
0000000000	0000100000	+025.00
Ch1,V	Ch2,V	Time,s
-00.0002	-00.0006	0000.000
-00.0008	-00.0009	0000.001
-00.0023	-00.0006	0000.002
-00.0042	-00.0006	0000.003
-00.0063	-00.0009	0000.004
-00.0081	-00.0006	0000.005
-00.0103	-00.0009	0000.006
-00.0121	-00.0009	0000.007
-00.0142	-00.0009	0000.008
-00.0164	-00.0009	0000.009
-00.0179	-00.0006	0000.010
-00.0200	-00.0009	0000.011
-00.0219	-00.0009	0000.012
-00.0237	-00.0003	0000.013
-00.0258	-00.0009	0000.014
-00.0277	-00.0012	0000.015
-00.0301	-00.0009	0000.016
-00.0322	-00.0009	0000.017
-00.0338	-00.0012	0000.018
-00.0359	-00.0012	0000.019
-00.0383	-00.0009	0000.020
-00.0399	-00.0009	0000.021
-00.0423	-00.0009	0000.022
-00.0441	-00.0009	0000.023
-00.0463	-00.0015	0000.024
-00.0478	-00.0012	0000.025
-00.0502	-00.0009	0000.026
-00.0521	-00.0015	0000.027
-00.0539	-00.0009	0000.028
-00.0560	-00.0012	0000.029
-00.0582	-00.0018	0000.030
-00.0603	-00.0012	0000.031
-00.0621	-00.0009	0000.032
-00.0643	-00.0012	0000.033
-00.0661	-00.0012	0000.034
-00.0679	-00.0018	0000.035
-00.0707	-00.0009	0000.036
-00.0722	-00.0009	0000.037
-00.0737	-00.0015	0000.038
-00.0759	-00.0012	0000.039
-00.0783	-00.0018	0000.040
-00.0801	-00.0015	0000.041
-00.0823	-00.0012	0000.042
-00.0841	-00.0021	0000.043
-00.0863	-00.0018	0000.044
-00.0884	-00.0021	0000.045
-00.0902	-00.0018	0000.046
-00.0924	-00.0021	0000.047
-00.0942	-00.0021	0000.048
-00.0960	-00.0018	0000.049
-00.0982	-00.0024	0000.050
-00.1003	-00.0027	0000.051
-00.1021	-00.0024	0000.052
-00.1040	-00.0027	0000.053
-00.1061	-00.0021	0000.054
-00.1085	-00.0024	0000.055
-00.1107	-00.0030	0000.056
-00.1119	-00.0030	0000.057
-00.1143	-00.0027	0000.058
-00.1162	-00.0033	0000.059
-00.1183	-00.0030	0000.060
-00.1198	-00.0030	0000.061
-00.1223	-00.0033	0000.062
-00.1241	-00.0033	0000.063
-00.1262	-00.0033	0000.064
-00.1284	-00.0033	0000.065
-00.1302	-00.0039	0000.066
-00.1323	-00.0033	0000.067
-00.1345	-00.0039	0000.068
-00.1363	-00.0039	0000.069
-00.1384	-00.0039	0000.070
-00.1400	-00.0039	0000.071
-00.1421	-00.0045	0000.072
-00.1445	-00.0039	0000.073
-00.1461	-00.0039	0000.074
-00.1482	-00.0042	0000.075
-00.1506	-00.0042	0000.076
-00.1528	-00.0048	0000.077
-00.1543	-00.0042	0000.078
-00.1561	-00.0045	0000.079
-00.1586	-00.0048	0000.080
-00.1601	-00.0052	0000.081
-00.1622	-00.0052	0000.082
-00.1644	-00.0055	0000.083
-00.1662	-00.0055	0000.084
-00.1680	-00.0055	0000.085
-00.1702	-00.0055	0000.086
-00.1720	-00.0058	0000.087
-00.1744	-00.0055	0000.088
-00.1757	-00.0058	0000.089
-00.1784	-00.0064	0000.090
-00.1802	-00.0064	0000.091
-00.1827	-00.0061	0000.092
-00.1842	-00.0067	0000.093
-00.1860	-00.0070	0000.094
-00.1885	-00.0070	0000.095
-00.1900	-00.0073	0000.096
-00.1928	-00.0076	0000.097
-00.1946	-00.0073	0000.098
-00.1961	-00.0082	0000.099
-00.1983	-00.0085	0000.100
-00.2004	-00.0088	0000.101
-00.2016	-00.0085	0000.102
-00.2044	-00.0091	0000.103
-00.2059	-00.0094	0000.104
-00.2080	-00.0091	0000.105
-00.2105	-00.0100	0000.106
-00.2120	-00.0097	0000.107
-00.2144	-00.0106	0000.108
-00.2163	-00.0106	0000.109
-00.2184	-00.0106	0000.110
-00.2205	-00.0109	0000.111
-00.2227	-00.0113	0000.112
-00.2245	-00.0113	0000.113
-00.2263	-00.0116	0000.114
-00.2288	-00.0122	0000.115
-00.2303	-00.0125	0000.116
-00.2327	-00.0125	0000.117
-00.2343	-00.0131	0000.118
-00.2358	-00.0131	0000.119
-00.2385	-00.0134	0000.120
-00.2407	-00.0140	0000.121
-00.2422	-00.0143	0000.122
-00.2446	-00.0143	0000.123
-00.2468	-00.0149	0000.124
-00.2486	-00.0155	0000.125
-00.2504	-00.0149	0000.126
-00.2523	-00.0158	0000.127
-00.2547	-00.0161	0000.128
-00.2565	-00.0161	0000.129
-00.2584	-00.0167	0000.130
-00.2602	-00.0167	0000.131
-00.2623	-00.0177	0000.132
-00.2642	-00.0183	0000.133
-00.2663	-00.0180	0000.134
-00.2687	-00.0189	0000.135
-00.2706	-00.0195	0000.136
-00.2724	-00.0198	0000.137
-00.2742	-00.0201	0000.138
-00.2767	-00.0210	0000.139
-00.2782	-00.0216	0000.140
-00.2800	-00.0222	0000.141
-00.2825	-00.0225	0000.142
-00.2840	-00.0232	0000.143
-00.2868	-00.0235	0000.144
-00.2883	-00.0244	0000.145
-00.2907	-00.0253	0000.146
-00.2922	-00.0265	0000.147
-00.2947	-00.0268	0000.148
-00.2962	-00.0280	0000.149
-00.2983	-00.0283	0000.150
-00.3005	-00.0293	0000.151
-00.3026	-00.0302	0000.152
-00.3045	-00.0308	0000.153
-00.3063	-00.0314	0000.154
-00.3084	-00.0320	0000.155
-00.3103	-00.0332	0000.156
-00.3127	-00.0338	0000.157
-00.3145	-00.0348	0000.158
-00.3167	-00.0354	0000.159
-00.3182	-00.0366	0000.160
-00.3206	-00.0372	0000.161
-00.3225	-00.0381	0000.162
-00.3243	-00.0390	0000.163
-00.3267	-00.0402	0000.164
-00.3283	-00.0409	0000.165
-00.3307	-00.0418	0000.166
-00.3322	-00.0424	0000.167
-00.3344	-00.0436	0000.168
-00.3365	-00.0442	0000.169
-00.3383	-00.0457	0000.170
-00.3402	-00.0470	0000.171
-00.3426	-00.0476	0000.172
-00.3441	-00.0488	0000.173
-00.3466	-00.0500	0000.174
-00.3487	-00.0518	0000.175
-00.3505	-00.0528	0000.176
-00.3530	-00.0540	0000.177
-00.3545	-00.0552	0000.178
-00.3563	-00.0564	0000.179
-00.3585	-00.0576	0000.180
-00.3606	-00.0586	0000.181
-00.3630	-00.0604	0000.182
-00.3643	-00.0616	0000.183
-00.3664	-00.0631	0000.184
-00.3688	-00.0647	0000.185
-00.3704	-00.0656	0000.186
-00.3722	-00.0677	0000.187
-00.3743	-00.0695	0000.188
-00.3768	-00.0708	0000.189
-00.3786	-00.0726	0000.190
-00.3807	-00.0747	0000.191
-00.3826	-00.0766	0000.192
-00.3844	-00.0784	0000.193
-00.3865	-00.0808	0000.194
-00.3887	-00.0830	0000.195
-00.3905	-00.0848	0000.196
-00.3923	-00.0875	0000.197
-00.3942	-00.0891	0000.198
-00.3963	-00.0915	0000.199
-00.3991	-00.0937	0000.200
-00.4009	-00.0955	0000.201
-00.4021	-00.0985	0000.202
-00.4045	-00.1001	0000.203
-00.4073	-00.1028	0000.204
-00.4085	-00.1052	0000.205
-00.4110	-00.1077	0000.206
-00.4128	-00.1095	0000.207
-00.4146	-00.1123	0000.208
-00.4168	-00.1147	0000.209
-00.4189	-00.1175	0000.210
-00.4204	-00.1193	0000.211
-00.4226	-00.1220	0000.212
-00.4250	-00.1245	0000.213
-00.4265	-00.1269	0000.214
-00.4287	-00.1291	0000.215
-00.4305	-00.1318	0000.216
-00.4326	-00.1345	0000.217
-00.4351	-00.1376	0000.218
-00.4363	-00.1410	0000.219
-00.4390	-00.1437	0000.220
-00.4409	-00.1471	0000.221
-00.4427	-00.1504	0000.222
-00.4448	-00.1529	0000.223
-00.4470	-00.1565	0000.224
-00.4491	-00.1593	0000.225
-00.4506	-00.1635	0000.226
-00.4528	-00.1678	0000.227
-00.4546	-00.1715	0000.228
-00.4573	-00.1764	0000.229
-00.4586	-00.1797	0000.230
-00.4610	-00.1831	0000.231
-00.4625	-00.1867	0000.232
-00.4647	-00.1910	0000.233
-00.4668	-00.1944	0000.234
-00.4686	-00.1977	0000.235
-00.4708	-00.2014	0000.236
-00.4726	-00.2053	0000.237
-00.4747	-00.2087	0000.238
-00.4766	-00.2124	0000.239
-00.4787	-00.2163	0000.240
-00.4808	-00.2203	0000.241
-00.4827	-00.2255	0000.242
-00.4851	-00.2319	0000.243
-00.4866	-00.2365	0000.244
-00.4888	-00.2420	0000.245
-00.4906	-00.2481	0000.246
-00.4927	-00.2530	0000.247
-00.4949	-00.2594	0000.248
-00.4964	-00.2691	0000.249
-00.4982	-00.2780	0000.250
-00.5010	-00.2877	0000.251
-00.5025	-00.2990	0000.252
-00.5046	-00.3085	0000.253
-00.5062	-00.3170	0000.254
-00.5089	-00.3253	0000.255
-00.5104	-00.3329	0000.256
-00.5129	-00.3402	0000.257
-00.5147	-00.3473	0000.258
-00.5165	-00.3537	0000.259
-00.5187	-00.3607	0000.260
-00.5205	-00.3680	0000.261
-00.5230	-00.3750	0000.262
-00.5242	-00.3823	0000.263
-00.5269	-00.3900	0000.264
-00.5288	-00.3973	0000.265
-00.5309	-00.4052	0000.266
-00.5324	-00.4138	0000.267
-00.5352	-00.4217	0000.268
-00.5367	-00.4300	0000.269
-00.5391	-00.4379	0000.270
-00.5410	-00.4443	0000.271
-00.5425	-00.4495	0000.272
-00.5446	-00.4553	0000.273
-00.5474	-00.4599	0000.274
-00.5489	-00.4644	0000.275
-00.5510	-00.4693	0000.276
-00.5526	-00.4736	0000.277
-00.5550	-00.4779	0000.278
-00.5568	-00.4821	0000.279
-00.5587	-00.4858	0000.280
-00.5605	-00.4898	0000.281
-00.5632	-00.4922	0000.282
-00.5648	-00.4959	0000.283
-00.5666	-00.4995	0000.284
-00.5690	-00.5029	0000.285
-00.5709	-00.5056	0000.286
-00.5730	-00.5084	0000.287
-00.5748	-00.5108	0000.288
-00.5767	-00.5133	0000.289
-00.5782	-00.5160	0000.290
-00.5806	-00.5182	0000.291
-00.5831	-00.5206	0000.292
-00.5849	-00.5230	0000.293
-00.5867	-00.5249	0000.294
-00.5889	-00.5273	0000.295
-00.5907	-00.5291	0000.296
-00.5928	-00.5313	0000.297
-00.5947	-00.5334	0000.298
-00.5968	-00.5352	0000.299
-00.5983	-00.5377	0000.300
-00.6008	-00.5395	0000.301
-00.6026	-00.5413	0000.302
-00.6047	-00.5435	0000.303
-00.6066	-00.5453	0000.304
-00.6093	-00.5471	0000.305
-00.6108	-00.5505	0000.306
-00.6133	-00.5529	0000.307
-00.6151	-00.5557	0000.308
-00.6166	-00.5581	0000.309
-00.6188	-00.5609	0000.310
-00.6209	-00.5633	0000.311
-00.6228	-00.5661	0000.312
-00.6249	-00.5685	0000.313
-00.6270	-00.5716	0000.314
-00.6289	-00.5752	0000.315
-00.6307	-00.5774	0000.316
-00.6331	-00.5798	0000.317
-00.6350	-00.5816	0000.318
-00.6368	-00.5838	0000.319
-00.6389	-00.5862	0000.320
-00.6411	-00.5893	0000.321
-00.6426	-00.5917	0000.322
-00.6453	-00.5951	0000.323
-00.6469	-00.5990	0000.324
-00.6490	-00.6015	0000.325
-00.6508	-00.6051	0000.326
-00.6527	-00.6073	0000.327
-00.6548	-00.6100	0000.328
-00.6566	-00.6121	0000.329
-00.6594	-00.6146	0000.330
-00.6609	-00.6167	0000.331
-00.6630	-00.6189	0000.332
-00.6649	-00.6213	0000.333
-00.6670	-00.6231	0000.334
-00.6691	-00.6256	0000.335
-00.6710	-00.6271	0000.336
-00.6728	-00.6289	0000.337
-00.6749	-00.6305	0000.338
-00.6768	-00.6314	0000.339
-00.6792	-00.6326	0000.340
-00.6813	-00.6338	0000.341
-00.6832	-00.6350	0000.342
-00.6850	-00.6363	0000.343
-00.6868	-00.6375	0000.344
-00.6893	-00.6387	0000.345
-00.6905	-00.6396	0000.346
-00.6929	-00.6408	0000.347
-00.6954	-00.6414	0000.348
-00.6972	-00.6430	0000.349
-00.6987	-00.6436	0000.350
-00.7009	-00.6442	0000.351
-00.7030	-00.6451	0000.352
-00.7045	-00.6463	0000.353
-00.7073	-00.6466	0000.354
-00.7085	-00.6475	0000.355
-00.7113	-00.6485	0000.356
-00.7128	-00.6491	0000.357
-00.7149	-00.6497	0000.358
-00.7174	-00.6503	0000.359
-00.7192	-00.6512	0000.360
-00.7210	-00.6518	0000.361
-00.7228	-00.6521	0000.362
-00.7250	-00.6533	0000.363
-00.7268	-00.6536	0000.364
-00.7293	-00.6543	0000.365
-00.7314	-00.6549	0000.366
-00.7329	-00.6552	0000.367
-00.7357	-00.6558	0000.368
-00.7369	-00.6561	0000.369
-00.7393	-00.6570	0000.370
-00.7409	-00.6579	0000.371
-00.7430	-00.6582	0000.372
-00.7454	-00.6585	0000.373
-00.7470	-00.6588	0000.374
-00.7491	-00.6594	0000.375
-00.7512	-00.6601	0000.376
-00.7531	-00.6610	0000.377
-00.7546	-00.6613	0000.378
-00.7576	-00.6616	0000.379
-00.7589	-00.6625	0000.380
-00.7610	-00.6628	0000.381
-00.7631	-00.6631	0000.382
-00.7650	-00.6637	0000.383
-00.7671	-00.6640	0000.384
-00.7692	-00.6652	0000.385
-00.7714	-00.6656	0000.386
-00.7732	-00.6659	0000.387
-00.7750	-00.6665	0000.388
-00.7772	-00.6671	0000.389
-00.7793	-00.6677	0000.390
-00.7811	-00.6686	0000.391
-00.7833	-00.6686	0000.392
-00.7851	-00.6698	0000.393
-00.7869	-00.6701	0000.394
-00.7894	-00.6710	0000.395
-00.7912	-00.6714	0000.396
-00.7936	-00.6717	0000.397
-00.7952	-00.6723	0000.398
-00.7973	-00.6729	0000.399
-00.7991	-00.6729	0000.400
-00.8013	-00.6735	0000.401
-00.8031	-00.6744	0000.402
-00.8049	-00.6744	0000.403
-00.8068	-00.6753	0000.404
-00.8092	-00.6759	0000.405
-00.8113	-00.6765	0000.406
-00.8126	-00.6771	0000.407
-00.8153	-00.6775	0000.408
-00.8171	-00.6781	0000.409
-00.8190	-00.6790	0000.410
-00.8205	-00.6796	0000.411
-00.8236	-00.6796	0000.412
-00.8254	-00.6805	0000.413
-00.8272	-00.6811	0000.414
-00.8297	-00.6817	0000.415
-00.8309	-00.6826	0000.416
-00.8336	-00.6833	0000.417
-00.8352	-00.6839	0000.418
-00.8376	-00.6848	0000.419
-00.8397	-00.6854	0000.420
-00.8413	-00.6863	0000.421
-00.8431	-00.6872	0000.422
-00.8452	-00.6881	0000.423
-00.8474	-00.6906	0000.424
-00.8492	-00.6912	0000.425
-00.8516	-00.6924	0000.426
-00.8532	-00.6933	0000.427
-00.8553	-00.6948	0000.428
-00.8571	-00.6955	0000.429
-00.8590	-00.6967	0000.430
-00.8611	-00.7019	0000.431
-00.8635	-00.7025	0000.432
-00.8651	-00.7031	0000.433
-00.8669	-00.7037	0000.434
-00.8693	-00.7037	0000.435
-00.8712	-00.7043	0000.436
-00.8730	-00.7046	0000.437
-00.8757	-00.7046	0000.438
-00.8776	-00.7049	0000.439
-00.8791	-00.7052	0000.440
-00.8812	-00.7055	0000.441
-00.8837	-00.7061	0000.442
-00.8852	-00.7061	0000.443
-00.8870	-00.7064	0000.444
-00.8895	-00.7064	0000.445
-00.8913	-00.7071	0000.446
-00.8931	-00.7068	0000.447
-00.8953	-00.7077	0000.448
-00.8971	-00.7080	0000.449
-00.8992	-00.7083	0000.450
-00.9017	-00.7086	0000.451
-00.9032	-00.7095	0000.452
-00.9053	-00.7095	0000.453
-00.9069	-00.7101	0000.454
-00.9093	-00.7104	0000.455
-00.9114	-00.7107	0000.456
-00.9136	-00.7113	0000.457
-00.9148	-00.7113	0000.458
-00.9169	-00.7122	0000.459
-00.9194	-00.7129	0000.460
-00.9215	-00.7132	0000.461
-00.9224	-00.7132	0000.462
-00.9255	-00.7141	0000.463
-00.9270	-00.7141	0000.464
-00.9291	-00.7147	0000.465
-00.9313	-00.7153	0000.466
-00.9331	-00.7150	0000.467
-00.9349	-00.7159	0000.468
-00.9374	-00.7153	0000.469
-00.9395	-00.7165	0000.470
-00.9417	-00.7165	0000.471
-00.9432	-00.7171	0000.472
-00.9456	-00.7171	0000.473
-00.9475	-00.7177	0000.474
-00.9496	-00.7180	0000.475
-00.9511	-00.7177	0000.476
-00.9536	-00.7183	0000.477
-00.9551	-00.7187	0000.478
-00.9575	-00.7183	0000.479
-00.9594	-00.7193	0000.480
-00.9618	-00.7196	0000.481
-00.9630	-00.7193	0000.482
-00.9655	-00.7199	0000.483
-00.9673	-00.7202	0000.484
-00.9688	-00.7205	0000.485
-00.9716	-00.7205	0000.486
-00.9734	-00.7208	0000.487
-00.9758	-00.7211	0000.488
-00.9777	-00.7214	0000.489
-00.9795	-00.7217	0000.490
-00.9813	-00.7220	0000.491
-00.9838	-00.7220	0000.492
-00.9856	-00.7220	0000.493
-00.9871	-00.7229	0000.494
-00.9890	-00.7229	0000.495
-00.9914	-00.7232	0000.496
-00.9935	-00.7229	0000.497
-00.9954	-00.7235	0000.498
-00.9972	-00.7235	0000.499
-00.9993	-00.7235	0000.500
-01.0012	-00.7241	0000.501
-01.0033	-00.7241	0000.502
-01.0051	-00.7245	0000.503
-01.0076	-00.7245	0000.504
-01.0091	-00.7241	0000.505
-01.0115	-00.7251	0000.506
-01.0134	-00.7254	0000.507
-01.0152	-00.7257	0000.508
-01.0173	-00.7257	0000.509
-01.0195	-00.7263	0000.510
-01.0213	-00.7266	0000.511
-01.0228	-00.7260	0000.512
-01.0253	-00.7266	0000.513
-01.0274	-00.7269	0000.514
-01.0292	-00.7272	0000.515
-01.0314	-00.7272	0000.516
-01.0335	-00.7272	0000.517
-01.0357	-00.7272	0000.518
-01.0372	-00.7278	0000.519
-01.0396	-00.7284	0000.520
-01.0415	-00.7284	0000.521
-01.0436	-00.7281	0000.522
-01.0448	-00.7290	0000.523
-01.0476	-00.7284	0000.524
-01.0491	-00.7287	0000.525
-01.0515	-00.7293	0000.526
-01.0534	-00.7293	0000.527
-01.0558	-00.7296	0000.528
-01.0579	-00.7296	0000.529
-01.0598	-00.7302	0000.530
-01.0616	-00.7302	0000.531
-01.0634	-00.7302	0000.532
-01.0656	-00.7309	0000.533
-01.0671	-00.7302	0000.534
-01.0692	-00.7312	0000.535
-01.0717	-00.7315	0000.536
-01.0735	-00.7309	0000.537
-01.0753	-00.7312	0000.538
-01.0778	-00.7318	0000.539
-01.0799	-00.7315	0000.540
-01.0811	-00.7321	0000.541
-01.0842	-00.7318	0000.542
-01.0854	-00.7321	0000.543
-01.0875	-00.7324	0000.544
-01.0897	-00.7327	0000.545
-01.0915	-00.7330	0000.546
-01.0933	-00.7330	0000.547
-01.0952	-00.7327	0000.548
-01.0979	-00.7333	0000.549
-01.0994	-00.7330	0000.550
-01.1022	-00.7339	0000.551
-01.1031	-00.7336	0000.552
-01.1055	-00.7339	0000.553
-01.1074	-00.7339	0000.554
-01.1092	-00.7342	0000.555
-01.1116	-00.7342	0000.556
-01.1132	-00.7342	0000.557
-01.1159	-00.7348	0000.558
-01.1171	-00.7348	0000.559
-01.1196	-00.7345	0000.560
-01.1214	-00.7348	0000.561
-01.1235	-00.7348	0000.562
-01.1248	-00.7354	0000.563
-01.1278	-00.7351	0000.564
-01.1296	-00.7354	0000.565
-01.1309	-00.7360	0000.566
-01.1336	-00.7354	0000.567
-01.1351	-00.7360	0000.568
-01.1376	-00.7354	0000.569
-01.1394	-00.7360	0000.570
-01.1415	-00.7364	0000.571
-01.1437	-00.7360	0000.572
-01.1452	-00.7364	0000.573
-01.1477	-00.7364	0000.574
-01.1495	-00.7370	0000.575
-01.1516	-00.7367	0000.576
-01.1538	-00.7367	0000.577
-01.1559	-00.7370	0000.578
-01.1580	-00.7373	0000.579
-01.1592	-00.7373	0000.580
-01.1614	-00.7373	0000.581
-01.1638	-00.7370	0000.582
-01.1657	-00.7373	0000.583
-01.1672	-00.7373	0000.584
-01.1696	-00.7379	0000.585
-01.1715	-00.7373	0000.586
-01.1742	-00.7379	0000.587
-01.1760	-00.7376	0000.588
-01.1776	-00.7379	0000.589
-01.1794	-00.7382	0000.590
-01.1818	-00.7382	0000.591
-01.1837	-00.7385	0000.592
-01.1855	-00.7379	0000.593
-01.1876	-00.7385	0000.594
-01.1892	-00.7385	0000.595
-01.1913	-00.7388	0000.596
-01.1940	-00.7385	0000.597
-01.1959	-00.7391	0000.598
-01.1977	-00.7391	0000.599
-01.1998	-00.7388	0000.600
-01.2020	-00.7388	0000.601
-01.2038	-00.7391	0000.602
-01.2053	-00.7391	0000.603
-01.2078	-00.7394	0000.604
-01.2099	-00.7397	0000.605
-01.2111	-00.7397	0000.606
-01.2139	-00.7397	0000.607
-01.2151	-00.7397	0000.608
-01.2178	-00.7400	0000.609
-01.2194	-00.7397	0000.610
-01.2215	-00.7400	0000.611
-01.2236	-00.7400	0000.612
-01.2258	-00.7403	0000.613
-01.2276	-00.7409	0000.614
-01.2294	-00.7406	0000.615
-01.2319	-00.7403	0000.616
-01.2337	-00.7406	0000.617
-01.2355	-00.7406	0000.618
-01.2377	-00.7406	0000.619
-01.2398	-00.7409	0000.620
-01.2416	-00.7409	0000.621
-01.2438	-00.7409	0000.622
-01.2459	-00.7412	0000.623
-01.2484	-00.7412	0000.624
-01.2499	-00.7409	0000.625
-01.2517	-00.7415	0000.626
-01.2542	-00.7412	0000.627
-01.2560	-00.7415	0000.628
-01.2575	-00.7418	0000.629
-01.2600	-00.7412	0000.630
-01.2618	-00.7415	0000.631
-01.2639	-00.7415	0000.632
-01.2664	-00.7418	0000.633
-01.2679	-00.7418	0000.634
-01.2697	-00.7418	0000.635
-01.2716	-00.7425	0000.636
-01.2737	-00.7418	0000.637
-01.2755	-00.7418	0000.638
-01.2777	-00.7422	0000.639
-01.2801	-00.7425	0000.640
-01.2819	-00.7418	0000.641
-01.2838	-00.7425	0000.642
-01.2856	-00.7428	0000.643
-01.2877	-00.7422	0000.644
-01.2896	-00.7428	0000.645
-01.2917	-00.7428	0000.646
-01.2941	-00.7431	0000.647
-01.2957	-00.7428	0000.648
-01.2978	-00.7428	0000.649
-01.3002	-00.7431	0000.650
-01.3018	-00.7428	0000.651
-01.3039	-00.7431	0000.652
-01.3060	-00.7431	0000.653
-01.3079	-00.7431	0000.654
-01.3100	-00.7437	0000.655
-01.3115	-00.7431	0000.656
-01.3143	-00.7434	0000.657
-01.3155	-00.7437	0000.658
-01.3182	-00.7434	0000.659
-01.3198	-00.7434	0000.660
-01.3222	-00.7437	0000.661
-01.3243	-00.7437	0000.662
-01.3262	-00.7437	0000.663
-01.3277	-00.7443	0000.664
-01.3298	-00.7437	0000.665
-01.3317	-00.7437	0000.666
-01.3344	-00.7440	0000.667
-01.3363	-00.7446	0000.668
-01.3381	-00.7443	0000.669
-01.3399	-00.7443	0000.670
-01.3420	-00.7446	0000.671
-01.3439	-00.7443	0000.672
-01.3460	-00.7446	0000.673
-01.3482	-00.7446	0000.674
-01.3497	-00.7446	0000.675
-01.3518	-00.7443	0000.676
-01.3536	-00.7446	0000.677
-01.3558	-00.7446	0000.678
-01.3579	-00.7449	0000.679
-01.3601	-00.7446	0000.680
-01.3622	-00.7449	0000.681
-01.3634	-00.7449	0000.682
-01.3665	-00.7449	0000.683
-01.3680	-00.7449	0000.684
-01.3698	-00.7455	0000.685
-01.3723	-00.7452	0000.686
-01.3741	-00.7452	0000.687
-01.3765	-00.7452	0000.688
-01.3781	-00.7452	0000.689
-01.3802	-00.7455	0000.690
-01.3814	-00.7455	0000.691
-01.3845	-00.7452	0000.692
-01.3857	-00.7458	0000.693
-01.3881	-00.7458	0000.694
-01.3900	-00.7458	0000.695
-01.3921	-00.7458	0000.696
-01.3942	-00.7455	0000.697
-01.3961	-00.7461	0000.698
-01.3982	-00.7458	0000.699
-01.3997	-00.7461	0000.700
-01.4019	-00.7464	0000.701
-01.4034	-00.7461	0000.702
-01.4061	-00.7458	0000.703
-01.4080	-00.7464	0000.704
-01.4098	-00.7461	0000.705
-01.4119	-00.7461	0000.706
-01.4141	-00.7461	0000.707
-01.4159	-00.7464	0000.708
-01.4180	-00.7464	0000.709
-01.4199	-00.7467	0000.710
-01.4217	-00.7467	0000.711
-01.4241	-00.7464	0000.712
-01.4257	-00.7467	0000.713
-01.4281	-00.7467	0000.714
-01.4296	-00.7467	0000.715
-01.4315	-00.7473	0000.716
-01.4342	-00.7470	0000.717
-01.4357	-00.7467	0000.718
-01.4379	-00.7470	0000.719
-01.4400	-00.7473	0000.720
-01.4421	-00.7467	0000.721
-01.4437	-00.7470	0000.722
-01.4461	-00.7470	0000.723
-01.4483	-00.7470	0000.724
-01.4501	-00.7473	0000.725
-01.4519	-00.7473	0000.726
-01.4540	-00.7473	0000.727
-01.4559	-00.7473	0000.728
-01.4580	-00.7473	0000.729
-01.4602	-00.7476	0000.730
-01.4617	-00.7476	0000.731
-01.4641	-00.7476	0000.732
-01.4663	-00.7479	0000.733
-01.4681	-00.7479	0000.734
-01.4696	-00.7476	0000.735
-01.4721	-00.7479	0000.736
-01.4742	-00.7479	0000.737
-01.4760	-00.7479	0000.738
-01.4782	-00.7483	0000.739
-01.4800	-00.7479	0000.740
-01.4824	-00.7476	0000.741
-01.4846	-00.7479	0000.742
-01.4864	-00.7479	0000.743
-01.4882	-00.7486	0000.744
-01.4901	-00.7483	0000.745
-01.4925	-00.7486	0000.746
-01.4943	-00.7483	0000.747
-01.4965	-00.7483	0000.748
-01.4983	-00.7483	0000.749
-01.4998	-00.7489	0000.750
-01.5023	-00.7486	0000.751
-01.5041	-00.7486	0000.752
-01.5059	-00.7486	0000.753
-01.5084	-00.7489	0000.754
-01.5102	-00.7486	0000.755
-01.5120	-00.7486	0000.756
-01.5145	-00.7483	0000.757
-01.5160	-00.7486	0000.758
-01.5181	-00.7492	0000.759
-01.5197	-00.7486	0000.760
-01.5218	-00.7492	0000.761
-01.5248	-00.7489	0000.762
-01.5261	-00.7489	0000.763
-01.5282	-00.7489	0000.764
-01.5300	-00.7492	0000.765
-01.5322	-00.7492	0000.766
-01.5340	-00.7492	0000.767
-01.5364	-00.7486	0000.768
-01.5383	-00.7492	0000.769
-01.5407	-00.7489	0000.770
-01.5422	-00.7489	0000.771
-01.5441	-00.7492	0000.772
-01.5465	-00.7492	0000.773
-01.5477	-00.7495	0000.774
-01.5505	-00.7495	0000.775
-01.5520	-00.7492	0000.776
-01.5541	-00.7495	0000.777
-01.5563	-00.7495	0000.778
-01.5584	-00.7501	0000.779
-01.5602	-00.7501	0000.780
-01.5618	-00.7495	0000.781
-01.5645	-00.7495	0000.782
-01.5660	-00.7495	0000.783
-01.5688	-00.7501	0000.784
-01.5703	-00.7495	0000.785
-01.5722	-00.7498	0000.786
-01.5737	-00.7495	0000.787
-01.5758	-00.7501	0000.788
-01.5789	-00.7495	0000.789
-01.5801	-00.7501	0000.790
-01.5828	-00.7501	0000.791
-01.5841	-00.7501	0000.792
-01.5865	-00.7504	0000.793
-01.5883	-00.7504	0000.794
-01.5905	-00.7498	0000.795
-01.5923	-00.7504	0000.796
-01.5941	-00.7501	0000.797
-01.5969	-00.7501	0000.798
-01.5981	-00.7507	0000.799
-01.6008	-00.7501	0000.800
-01.6024	-00.7504	0000.801
-01.6045	-00.7501	0000.802
-01.6066	-00.7507	0000.803
-01.6085	-00.7501	0000.804
-01.6103	-00.7507	0000.805
-01.6124	-00.7507	0000.806
-01.6143	-00.7504	0000.807
-01.6164	-00.7507	0000.808
-01.6182	-00.7504	0000.809
-01.6207	-00.7507	0000.810
-01.6228	-00.7510	0000.811
-01.6243	-00.7504	0000.812
-01.6268	-00.7507	0000.813
-01.6283	-00.7501	0000.814
-01.6304	-00.7510	0000.815
-01.6320	-00.7510	0000.816
-01.6344	-00.7510	0000.817
-01.6368	-00.7507	0000.818
-01.6381	-00.7510	0000.819
-01.6402	-00.7510	0000.820
-01.6426	-00.7510	0000.821
-01.6442	-00.7510	0000.822
-01.6463	-00.7510	0000.823
-01.6484	-00.7510	0000.824
-01.6500	-00.7513	0000.825
-01.6524	-00.7513	0000.826
-01.6545	-00.7510	0000.827
-01.6561	-00.7510	0000.828
-01.6588	-00.7513	0000.829
-01.6603	-00.7516	0000.830
-01.6625	-00.7513	0000.831
-01.6646	-00.7513	0000.832
-01.6658	-00.7513	0000.833
-01.6689	-00.7510	0000.834
-01.6710	-00.7513	0000.835
-01.6726	-00.7513	0000.836
-01.6744	-00.7513	0000.837
-01.6762	-00.7513	0000.838
-01.6787	-00.7516	0000.839
-01.6808	-00.7513	0000.840
-01.6823	-00.7516	0000.841
-01.6845	-00.7516	0000.842
-01.6863	-00.7519	0000.843
-01.6881	-00.7513	0000.844
-01.6909	-00.7516	0000.845
-01.6927	-00.7516	0000.846
-01.6945	-00.7519	0000.847
-01.6964	-00.7519	0000.848
-01.6988	-00.7522	0000.849
-01.7009	-00.7516	0000.850
-01.7022	-00.7519	0000.851
-01.7037	-00.7516	0000.852
-01.7061	-00.7519	0000.853
-01.7083	-00.7522	0000.854
-01.7110	-00.7522	0000.855
-01.7122	-00.7519	0000.856
-01.7144	-00.7516	0000.857
-01.7168	-00.7519	0000.858
-01.7177	-00.7519	0000.859
-01.7208	-00.7519	0000.860
-01.7226	-00.7519	0000.861
-01.7247	-00.7519	0000.862
-01.7263	-00.7522	0000.863
-01.7287	-00.7522	0000.864
-01.7311	-00.7522	0000.865
-01.7330	-00.7522	0000.866
-01.7345	-00.7522	0000.867
-01.7366	-00.7522	0000.868
-01.7388	-00.7522	0000.869
-01.7409	-00.7525	0000.870
-01.7427	-00.7525	0000.871
-01.7446	-00.7525	0000.872
-01.7464	-00.7522	0000.873
-01.7492	-00.7522	0000.874
-01.7507	-00.7522	0000.875
-01.7528	-00.7525	0000.876
-01.7543	-00.7525	0000.877
-01.7565	-00.7522	0000.878
-01.7586	-00.7525	0000.879
-01.7608	-00.7528	0000.880
-01.7623	-00.7528	0000.881
-01.7644	-00.7525	0000.882
-01.7662	-00.7528	0000.883
-01.7687	-00.7528	0000.884
-01.7705	-00.7525	0000.885
-01.7727	-00.7528	0000.886
-01.7745	-00.7528	0000.887
-01.7766	-00.7531	0000.888
-01.7785	-00.7528	0000.889
-01.7803	-00.7531	0000.890
-01.7824	-00.7528	0000.891
-01.7849	-00.7531	0000.892
-01.7867	-00.7531	0000.893
-01.7885	-00.7528	0000.894
-01.7910	-00.7528	0000.895
-01.7928	-00.7531	0000.896
-01.7946	-00.7528	0000.897
-01.7965	-00.7531	0000.898
-01.7986	-00.7534	0000.899
-01.8007	-00.7528	0000.900
-01.8029	-00.7531	0000.901
-01.8047	-00.7531	0000.902
-01.8065	-00.7531	0000.903
-01.8084	-00.7534	0000.904
-01.8102	-00.7531	0000.905
-01.8123	-00.7531	0000.906
-01.8148	-00.7534	0000.907
-01.8172	-00.7534	0000.908
-01.8187	-00.7537	0000.909
-01.8203	-00.7541	0000.910
-01.8230	-00.7534	0000.911
-01.8251	-00.7534	0000.912
-01.8267	-00.7537	0000.913
-01.8288	-00.7531	0000.914
-01.8306	-00.7537	0000.915
-01.8328	-00.7531	0000.916
-01.8343	-00.7534	0000.917
-01.8367	-00.7541	0000.918
-01.8383	-00.7537	0000.919
-01.8401	-00.7537	0000.920
-01.8428	-00.7537	0000.921
-01.8447	-00.7541	0000.922
-01.8468	-00.7541	0000.923
-01.8480	-00.7537	0000.924
-01.8508	-00.7541	0000.925
-01.8526	-00.7541	0000.926
-01.8547	-00.7541	0000.927
-01.8563	-00.7537	0000.928
-01.8584	-00.7537	0000.929
-01.8612	-00.7537	0000.930
-01.8624	-00.7544	0000.931
-01.8648	-00.7544	0000.932
-01.8666	-00.7541	0000.933
-01.8688	-00.7541	0000.934
-01.8703	-00.7541	0000.935
-01.8727	-00.7541	0000.936
-01.8749	-00.7541	0000.937
-01.8773	-00.7544	0000.938
-01.8792	-00.7541	0000.939
-01.8807	-00.7537	0000.940
-01.8831	-00.7544	0000.941
-01.8847	-00.7541	0000.942
-01.8868	-00.7541	0000.943
-01.8886	-00.7541	0000.944
-01.8905	-00.7547	0000.945
-01.8929	-00.7544	0000.946
-01.8947	-00.7544	0000.947
-01.8969	-00.7544	0000.948
-01.8990	-00.7544	0000.949
-01.9008	-00.7541	0000.950
-01.9027	-00.7544	0000.951
-01.9048	-00.7547	0000.952
-01.9066	-00.7544	0000.953
-01.9088	-00.7547	0000.954
-01.9109	-00.7544	0000.955
-01.9130	-00.7547	0000.956
-01.9143	-00.7547	0000.957
-01.9173	-00.7544	0000.958
-01.9191	-00.7547	0000.959
-01.9207	-00.7547	0000.960
-01.9234	-00.7547	0000.961
-01.9246	-00.7547	0000.962
-01.9271	-00.7547	0000.963
-01.9286	-00.7547	0000.964
-01.9307	-00.7547	0000.965
-01.9326	-00.7547	0000.966
-01.9347	-00.7547	0000.967
-01.9368	-00.7547	0000.968
-01.9387	-00.7550	0000.969
-01.9408	-00.7547	0000.970
-01.9426	-00.7547	0000.971
-01.9451	-00.7553	0000.972
-01.9472	-00.7547	0000.973
-01.9493	-00.7553	0000.974
-01.9509	-00.7550	0000.975
-01.9527	-00.7547	0000.976
-01.9551	-00.7553	0000.977
-01.9570	-00.7550	0000.978
-01.9588	-00.7550	0000.979
-01.9606	-00.7556	0000.980
-01.9631	-00.7553	0000.981
-01.9649	-00.7550	0000.982
-01.9674	-00.7553	0000.983
-01.9689	-00.7553	0000.984
-01.9704	-00.7553	0000.985
-01.9732	-00.7547	0000.986
-01.9750	-00.7550	0000.987
-01.9765	-00.7553	0000.988
-01.9790	-00.7553	0000.989
-01.9814	-00.7553	0000.990
-01.9832	-00.7550	0000.991
-01.9851	-00.7559	0000.992
-01.9866	-00.7553	0000.993
-01.9890	-00.7556	0000.994
-01.9912	-00.7553	0000.995
-01.9930	-00.7553	0000.996
-01.9951	-00.7553	0000.997
-01.9967	-00.7556	0000.998
-01.9994	-00.7556	0000.999
-02.0012	-00.7553	0001.000
-02.0024	-00.7559	0001.001
-02.0046	-00.7559	0001.002
-02.0067	-00.7553	0001.003
-02.0089	-00.7559	0001.004
-02.0110	-00.7553	0001.005
-02.0134	-00.7559	0001.006
-02.0150	-00.7559	0001.007
-02.0171	-00.7559	0001.008
-02.0192	-00.7556	0001.009
-02.0217	-00.7556	0001.010
-02.0235	-00.7556	0001.011
-02.0247	-00.7559	0001.012
-02.0269	-00.7556	0001.013
-02.0290	-00.7559	0001.014
-02.0317	-00.7559	0001.015
-02.0333	-00.7559	0001.016
-02.0348	-00.7559	0001.017
-02.0366	-00.7556	0001.018
-02.0394	-00.7559	0001.019
-02.0409	-00.7559	0001.020
-02.0427	-00.7562	0001.021
-02.0449	-00.7562	0001.022
-02.0467	-00.7559	0001.023
-02.0494	-00.7559	0001.024
-02.0507	-00.7562	0001.025
-02.0534	-00.7559	0001.026
-02.0546	-00.7562	0001.027
-02.0571	-00.7559	0001.028
-02.0589	-00.7559	0001.029
-02.0610	-00.7559	0001.030
-02.0629	-00.7562	0001.031
-02.0647	-00.7562	0001.032
-02.0665	-00.7559	0001.033
-02.0693	-00.7562	0001.034
-02.0708	-00.7562	0001.035
-02.0723	-00.7562	0001.036
-02.0748	-00.7562	0001.037
-02.0769	-00.7565	0001.038
-02.0790	-00.7565	0001.039
-02.0809	-00.7559	0001.040
-02.0830	-00.7562	0001.041
-02.0852	-00.7565	0001.042
-02.0870	-00.7565	0001.043
-02.0891	-00.7559	0001.044
-02.0913	-00.7562	0001.045
-02.0931	-00.7565	0001.046
-02.0955	-00.7562	0001.047
-02.0974	-00.7568	0001.048
-02.0989	-00.7562	0001.049
-02.1010	-00.7568	0001.050
-02.1035	-00.7565	0001.051
-02.1047	-00.7565	0001.052
-02.1071	-00.7562	0001.053
-02.1093	-00.7562	0001.054
-02.1114	-00.7565	0001.055
-02.1126	-00.7565	0001.056
-02.1154	-00.7562	0001.057
-02.1169	-00.7571	0001.058
-02.1190	-00.7562	0001.059
-02.1212	-00.7568	0001.060
-02.1233	-00.7568	0001.061
-02.1254	-00.7568	0001.062
-02.1270	-00.7568	0001.063
-02.1297	-00.7568	0001.064
-02.1309	-00.7568	0001.065
-02.1334	-00.7571	0001.066
-02.1349	-00.7568	0001.067
-02.1370	-00.7568	0001.068
-02.1392	-00.7565	0001.069
-02.1410	-00.7568	0001.070
-02.1434	-00.7571	0001.071
-02.1450	-00.7565	0001.072
-02.1474	-00.7568	0001.073
-02.1492	-00.7574	0001.074
-02.1514	-00.7571	0001.075
-02.1532	-00.7571	0001.076
-02.1547	-00.7568	0001.077
-02.1572	-00.7574	0001.078
-02.1596	-00.7571	0001.079
-02.1608	-00.7571	0001.080
-02.1633	-00.7571	0001.081
-02.1651	-00.7571	0001.082
-02.1669	-00.7574	0001.083
-02.1694	-00.7571	0001.084
-02.1712	-00.7571	0001.085
-02.1737	-00.7571	0001.086
-02.1755	-00.7574	0001.087
-02.1773	-00.7571	0001.088
-02.1798	-00.7577	0001.089
-02.1813	-00.7574	0001.090
-02.1834	-00.7571	0001.091
-02.1852	-00.7574	0001.092
-02.1874	-00.7574	0001.093
-02.1895	-00.7577	0001.094
-02.1917	-00.7574	0001.095
-02.1932	-00.7577	0001.096
-02.1956	-00.7571	0001.097
-02.1972	-00.7574	0001.098
-02.1993	-00.7577	0001.099
-02.2014	-00.7574	0001.100
-02.2030	-00.7574	0001.101
-02.2051	-00.7577	0001.102
-02.2072	-00.7577	0001.103
-02.2094	-00.7577	0001.104
-02.2112	-00.7577	0001.105
-02.2133	-00.7571	0001.106
-02.2149	-00.7577	0001.107
-02.2173	-00.7574	0001.108
-02.2191	-00.7571	0001.109
-02.2213	-00.7577	0001.110
-02.2231	-00.7580	0001.111
-02.2249	-00.7580	0001.112
-02.2274	-00.7577	0001.113
-02.2292	-00.7577	0001.114
-02.2316	-00.7577	0001.115
-02.2332	-00.7577	0001.116
-02.2353	-00.7577	0001.117
-02.2371	-00.7580	0001.118
-02.2390	-00.7574	0001.119
-02.2414	-00.7577	0001.120
-02.2432	-00.7583	0001.121
-02.2454	-00.7580	0001.122
-02.2466	-00.7580	0001.123
-02.2493	-00.7574	0001.124
-02.2518	-00.7580	0001.125
-02.2539	-00.7580	0001.126
-02.2551	-00.7580	0001.127
-02.2576	-00.7577	0001.128
-02.2591	-00.7577	0001.129
-02.2609	-00.7577	0001.130
-02.2637	-00.7583	0001.131
-02.2655	-00.7580	0001.132
-02.2670	-00.7583	0001.133
-02.2695	-00.7586	0001.134
-02.2716	-00.7577	0001.135
-02.2738	-00.7580	0001.136
-02.2753	-00.7583	0001.137
-02.2774	-00.7580	0001.138
-02.2792	-00.7580	0001.139
-02.2817	-00.7583	0001.140
-02.2835	-00.7583	0001.141
-02.2853	-00.7583	0001.142
-02.2875	-00.7583	0001.143
-02.2893	-00.7583	0001.144
-02.2915	-00.7583	0001.145
-02.2936	-00.7583	0001.146
-02.2963	-00.7580	0001.147
-02.2972	-00.7583	0001.148
-02.2994	-00.7574	0001.149
-02.3015	-00.7583	0001.150
-02.3037	-00.7580	0001.151
-02.3049	-00.7583	0001.152
-02.3079	-00.7586	0001.153
-02.3092	-00.7586	0001.154
-02.3110	-00.7586	0001.155
-02.3137	-00.7583	0001.156
-02.3153	-00.7586	0001.157
-02.3171	-00.7586	0001.158
-02.3201	-00.7583	0001.159
-02.3217	-00.7589	0001.160
-02.3235	-00.7583	0001.161
-02.3259	-00.7586	0001.162
-02.3265	-00.7586	0001.163
-02.3296	-00.7586	0001.164
-02.3311	-00.7589	0001.165
-02.3336	-00.7583	0001.166
-02.3357	-00.7589	0001.167
-02.3372	-00.7589	0001.168
-02.3391	-00.7583	0001.169
-02.3415	-00.7589	0001.170
-02.3433	-00.7592	0001.171
-02.3455	-00.7586	0001.172
-02.3476	-00.7592	0001.173
-02.3494	-00.7589	0001.174
-02.3519	-00.7589	0001.175
-02.3540	-00.7586	0001.176
-02.3549	-00.7589	0001.177
-02.3574	-00.7586	0001.178
-02.3595	-00.7589	0001.179
-02.3610	-00.7589	0001.180
-02.3635	-00.7586	0001.181
-02.3653	-00.7589	0001.182
-02.3677	-00.7589	0001.183
-02.3690	-00.7592	0001.184
-02.3714	-00.7589	0001.185
-02.3735	-00.7589	0001.186
-02.3757	-00.7592	0001.187
-02.3775	-00.7592	0001.188
-02.3793	-00.7595	0001.189
-02.3809	-00.7589	0001.190
-02.3836	-00.7595	0001.191
-02.3861	-00.7592	0001.192
-02.3876	-00.7592	0001.193
-02.3900	-00.7592	0001.194
-02.3915	-00.7592	0001.195
-02.3940	-00.7595	0001.196
-02.3949	-00.7595	0001.197
-02.3983	-00.7586	0001.198
-02.3989	-00.7589	0001.199
-02.4019	-00.7592	0001.200
-02.4031	-00.7595	0001.201
-02.4056	-00.7589	0001.202
-02.4074	-00.7592	0001.203
-02.4092	-00.7602	0001.204
-02.4114	-00.7589	0001.205
-02.4132	-00.7595	0001.206
-02.4157	-00.7595	0001.207
-02.4175	-00.7595	0001.208
-02.4193	-00.7592	0001.209
-02.4215	-00.7595	0001.210
-02.4239	-00.7599	0001.211
-02.4257	-00.7595	0001.212
-02.4276	-00.7592	0001.213
-02.4297	-00.7595	0001.214
-02.4312	-00.7599	0001.215
-02.4340	-00.7592	0001.216
-02.4355	-00.7595	0001.217
-02.4379	-00.7595	0001.218
-02.4395	-00.7592	0001.219
-02.4416	-00.7599	0001.220
-02.4434	-00.7599	0001.221
-02.4456	-00.7599	0001.222
-02.4480	-00.7592	0001.223
-02.4495	-00.7592	0001.224
-02.4520	-00.7599	0001.225
-02.4532	-00.7602	0001.226
-02.4553	-00.7599	0001.227
-02.4578	-00.7595	0001.228
-02.4593	-00.7602	0001.229
-02.4620	-00.7595	0001.230
-02.4633	-00.7602	0001.231
-02.4657	-00.7595	0001.232
-02.4675	-00.7595	0001.233
-02.4700	-00.7595	0001.234
-02.4718	-00.7595	0001.235
-02.4739	-00.7599	0001.236
-02.4752	-00.7602	0001.237
-02.4776	-00.7602	0001.238
-02.4791	-00.7595	0001.239
-02.4822	-00.7599	0001.240
-02.4837	-00.7602	0001.241
-02.4858	-00.7599	0001.242
-02.4877	-00.7599	0001.243
-02.4895	-00.7602	0001.244
-02.4913	-00.7602	0001.245
-02.4935	-00.7602	0001.246
-02.4956	-00.7605	0001.247
-02.4977	-00.7605	0001.248
-02.4996	-00.7599	0001.249
-02.5017	-00.7602	0001.250
-02.5035	-00.7599	0001.251
-02.5060	-00.7602	0001.252
-02.5075	-00.7602	0001.253
-02.5097	-00.7605	0001.254
-02.5112	-00.7602	0001.255
-02.5133	-00.7602	0001.256
-02.5148	-00.7608	0001.257
-02.5176	-00.7602	0001.258
-02.5197	-00.7608	0001.259
-02.5212	-00.7602	0001.260
-02.5234	-00.7605	0001.261
-02.5255	-00.7602	0001.262
-02.5280	-00.7605	0001.263
-02.5295	-00.7605	0001.264
-02.5319	-00.7605	0001.265
-02.5338	-00.7602	0001.266
-02.5356	-00.7605	0001.267
-02.5383	-00.7602	0001.268
-02.5393	-00.7602	0001.269
-02.5417	-00.7605	0001.270
-02.5429	-00.7605	0001.271
-02.5457	-00.7602	0001.272
-02.5475	-00.7605	0001.273
-02.5499	-00.7605	0001.274
-02.5515	-00.7608	0001.275
-02.5539	-00.7608	0001.276
-02.5560	-00.7602	0001.277
-02.5579	-00.7605	0001.278
-02.5600	-00.7611	0001.279
-02.5612	-00.7605	0001.280
-02.5640	-00.7608	0001.281
-02.5655	-00.7608	0001.282
-02.5676	-00.7608	0001.283
-02.5689	-00.7605	0001.284
-02.5716	-00.7608	0001.285
-02.5731	-00.7605	0001.286
-02.5759	-00.7608	0001.287
-02.5780	-00.7608	0001.288
-02.5795	-00.7611	0001.289
-02.5817	-00.7608	0001.290
-02.5832	-00.7608	0001.291
-02.5859	-00.7608	0001.292
-02.5875	-00.7608	0001.293
-02.5899	-00.7608	0001.294
-02.5920	-00.7608	0001.295
-02.5936	-00.7611	0001.296
-02.5963	-00.7614	0001.297
-02.5978	-00.7608	0001.298
-02.5994	-00.7608	0001.299
-02.6015	-00.7608	0001.300
-02.6040	-00.7608	0001.301
-02.6058	-00.7608	0001.302
-02.6082	-00.7611	0001.303
-02.6094	-00.7614	0001.304
-02.6113	-00.7611	0001.305
-02.6140	-00.7614	0001.306
-02.6159	-00.7614	0001.307
-02.6177	-00.7614	0001.308
-02.6198	-00.7611	0001.309
-02.6217	-00.7614	0001.310
-02.6241	-00.7611	0001.311
-02.6259	-00.7614	0001.312
-02.6278	-00.7611	0001.313
-02.6299	-00.7611	0001.314
-02.6317	-00.7614	0001.315
-02.6336	-00.7611	0001.316
-02.6351	-00.7611	0001.317
-02.6384	-00.7611	0001.318
-02.6397	-00.7614	0001.319
-02.6418	-00.7611	0001.320
-02.6439	-00.7611	0001.321
-02.6455	-00.7617	0001.322
-02.6479	-00.7617	0001.323
-02.6497	-00.7614	0001.324
-02.6516	-00.7614	0001.325
-02.6543	-00.7611	0001.326
-02.6558	-00.7620	0001.327
-02.6583	-00.7614	0001.328
-02.6598	-00.7611	0001.329
-02.6619	-00.7617	0001.330
-02.6635	-00.7617	0001.331
-02.6662	-00.7614	0001.332
-02.6674	-00.7614	0001.333
-02.6696	-00.7617	0001.334
-02.6723	-00.7617	0001.335
-02.6735	-00.7617	0001.336
-02.6760	-00.7614	0001.337
-02.6778	-00.7620	0001.338
-02.6802	-00.7617	0001.339
-02.6818	-00.7617	0001.340
-02.6839	-00.7617	0001.341
-02.6857	-00.7623	0001.342
-02.6876	-00.7617	0001.343
-02.6894	-00.7614	0001.344
-02.6915	-00.7614	0001.345
-02.6937	-00.7620	0001.346
-02.6955	-00.7617	0001.347
-02.6979	-00.7617	0001.348
-02.6998	-00.7614	0001.349
-02.7016	-00.7620	0001.350
-02.7040	-00.7614	0001.351
-02.7065	-00.7617	0001.352
-02.7083	-00.7620	0001.353
-02.7102	-00.7620	0001.354
-02.7120	-00.7620	0001.355
-02.7135	-00.7620	0001.356
-02.7153	-00.7617	0001.357
-02.7172	-00.7617	0001.358
-02.7202	-00.7617	0001.359
-02.7217	-00.7623	0001.360
-02.7236	-00.7620	0001.361
-02.7260	-00.7620	0001.362
-02.7285	-00.7617	0001.363
-02.7300	-00.7620	0001.364
-02.7315	-00.7620	0001.365
-02.7343	-00.7620	0001.366
-02.7358	-00.7623	0001.367
-02.7382	-00.7617	0001.368
-02.7398	-00.7626	0001.369
-02.7419	-00.7617	0001.370
-02.7437	-00.7626	0001.371
-02.7462	-00.7623	0001.372
-02.7483	-00.7623	0001.373
-02.7501	-00.7623	0001.374
-02.7520	-00.7623	0001.375
-02.7535	-00.7623	0001.376
-02.7559	-00.7626	0001.377
-02.7575	-00.7623	0001.378
-02.7602	-00.7623	0001.379
-02.7614	-00.7620	0001.380
-02.7639	-00.7620	0001.381
-02.7663	-00.7623	0001.382
-02.7678	-00.7623	0001.383
-02.7697	-00.7617	0001.384
-02.7721	-00.7620	0001.385
-02.7742	-00.7626	0001.386
-02.7758	-00.7623	0001.387
-02.7776	-00.7623	0001.388
-02.7800	-00.7626	0001.389
-02.7816	-00.7626	0001.390
-02.7840	-00.7626	0001.391
-02.7855	-00.7623	0001.392
-02.7883	-00.7626	0001.393
-02.7898	-00.7623	0001.394
-02.7922	-00.7623	0001.395
-02.7938	-00.7629	0001.396
-02.7956	-00.7623	0001.397
-02.7977	-00.7620	0001.398
-02.8002	-00.7620	0001.399
-02.8017	-00.7629	0001.400
-02.8041	-00.7629	0001.401
-02.8060	-00.7626	0001.402
-02.8078	-00.7626	0001.403
-02.8109	-00.7623	0001.404
-02.8118	-00.7623	0001.405
-02.8142	-00.7629	0001.406
-02.8160	-00.7632	0001.407
-02.8179	-00.7623	0001.408
-02.8200	-00.7629	0001.409
-02.8225	-00.7623	0001.410
-02.8237	-00.7629	0001.411
-02.8255	-00.7632	0001.412
-02.8283	-00.7629	0001.413
-02.8292	-00.7626	0001.414
-02.8322	-00.7632	0001.415
-02.8344	-00.7626	0001.416
-02.8356	-00.7629	0001.417
-02.8383	-00.7626	0001.418
-02.8399	-00.7626	0001.419
-02.8423	-00.7629	0001.420
-02.8444	-00.7629	0001.421
-02.8466	-00.7626	0001.422
-02.8475	-00.7629	0001.423
-02.8502	-00.7629	0001.424
-02.8524	-00.7638	0001.425
-02.8539	-00.7632	0001.426
-02.8560	-00.7629	0001.427
-02.8579	-00.7632	0001.428
-02.8603	-00.7629	0001.429
-02.8621	-00.7626	0001.430
-02.8646	-00.7629	0001.431
-02.8658	-00.7632	0001.432
-02.8682	-00.7629	0001.433
-02.8701	-00.7632	0001.434
-02.8716	-00.7629	0001.435
-02.8740	-00.7632	0001.436
-02.8753	-00.7632	0001.437
-02.8780	-00.7632	0001.438
-02.8801	-00.7632	0001.439
-02.8826	-00.7635	0001.440
-02.8844	-00.7632	0001.441
-02.8862	-00.7632	0001.442
-02.8881	-00.7632	0001.443
-02.8902	-00.7638	0001.444
-02.8926	-00.7632	0001.445
-02.8939	-00.7632	0001.446
-02.8960	-00.7632	0001.447
-02.8984	-00.7635	0001.448
-02.9003	-00.7635	0001.449
-02.9021	-00.7635	0001.450
-02.9039	-00.7632	0001.451
-02.9067	-00.7635	0001.452
-02.9079	-00.7635	0001.453
-02.9097	-00.7638	0001.454
-02.9116	-00.7632	0001.455
-02.9140	-00.7635	0001.456
-02.9168	-00.7635	0001.457
-02.9189	-00.7635	0001.458
-02.9201	-00.7635	0001.459
-02.9222	-00.7635	0001.460
-02.9247	-00.7635	0001.461
-02.9259	-00.7635	0001.462
-02.9280	-00.7635	0001.463
-02.9308	-00.7638	0001.464
-02.9323	-00.7638	0001.465
-02.9338	-00.7635	0001.466
-02.9360	-00.7638	0001.467
-02.9381	-00.7632	0001.468
-02.9406	-00.7632	0001.469
-02.9421	-00.7632	0001.470
-02.9445	-00.7635	0001.471
-02.9457	-00.7638	0001.472
-02.9479	-00.7635	0001.473
-02.9500	-00.7638	0001.474
-02.9525	-00.7638	0001.475
-02.9543	-00.7638	0001.476
-02.9561	-00.7635	0001.477
-02.9586	-00.7638	0001.478
-02.9604	-00.7638	0001.479
-02.9622	-00.7635	0001.480
-02.9638	-00.7638	0001.481
-02.9665	-00.7638	0001.482
-02.9689	-00.7638	0001.483
-02.9702	-00.7641	0001.484
-02.9726	-00.7641	0001.485
-02.9738	-00.7641	0001.486
-02.9760	-00.7641	0001.487
-02.9778	-00.7641	0001.488
-02.9805	-00.7632	0001.489
-02.9818	-00.7638	0001.490
-02.9845	-00.7641	0001.491
-02.9860	-00.7641	0001.492
-02.9879	-00.7641	0001.493
-02.9900	-00.7641	0001.494
-02.9912	-00.7638	0001.495
-02.9940	-00.7641	0001.496
-02.9967	-00.7641	0001.497
-02.9985	-00.7638	0001.498
-03.0001	-00.7644	0001.499
-03.0028	-00.7635	0001.500
-03.0043	-00.7647	0001.501
-03.0022	-00.7641	0001.502
-03.0004	-00.7641	0001.503
-02.9982	-00.7635	0001.504
-02.9964	-00.7647	0001.505
-02.9943	-00.7644	0001.506
-02.9918	-00.7641	0001.507
-02.9909	-00.7641	0001.508
-02.9885	-00.7638	0001.509
-02.9866	-00.7641	0001.510
-02.9845	-00.7641	0001.511
-02.9821	-00.7638	0001.512
-02.9802	-00.7644	0001.513
-02.9781	-00.7641	0001.514
-02.9763	-00.7641	0001.515
-02.9741	-00.7641	0001.516
-02.9726	-00.7644	0001.517
-02.9705	-00.7641	0001.518
-02.9686	-00.7641	0001.519
-02.9665	-00.7647	0001.520
-02.9647	-00.7644	0001.521
-02.9625	-00.7638	0001.522
-02.9607	-00.7644	0001.523
-02.9583	-00.7644	0001.524
-02.9561	-00.7641	0001.525
-02.9546	-00.7641	0001.526
-02.9525	-00.7647	0001.527
-02.9509	-00.7641	0001.528
-02.9491	-00.7641	0001.529
-02.9457	-00.7641	0001.530
-02.9445	-00.7644	0001.531
-02.9421	-00.7644	0001.532
-02.9409	-00.7641	0001.533
-02.9387	-00.7641	0001.534
-02.9360	-00.7641	0001.535
-02.9348	-00.7641	0001.536
-02.9323	-00.7644	0001.537
-02.9305	-00.7641	0001.538
-02.9284	-00.7638	0001.539
-02.9268	-00.7641	0001.540
-02.9247	-00.7641	0001.541
-02.9222	-00.7641	0001.542
-02.9201	-00.7641	0001.543
-02.9183	-00.7644	0001.544
-02.9161	-00.7641	0001.545
-02.9146	-00.7641	0001.546
-02.9125	-00.7644	0001.547
-02.9103	-00.7644	0001.548
-02.9085	-00.7638	0001.549
-02.9064	-00.7638	0001.550
-02.9045	-00.7644	0001.551
-02.9021	-00.7638	0001.552
-02.9009	-00.7644	0001.553
-02.8981	-00.7641	0001.554
-02.8969	-00.7644	0001.555
-02.8945	-00.7635	0001.556
-02.8920	-00.7641	0001.557
-02.8908	-00.7641	0001.558
-02.8881	-00.7641	0001.559
-02.8865	-00.7644	0001.560
-02.8844	-00.7641	0001.561
-02.8823	-00.7641	0001.562
-02.8804	-00.7644	0001.563
-02.8786	-00.7638	0001.564
-02.8768	-00.7641	0001.565
-02.8749	-00.7641	0001.566
-02.8722	-00.7638	0001.567
-02.8707	-00.7641	0001.568
-02.8688	-00.7641	0001.569
-02.8658	-00.7641	0001.570
-02.8643	-00.7638	0001.571
-02.8621	-00.7635	0001.572
-02.8603	-00.7644	0001.573
-02.8588	-00.7638	0001.574
-02.8563	-00.7644	0001.575
-02.8542	-00.7644	0001.576
-02.8521	-00.7638	0001.577
-02.8502	-00.7641	0001.578
-02.8484	-00.7638	0001.579
-02.8463	-00.7641	0001.580
-02.8441	-00.7638	0001.581
-02.8426	-00.7638	0001.582
-02.8405	-00.7644	0001.583
-02.8383	-00.7638	0001.584
-02.8368	-00.7641	0001.585
-02.8347	-00.7641	0001.586
-02.8322	-00.7644	0001.587
-02.8304	-00.7638	0001.588
-02.8280	-00.7641	0001.589
-02.8258	-00.7644	0001.590
-02.8249	-00.7638	0001.591
-02.8222	-00.7638	0001.592
-02.8206	-00.7638	0001.593
-02.8179	-00.7638	0001.594
-02.8167	-00.7638	0001.595
-02.8142	-00.7644	0001.596
-02.8124	-00.7641	0001.597
-02.8106	-00.7638	0001.598
-02.8087	-00.7641	0001.599
-02.8066	-00.7647	0001.600
-02.8041	-00.7641	0001.601
-02.8026	-00.7641	0001.602
-02.8002	-00.7644	0001.603
-02.7980	-00.7638	0001.604
-02.7956	-00.7641	0001.605
-02.7944	-00.7641	0001.606
-02.7919	-00.7638	0001.607
-02.7898	-00.7638	0001.608
-02.7886	-00.7638	0001.609
-02.7864	-00.7638	0001.610
-02.7846	-00.7641	0001.611
-02.7822	-00.7644	0001.612
-02.7806	-00.7635	0001.613
-02.7782	-00.7638	0001.614
-02.7764	-00.7641	0001.615
-02.7748	-00.7638	0001.616
-02.7718	-00.7638	0001.617
-02.7703	-00.7638	0001.618
-02.7681	-00.7644	0001.619
-02.7663	-00.7641	0001.620
-02.7639	-00.7647	0001.621
-02.7626	-00.7641	0001.622
-02.7608	-00.7638	0001.623
-02.7581	-00.7638	0001.624
-02.7565	-00.7635	0001.625
-02.7547	-00.7644	0001.626
-02.7526	-00.7641	0001.627
-02.7498	-00.7641	0001.628
-02.7483	-00.7641	0001.629
-02.7456	-00.7641	0001.630
-02.7443	-00.7644	0001.631
-02.7416	-00.7638	0001.632
-02.7401	-00.7641	0001.633
-02.7382	-00.7641	0001.634
-02.7361	-00.7635	0001.635
-02.7343	-00.7638	0001.636
-02.7324	-00.7638	0001.637
-02.7303	-00.7635	0001.638
-02.7282	-00.7638	0001.639
-02.7266	-00.7641	0001.640
-02.7245	-00.7638	0001.641
-02.7224	-00.7638	0001.642
-02.7199	-00.7638	0001.643
-02.7187	-00.7635	0001.644
-02.7156	-00.7638	0001.645
-02.7144	-00.7638	0001.646
-02.7123	-00.7638	0001.647
-02.7098	-00.7638	0001.648
-02.7083	-00.7632	0001.649
-02.7062	-00.7641	0001.650
-02.7040	-00.7638	0001.651
-02.7028	-00.7638	0001.652
-02.7004	-00.7641	0001.653
-02.6986	-00.7635	0001.654
-02.6958	-00.7638	0001.655
-02.6946	-00.7638	0001.656
-02.6918	-00.7638	0001.657
-02.6906	-00.7641	0001.658
-02.6882	-00.7638	0001.659
-02.6860	-00.7638	0001.660
-02.6842	-00.7638	0001.661
-02.6821	-00.7635	0001.662
-02.6802	-00.7641	0001.663
-02.6781	-00.7638	0001.664
-02.6763	-00.7638	0001.665
-02.6741	-00.7638	0001.666
-02.6720	-00.7635	0001.667
-02.6702	-00.7638	0001.668
-02.6680	-00.7638	0001.669
-02.6656	-00.7641	0001.670
-02.6641	-00.7635	0001.671
-02.6619	-00.7638	0001.672
-02.6604	-00.7635	0001.673
-02.6586	-00.7641	0001.674
-02.6564	-00.7635	0001.675
-02.6540	-00.7641	0001.676
-02.6522	-00.7641	0001.677
-02.6503	-00.7635	0001.678
-02.6485	-00.7635	0001.679
-02.6464	-00.7638	0001.680
-02.6439	-00.7629	0001.681
-02.6421	-00.7638	0001.682
-02.6406	-00.7638	0001.683
-02.6384	-00.7635	0001.684
-02.6363	-00.7638	0001.685
-02.6345	-00.7638	0001.686
-02.6326	-00.7635	0001.687
-02.6305	-00.7635	0001.688
-02.6278	-00.7641	0001.689
-02.6265	-00.7638	0001.690
-02.6238	-00.7638	0001.691
-02.6223	-00.7635	0001.692
-02.6198	-00.7635	0001.693
-02.6180	-00.7638	0001.694
-02.6162	-00.7638	0001.695
-02.6137	-00.7635	0001.696
-02.6122	-00.7635	0001.697
-02.6094	-00.7638	0001.698
-02.6082	-00.7635	0001.699
-02.6061	-00.7635	0001.700
-02.6043	-00.7635	0001.701
-02.6018	-00.7635	0001.702
-02.5997	-00.7635	0001.703
-02.5975	-00.7635	0001.704
-02.5957	-00.7638	0001.705
-02.5945	-00.7632	0001.706
-02.5924	-00.7632	0001.707
-02.5902	-00.7635	0001.708
-02.5878	-00.7638	0001.709
-02.5863	-00.7635	0001.710
-02.5841	-00.7635	0001.711
-02.5820	-00.7635	0001.712
-02.5801	-00.7638	0001.713
-02.5780	-00.7635	0001.714
-02.5759	-00.7638	0001.715
-02.5740	-00.7632	0001.716
-02.5722	-00.7635	0001.717
-02.5695	-00.7638	0001.718
-02.5682	-00.7635	0001.719
-02.5658	-00.7632	0001.720
-02.5640	-00.7632	0001.721
-02.5624	-00.7635	0001.722
-02.5606	-00.7635	0001.723
-02.5579	-00.7635	0001.724
-02.5563	-00.7632	0001.725
-02.5539	-00.7635	0001.726
-02.5515	-00.7638	0001.727
-02.5499	-00.7635	0001.728
-02.5478	-00.7638	0001.729
-02.5460	-00.7635	0001.730
-02.5438	-00.7638	0001.731
-02.5423	-00.7638	0001.732
-02.5396	-00.7632	0001.733
-02.5377	-00.7632	0001.734
-02.5356	-00.7635	0001.735
-02.5344	-00.7635	0001.736
-02.5319	-00.7638	0001.737
-02.5304	-00.7635	0001.738
-02.5280	-00.7635	0001.739
-02.5261	-00.7629	0001.740
-02.5237	-00.7632	0001.741
-02.5222	-00.7635	0001.742
-02.5200	-00.7635	0001.743
-02.5182	-00.7635	0001.744
-02.5155	-00.7632	0001.745
-02.5139	-00.7635	0001.746
-02.5121	-00.7632	0001.747
-02.5103	-00.7629	0001.748
-02.5078	-00.7632	0001.749
-02.5063	-00.7632	0001.750
-02.5039	-00.7635	0001.751
-02.5023	-00.7632	0001.752
-02.4999	-00.7632	0001.753
-02.4981	-00.7629	0001.754
-02.4962	-00.7632	0001.755
-02.4941	-00.7632	0001.756
-02.4920	-00.7635	0001.757
-02.4898	-00.7635	0001.758
-02.4880	-00.7635	0001.759
-02.4862	-00.7635	0001.760
-02.4846	-00.7632	0001.761
-02.4819	-00.7635	0001.762
-02.4804	-00.7629	0001.763
-02.4779	-00.7635	0001.764
-02.4758	-00.7632	0001.765
-02.4743	-00.7632	0001.766
-02.4718	-00.7635	0001.767
-02.4700	-00.7629	0001.768
-02.4681	-00.7632	0001.769
-02.4657	-00.7632	0001.770
-02.4633	-00.7632	0001.771
-02.4623	-00.7632	0001.772
-02.4599	-00.7629	0001.773
-02.4581	-00.7632	0001.774
-02.4556	-00.7632	0001.775
-02.4535	-00.7632	0001.776
-02.4517	-00.7632	0001.777
-02.4498	-00.7635	0001.778
-02.4483	-00.7635	0001.779
-02.4459	-00.7638	0001.780
-02.4446	-00.7632	0001.781
-02.4413	-00.7632	0001.782
-02.4398	-00.7629	0001.783
-02.4379	-00.7632	0001.784
-02.4361	-00.7632	0001.785
-02.4340	-00.7632	0001.786
-02.4321	-00.7629	0001.787
-02.4300	-00.7632	0001.788
-02.4282	-00.7632	0001.789
-02.4257	-00.7629	0001.790
-02.4236	-00.7632	0001.791
-02.4218	-00.7626	0001.792
-02.4202	-00.7632	0001.793
-02.4178	-00.7629	0001.794
-02.4157	-00.7629	0001.795
-02.4135	-00.7632	0001.796
-02.4120	-00.7635	0001.797
-02.4092	-00.7632	0001.798
-02.4080	-00.7632	0001.799
-02.4062	-00.7629	0001.800
-02.4038	-00.7635	0001.801
-02.4016	-00.7632	0001.802
-02.3998	-00.7635	0001.803
-02.3980	-00.7632	0001.804
-02.3961	-00.7632	0001.805
-02.3940	-00.7629	0001.806
-02.3922	-00.7635	0001.807
-02.3900	-00.7632	0001.808
-02.3876	-00.7629	0001.809
-02.3864	-00.7632	0001.810
-02.3833	-00.7629	0001.811
-02.3815	-00.7629	0001.812
-02.3800	-00.7629	0001.813
-02.3778	-00.7632	0001.814
-02.3760	-00.7629	0001.815
-02.3738	-00.7626	0001.816
-02.3720	-00.7629	0001.817
-02.3699	-00.7629	0001.818
-02.3684	-00.7629	0001.819
-02.3656	-00.7629	0001.820
-02.3638	-00.7632	0001.821
-02.3616	-00.7626	0001.822
-02.3598	-00.7629	0001.823
-02.3580	-00.7629	0001.824
-02.3555	-00.7632	0001.825
-02.3534	-00.7629	0001.826
-02.3522	-00.7629	0001.827
-02.3500	-00.7632	0001.828
-02.3479	-00.7632	0001.829
-02.3461	-00.7626	0001.830
-02.3436	-00.7629	0001.831
-02.3421	-00.7632	0001.832
-02.3400	-00.7632	0001.833
-02.3378	-00.7629	0001.834
-02.3360	-00.7626	0001.835
-02.3339	-00.7626	0001.836
-02.3323	-00.7632	0001.837
-02.3296	-00.7629	0001.838
-02.3275	-00.7632	0001.839
-02.3259	-00.7626	0001.840
-02.3235	-00.7626	0001.841
-02.3220	-00.7626	0001.842
-02.3195	-00.7629	0001.843
-02.3180	-00.7629	0001.844
-02.3165	-00.7632	0001.845
-02.3143	-00.7623	0001.846
-02.3116	-00.7629	0001.847
-02.3095	-00.7632	0001.848
-02.3085	-00.7629	0001.849
-02.3061	-00.7626	0001.850
-02.3040	-00.7629	0001.851
-02.3015	-00.7629	0001.852
-02.2994	-00.7629	0001.853
-02.2979	-00.7626	0001.854
-02.2957	-00.7626	0001.855
-02.2936	-00.7626	0001.856
-02.2918	-00.7626	0001.857
-02.2893	-00.7626	0001.858
-02.2872	-00.7626	0001.859
-02.2857	-00.7626	0001.860
-02.2835	-00.7626	0001.861
-02.2817	-00.7626	0001.862
-02.2795	-00.7626	0001.863
-02.2774	-00.7626	0001.864
-02.2759	-00.7626	0001.865
-02.2738	-00.7629	0001.866
-02.2719	-00.7626	0001.867
-02.2695	-00.7626	0001.868
-02.2676	-00.7623	0001.869
-02.2652	-00.7629	0001.870
-02.2637	-00.7626	0001.871
-02.2618	-00.7626	0001.872
-02.2591	-00.7626	0001.873
-02.2582	-00.7626	0001.874
-02.2561	-00.7623	0001.875
-02.2536	-00.7629	0001.876
-02.2518	-00.7626	0001.877
-02.2496	-00.7626	0001.878
-02.2472	-00.7629	0001.879
-02.2457	-00.7629	0001.880
-02.2435	-00.7623	0001.881
-02.2417	-00.7629	0001.882
-02.2396	-00.7626	0001.883
-02.2377	-00.7626	0001.884
-02.2359	-00.7626	0001.885
-02.2332	-00.7629	0001.886
-02.2310	-00.7626	0001.887
-02.2292	-00.7623	0001.888
-02.2274	-00.7626	0001.889
-02.2249	-00.7629	0001.890
-02.2237	-00.7626	0001.891
-02.2216	-00.7623	0001.892
-02.2197	-00.7626	0001.893
-02.2179	-00.7626	0001.894
-02.2155	-00.7626	0001.895
-02.2136	-00.7626	0001.896
-02.2112	-00.7626	0001.897
-02.2094	-00.7626	0001.898
-02.2072	-00.7623	0001.899
-02.2057	-00.7626	0001.900
-02.2030	-00.7623	0001.901
-02.2017	-00.7626	0001.902
-02.1996	-00.7623	0001.903
-02.1978	-00.7626	0001.904
-02.1950	-00.7626	0001.905
-02.1935	-00.7626	0001.906
-02.1914	-00.7620	0001.907
-02.1898	-00.7626	0001.908
-02.1877	-00.7626	0001.909
-02.1852	-00.7623	0001.910
-02.1837	-00.7623	0001.911
-02.1816	-00.7626	0001.912
-02.1795	-00.7626	0001.913
-02.1773	-00.7626	0001.914
-02.1755	-00.7626	0001.915
-02.1737	-00.7623	0001.916
-02.1718	-00.7620	0001.917
-02.1697	-00.7623	0001.918
-02.1672	-00.7620	0001.919
-02.1660	-00.7620	0001.920
-02.1639	-00.7626	0001.921
-02.1614	-00.7626	0001.922
-02.1596	-00.7626	0001.923
-02.1575	-00.7626	0001.924
-02.1550	-00.7623	0001.925
-02.1535	-00.7623	0001.926
-02.1517	-00.7626	0001.927
-02.1492	-00.7623	0001.928
-02.1477	-00.7623	0001.929
-02.1453	-00.7623	0001.930
-02.1434	-00.7626	0001.931
-02.1413	-00.7620	0001.932
-02.1395	-00.7623	0001.933
-02.1376	-00.7620	0001.934
-02.1355	-00.7623	0001.935
-02.1334	-00.7620	0001.936
-02.1318	-00.7623	0001.937
-02.1297	-00.7623	0001.938
-02.1267	-00.7626	0001.939
-02.1257	-00.7626	0001.940
-02.1233	-00.7623	0001.941
-02.1215	-00.7626	0001.942
-02.1196	-00.7620	0001.943
-02.1178	-00.7620	0001.944
-02.1157	-00.7626	0001.945
-02.1129	-00.7620	0001.946
-02.1114	-00.7623	0001.947
-02.1096	-00.7620	0001.948
-02.1074	-00.7620	0001.949
-02.1053	-00.7623	0001.950
-02.1035	-00.7620	0001.951
-02.1010	-00.7617	0001.952
-02.0992	-00.7623	0001.953
-02.0971	-00.7623	0001.954
-02.0955	-00.7623	0001.955
-02.0937	-00.7623	0001.956
-02.0913	-00.7623	0001.957
-02.0897	-00.7620	0001.958
-02.0870	-00.7626	0001.959
-02.0858	-00.7620	0001.960
-02.0833	-00.7620	0001.961
-02.0815	-00.7614	0001.962
-02.0794	-00.7623	0001.963
-02.0769	-00.7617	0001.964
-02.0754	-00.7620	0001.965
-02.0729	-00.7620	0001.966
-02.0717	-00.7620	0001.967
-02.0690	-00.7620	0001.968
-02.0675	-00.7623	0001.969
-02.0650	-00.7620	0001.970
-02.0632	-00.7620	0001.971
-02.0613	-00.7620	0001.972
-02.0589	-00.7617	0001.973
-02.0571	-00.7620	0001.974
-02.0552	-00.7617	0001.975
-02.0534	-00.7620	0001.976
-02.0510	-00.7620	0001.977
-02.0491	-00.7617	0001.978
-02.0473	-00.7620	0001.979
-02.0455	-00.7620	0001.980
-02.0433	-00.7617	0001.981
-02.0412	-00.7620	0001.982
-02.0394	-00.7620	0001.983
-02.0372	-00.7620	0001.984
-02.0357	-00.7620	0001.985
-02.0333	-00.7620	0001.986
-02.0314	-00.7614	0001.987
-02.0293	-00.7620	0001.988
-02.0272	-00.7626	0001.989
-02.0253	-00.7614	0001.990
-02.0235	-00.7614	0001.991
-02.0214	-00.7617	0001.992
-02.0192	-00.7620	0001.993
-02.0171	-00.7617	0001.994
-02.0156	-00.7623	0001.995
-02.0131	-00.7617	0001.996
-02.0113	-00.7620	0001.997
-02.0095	-00.7620	0001.998
-02.0067	-00.7614	0001.999
-02.0052	-00.7614	0002.000
-02.0034	-00.7617	0002.001
-02.0012	-00.7617	0002.002
-01.9997	-00.7620	0002.003
-01.9973	-00.7614	0002.004
-01.9957	-00.7617	0002.005
-01.9933	-00.7620	0002.006
-01.9921	-00.7614	0002.007
-01.9893	-00.7620	0002.008
-01.9872	-00.7617	0002.009
-01.9857	-00.7617	0002.010
-01.9829	-00.7614	0002.011
-01.9811	-00.7617	0002.012
-01.9790	-00.7617	0002.013
-01.9780	-00.7617	0002.014
-01.9750	-00.7617	0002.015
-01.9732	-00.7620	0002.016
-01.9710	-00.7614	0002.017
-01.9692	-00.7617	0002.018
-01.9674	-00.7620	0002.019
-01.9649	-00.7617	0002.020
-01.9631	-00.7620	0002.021
-01.9609	-00.7617	0002.022
-01.9591	-00.7617	0002.023
-01.9570	-00.7617	0002.024
-01.9551	-00.7614	0002.025
-01.9536	-00.7617	0002.026
-01.9509	-00.7620	0002.027
-01.9490	-00.7620	0002.028
-01.9472	-00.7617	0002.029
-01.9454	-00.7614	0002.030
-01.9436	-00.7617	0002.031
-01.9417	-00.7617	0002.032
-01.9393	-00.7620	0002.033
-01.9371	-00.7614	0002.034
-01.9347	-00.7614	0002.035
-01.9329	-00.7617	0002.036
-01.9313	-00.7617	0002.037
-01.9289	-00.7620	0002.038
-01.9274	-00.7614	0002.039
-01.9255	-00.7620	0002.040
-01.9231	-00.7614	0002.041
-01.9207	-00.7617	0002.042
-01.9188	-00.7614	0002.043
-01.9173	-00.7611	0002.044
-01.9152	-00.7614	0002.045
-01.9136	-00.7620	0002.046
-01.9112	-00.7617	0002.047
-01.9091	-00.7614	0002.048
-01.9072	-00.7614	0002.049
-01.9051	-00.7614	0002.050
-01.9033	-00.7614	0002.051
-01.9011	-00.7614	0002.052
-01.8987	-00.7620	0002.053
-01.8972	-00.7614	0002.054
-01.8953	-00.7611	0002.055
-01.8929	-00.7614	0002.056
-01.8908	-00.7611	0002.057
-01.8889	-00.7611	0002.058
-01.8868	-00.7620	0002.059
-01.8853	-00.7611	0002.060
-01.8828	-00.7617	0002.061
-01.8810	-00.7614	0002.062
-01.8792	-00.7620	0002.063
-01.8767	-00.7605	0002.064
-01.8749	-00.7614	0002.065
-01.8734	-00.7614	0002.066
-01.8709	-00.7611	0002.067
-01.8691	-00.7611	0002.068
-01.8670	-00.7614	0002.069
-01.8645	-00.7611	0002.070
-01.8633	-00.7611	0002.071
-01.8608	-00.7614	0002.072
-01.8590	-00.7614	0002.073
-01.8569	-00.7614	0002.074
-01.8554	-00.7617	0002.075
-01.8532	-00.7611	0002.076
-01.8514	-00.7614	0002.077
-01.8489	-00.7611	0002.078
-01.8474	-00.7614	0002.079
-01.8447	-00.7611	0002.080
-01.8435	-00.7617	0002.081
-01.8410	-00.7611	0002.082
-01.8386	-00.7617	0002.083
-01.8373	-00.7611	0002.084
-01.8343	-00.7602	0002.085
-01.8331	-00.7611	0002.086
-01.8306	-00.7614	0002.087
-01.8291	-00.7614	0002.088
-01.8267	-00.7605	0002.089
-01.8251	-00.7614	0002.090
-01.8233	-00.7614	0002.091
-01.8206	-00.7611	0002.092
-01.8190	-00.7617	0002.093
-01.8166	-00.7617	0002.094
-01.8151	-00.7611	0002.095
-01.8129	-00.7614	0002.096
-01.8111	-00.7611	0002.097
-01.8090	-00.7611	0002.098
-01.8074	-00.7617	0002.099
-01.8050	-00.7614	0002.100
-01.8029	-00.7608	0002.101
-01.8010	-00.7611	0002.102
-01.7986	-00.7608	0002.103
-01.7971	-00.7611	0002.104
-01.7946	-00.7611	0002.105
-01.7928	-00.7614	0002.106
-01.7907	-00.7611	0002.107
-01.7888	-00.7611	0002.108
-01.7870	-00.7611	0002.109
-01.7846	-00.7608	0002.110
-01.7827	-00.7611	0002.111
-01.7809	-00.7611	0002.112
-01.7788	-00.7611	0002.113
-01.7772	-00.7614	0002.114
-01.7751	-00.7611	0002.115
-01.7730	-00.7611	0002.116
-01.7708	-00.7611	0002.117
-01.7690	-00.7614	0002.118
-01.7669	-00.7605	0002.119
-01.7650	-00.7608	0002.120
-01.7626	-00.7614	0002.121
-01.7608	-00.7611	0002.122
-01.7586	-00.7614	0002.123
-01.7568	-00.7608	0002.124
-01.7550	-00.7614	0002.125
-01.7525	-00.7608	0002.126
-01.7507	-00.7611	0002.127
-01.7495	-00.7614	0002.128
-01.7470	-00.7605	0002.129
-01.7446	-00.7611	0002.130
-01.7427	-00.7611	0002.131
-01.7409	-00.7611	0002.132
-01.7388	-00.7608	0002.133
-01.7366	-00.7608	0002.134
-01.7351	-00.7608	0002.135
-01.7330	-00.7611	0002.136
-01.7311	-00.7611	0002.137
-01.7287	-00.7611	0002.138
-01.7269	-00.7614	0002.139
-01.7244	-00.7605	0002.140
-01.7229	-00.7608	0002.141
-01.7208	-00.7611	0002.142
-01.7189	-00.7608	0002.143
-01.7171	-00.7611	0002.144
-01.7147	-00.7614	0002.145
-01.7134	-00.7608	0002.146
-01.7107	-00.7608	0002.147
-01.7086	-00.7605	0002.148
-01.7067	-00.7611	0002.149
-01.7049	-00.7611	0002.150
-01.7031	-00.7608	0002.151
-01.7006	-00.7605	0002.152
-01.6988	-00.7611	0002.153
-01.6964	-00.7611	0002.154
-01.6951	-00.7608	0002.155
-01.6930	-00.7608	0002.156
-01.6906	-00.7608	0002.157
-01.6887	-00.7608	0002.158
-01.6866	-00.7605	0002.159
-01.6851	-00.7608	0002.160
-01.6829	-00.7605	0002.161
-01.6811	-00.7611	0002.162
-01.6787	-00.7608	0002.163
-01.6768	-00.7605	0002.164
-01.6747	-00.7608	0002.165
-01.6732	-00.7608	0002.166
-01.6710	-00.7608	0002.167
-01.6683	-00.7605	0002.168
-01.6668	-00.7608	0002.169
-01.6649	-00.7602	0002.170
-01.6625	-00.7608	0002.171
-01.6603	-00.7608	0002.172
-01.6588	-00.7608	0002.173
-01.6567	-00.7608	0002.174
-01.6549	-00.7605	0002.175
-01.6527	-00.7605	0002.176
-01.6506	-00.7608	0002.177
-01.6491	-00.7605	0002.178
-01.6469	-00.7608	0002.179
-01.6445	-00.7605	0002.180
-01.6423	-00.7605	0002.181
-01.6408	-00.7608	0002.182
-01.6393	-00.7608	0002.183
-01.6365	-00.7608	0002.184
-01.6347	-00.7608	0002.185
-01.6323	-00.7608	0002.186
-01.6307	-00.7602	0002.187
-01.6289	-00.7605	0002.188
-01.6268	-00.7605	0002.189
-01.6246	-00.7605	0002.190
-01.6228	-00.7605	0002.191
-01.6204	-00.7602	0002.192
-01.6188	-00.7602	0002.193
-01.6170	-00.7602	0002.194
-01.6149	-00.7605	0002.195
-01.6127	-00.7605	0002.196
-01.6106	-00.7608	0002.197
-01.6085	-00.7602	0002.198
-01.6063	-00.7602	0002.199
-01.6045	-00.7608	0002.200
-01.6027	-00.7605	0002.201
-01.6008	-00.7605	0002.202
-01.5984	-00.7605	0002.203
-01.5969	-00.7602	0002.204
-01.5944	-00.7605	0002.205
-01.5926	-00.7602	0002.206
-01.5911	-00.7605	0002.207
-01.5886	-00.7605	0002.208
-01.5868	-00.7605	0002.209
-01.5847	-00.7605	0002.210
-01.5828	-00.7608	0002.211
-01.5810	-00.7605	0002.212
-01.5789	-00.7602	0002.213
-01.5764	-00.7605	0002.214
-01.5743	-00.7602	0002.215
-01.5728	-00.7599	0002.216
-01.5706	-00.7605	0002.217
-01.5688	-00.7605	0002.218
-01.5670	-00.7602	0002.219
-01.5648	-00.7602	0002.220
-01.5624	-00.7602	0002.221
-01.5606	-00.7599	0002.222
-01.5581	-00.7605	0002.223
-01.5563	-00.7599	0002.224
-01.5548	-00.7608	0002.225
-01.5523	-00.7602	0002.226
-01.5505	-00.7605	0002.227
-01.5490	-00.7605	0002.228
-01.5462	-00.7605	0002.229
-01.5447	-00.7602	0002.230
-01.5429	-00.7602	0002.231
-01.5407	-00.7595	0002.232
-01.5383	-00.7602	0002.233
-01.5368	-00.7602	0002.234
-01.5349	-00.7599	0002.235
-01.5325	-00.7599	0002.236
-01.5310	-00.7602	0002.237
-01.5285	-00.7605	0002.238
-01.5264	-00.7602	0002.239
-01.5245	-00.7599	0002.240
-01.5227	-00.7599	0002.241
-01.5200	-00.7602	0002.242
-01.5187	-00.7602	0002.243
-01.5163	-00.7599	0002.244
-01.5145	-00.7592	0002.245
-01.5120	-00.7599	0002.246
-01.5105	-00.7602	0002.247
-01.5081	-00.7602	0002.248
-01.5059	-00.7599	0002.249
-01.5041	-00.7602	0002.250
-01.5026	-00.7599	0002.251
-01.5001	-00.7605	0002.252
-01.4983	-00.7592	0002.253
-01.4962	-00.7605	0002.254
-01.4943	-00.7602	0002.255
-01.4922	-00.7599	0002.256
-01.4904	-00.7602	0002.257
-01.4882	-00.7602	0002.258
-01.4861	-00.7602	0002.259
-01.4849	-00.7599	0002.260
-01.4827	-00.7602	0002.261
-01.4800	-00.7599	0002.262
-01.4785	-00.7602	0002.263
-01.4763	-00.7599	0002.264
-01.4742	-00.7599	0002.265
-01.4724	-00.7602	0002.266
-01.4705	-00.7599	0002.267
-01.4684	-00.7602	0002.268
-01.4666	-00.7592	0002.269
-01.4644	-00.7602	0002.270
-01.4620	-00.7599	0002.271
-01.4605	-00.7599	0002.272
-01.4580	-00.7595	0002.273
-01.4565	-00.7599	0002.274
-01.4544	-00.7602	0002.275
-01.4522	-00.7599	0002.276
-01.4501	-00.7599	0002.277
-01.4489	-00.7599	0002.278
-01.4464	-00.7599	0002.279
-01.4440	-00.7599	0002.280
-01.4425	-00.7595	0002.281
-01.4403	-00.7595	0002.282
-01.4382	-00.7599	0002.283
-01.4367	-00.7595	0002.284
-01.4345	-00.7595	0002.285
-01.4324	-00.7599	0002.286
-01.4299	-00.7599	0002.287
-01.4281	-00.7595	0002.288
-01.4260	-00.7599	0002.289
-01.4241	-00.7602	0002.290
-01.4226	-00.7595	0002.291
-01.4205	-00.7599	0002.292
-01.4180	-00.7592	0002.293
-01.4162	-00.7599	0002.294
-01.4144	-00.7599	0002.295
-01.4122	-00.7595	0002.296
-01.4104	-00.7595	0002.297
-01.4077	-00.7592	0002.298
-01.4067	-00.7595	0002.299
-01.4040	-00.7595	0002.300
-01.4025	-00.7592	0002.301
-01.4000	-00.7599	0002.302
-01.3982	-00.7595	0002.303
-01.3964	-00.7599	0002.304
-01.3945	-00.7595	0002.305
-01.3927	-00.7602	0002.306
-01.3909	-00.7595	0002.307
-01.3881	-00.7595	0002.308
-01.3866	-00.7595	0002.309
-01.3842	-00.7595	0002.310
-01.3829	-00.7595	0002.311
-01.3808	-00.7595	0002.312
-01.3781	-00.7592	0002.313
-01.3765	-00.7599	0002.314
-01.3744	-00.7589	0002.315
-01.3726	-00.7595	0002.316
-01.3701	-00.7592	0002.317
-01.3683	-00.7595	0002.318
-01.3662	-00.7595	0002.319
-01.3640	-00.7595	0002.320
-01.3625	-00.7595	0002.321
-01.3604	-00.7595	0002.322
-01.3588	-00.7592	0002.323
-01.3564	-00.7595	0002.324
-01.3543	-00.7595	0002.325
-01.3524	-00.7595	0002.326
-01.3503	-00.7595	0002.327
-01.3485	-00.7595	0002.328
-01.3457	-00.7595	0002.329
-01.3442	-00.7595	0002.330
-01.3427	-00.7592	0002.331
-01.3405	-00.7595	0002.332
-01.3381	-00.7592	0002.333
-01.3366	-00.7595	0002.334
-01.3341	-00.7592	0002.335
-01.3320	-00.7595	0002.336
-01.3301	-00.7595	0002.337
-01.3280	-00.7592	0002.338
-01.3262	-00.7592	0002.339
-01.3243	-00.7592	0002.340
-01.3222	-00.7592	0002.341
-01.3201	-00.7592	0002.342
-01.3182	-00.7589	0002.343
-01.3164	-00.7592	0002.344
-01.3137	-00.7589	0002.345
-01.3118	-00.7592	0002.346
-01.3100	-00.7595	0002.347
-01.3082	-00.7592	0002.348
-01.3060	-00.7595	0002.349
-01.3042	-00.7589	0002.350
-01.3024	-00.7592	0002.351
-01.3002	-00.7592	0002.352
-01.2981	-00.7595	0002.353
-01.2963	-00.7589	0002.354
-01.2938	-00.7589	0002.355
-01.2917	-00.7589	0002.356
-01.2905	-00.7589	0002.357
-01.2880	-00.7586	0002.358
-01.2862	-00.7589	0002.359
-01.2841	-00.7592	0002.360
-01.2825	-00.7595	0002.361
-01.2801	-00.7586	0002.362
-01.2783	-00.7589	0002.363
-01.2767	-00.7589	0002.364
-01.2743	-00.7586	0002.365
-01.2722	-00.7589	0002.366
-01.2700	-00.7589	0002.367
-01.2679	-00.7589	0002.368
-01.2658	-00.7589	0002.369
-01.2642	-00.7589	0002.370
-01.2624	-00.7592	0002.371
-01.2600	-00.7589	0002.372
-01.2581	-00.7592	0002.373
-01.2560	-00.7586	0002.374
-01.2542	-00.7586	0002.375
-01.2520	-00.7589	0002.376
-01.2505	-00.7589	0002.377
-01.2481	-00.7586	0002.378
-01.2465	-00.7589	0002.379
-01.2438	-00.7592	0002.380
-01.2416	-00.7592	0002.381
-01.2401	-00.7589	0002.382
-01.2380	-00.7592	0002.383
-01.2358	-00.7589	0002.384
-01.2340	-00.7586	0002.385
-01.2322	-00.7586	0002.386
-01.2297	-00.7592	0002.387
-01.2285	-00.7589	0002.388
-01.2258	-00.7589	0002.389
-01.2239	-00.7586	0002.390
-01.2215	-00.7589	0002.391
-01.2197	-00.7589	0002.392
-01.2178	-00.7586	0002.393
-01.2154	-00.7589	0002.394
-01.2139	-00.7586	0002.395
-01.2117	-00.7586	0002.396
-01.2102	-00.7583	0002.397
-01.2081	-00.7586	0002.398
-01.2059	-00.7583	0002.399
-01.2035	-00.7586	0002.400
-01.2020	-00.7586	0002.401
-01.2001	-00.7589	0002.402
-01.1977	-00.7586	0002.403
-01.1962	-00.7589	0002.404
-01.1937	-00.7589	0002.405
-01.1928	-00.7589	0002.406
-01.1901	-00.7586	0002.407
-01.1882	-00.7589	0002.408
-01.1861	-00.7589	0002.409
-01.1840	-00.7583	0002.410
-01.1818	-00.7586	0002.411
-01.1800	-00.7589	0002.412
-01.1782	-00.7583	0002.413
-01.1757	-00.7589	0002.414
-01.1742	-00.7583	0002.415
-01.1721	-00.7583	0002.416
-01.1696	-00.7586	0002.417
-01.1681	-00.7586	0002.418
-01.1663	-00.7586	0002.419
-01.1641	-00.7586	0002.420
-01.1620	-00.7586	0002.421
-01.1599	-00.7586	0002.422
-01.1577	-00.7583	0002.423
-01.1556	-00.7583	0002.424
-01.1541	-00.7583	0002.425
-01.1519	-00.7589	0002.426
-01.1498	-00.7583	0002.427
-01.1480	-00.7583	0002.428
-01.1455	-00.7583	0002.429
-01.1437	-00.7586	0002.430
-01.1419	-00.7583	0002.431
-01.1394	-00.7583	0002.432
-01.1382	-00.7583	0002.433
-01.1358	-00.7583	0002.434
-01.1333	-00.7583	0002.435
-01.1318	-00.7583	0002.436
-01.1300	-00.7583	0002.437
-01.1278	-00.7583	0002.438
-01.1254	-00.7583	0002.439
-01.1235	-00.7577	0002.440
-01.1217	-00.7583	0002.441
-01.1199	-00.7583	0002.442
-01.1177	-00.7583	0002.443
-01.1165	-00.7586	0002.444
-01.1135	-00.7583	0002.445
-01.1123	-00.7586	0002.446
-01.1098	-00.7586	0002.447
-01.1077	-00.7583	0002.448
-01.1055	-00.7583	0002.449
-01.1037	-00.7583	0002.450
-01.1022	-00.7583	0002.451
-01.0991	-00.7580	0002.452
-01.0982	-00.7583	0002.453
-01.0958	-00.7580	0002.454
-01.0946	-00.7586	0002.455
-01.0918	-00.7583	0002.456
-01.0900	-00.7586	0002.457
-01.0875	-00.7586	0002.458
-01.0860	-00.7577	0002.459
-01.0839	-00.7583	0002.460
-01.0817	-00.7583	0002.461
-01.0799	-00.7583	0002.462
-01.0781	-00.7583	0002.463
-01.0759	-00.7583	0002.464
-01.0741	-00.7580	0002.465
-01.0720	-00.7580	0002.466
-01.0695	-00.7583	0002.467
-01.0677	-00.7580	0002.468
-01.0659	-00.7580	0002.469
-01.0637	-00.7583	0002.470
-01.0613	-00.7583	0002.471
-01.0595	-00.7580	0002.472
-01.0579	-00.7580	0002.473
-01.0561	-00.7580	0002.474
-01.0537	-00.7580	0002.475
-01.0515	-00.7577	0002.476
-01.0497	-00.7583	0002.477
-01.0479	-00.7580	0002.478
-01.0457	-00.7583	0002.479
-01.0439	-00.7583	0002.480
-01.0418	-00.7583	0002.481
-01.0399	-00.7580	0002.482
-01.0378	-00.7583	0002.483
-01.0360	-00.7580	0002.484
-01.0335	-00.7577	0002.485
-01.0314	-00.7577	0002.486
-01.0299	-00.7580	0002.487
-01.0274	-00.7580	0002.488
-01.0262	-00.7580	0002.489
-01.0238	-00.7577	0002.490
-01.0216	-00.7583	0002.491
-01.0195	-00.7577	0002.492
-01.0180	-00.7577	0002.493
-01.0155	-00.7580	0002.494
-01.0140	-00.7580	0002.495
-01.0115	-00.7583	0002.496
-01.0097	-00.7577	0002.497
-01.0076	-00.7577	0002.498
-01.0057	-00.7580	0002.499
-01.0039	-00.7577	0002.500
-01.0015	-00.7577	0002.501
-00.9999	-00.7577	0002.502
-00.9981	-00.7577	0002.503
-00.9960	-00.7580	0002.504
-00.9935	-00.7577	0002.505
-00.9911	-00.7577	0002.506
-00.9899	-00.7577	0002.507
-00.9874	-00.7574	0002.508
-00.9859	-00.7577	0002.509
-00.9835	-00.7580	0002.510
-00.9816	-00.7580	0002.511
-00.9801	-00.7580	0002.512
-00.9780	-00.7577	0002.513
-00.9755	-00.7577	0002.514
-00.9737	-00.7577	0002.515
-00.9719	-00.7577	0002.516
-00.9694	-00.7577	0002.517
-00.9679	-00.7571	0002.518
-00.9658	-00.7577	0002.519
-00.9636	-00.7574	0002.520
-00.9615	-00.7577	0002.521
-00.9597	-00.7577	0002.522
-00.9575	-00.7577	0002.523
-00.9551	-00.7571	0002.524
-00.9536	-00.7574	0002.525
-00.9511	-00.7577	0002.526
-00.9493	-00.7571	0002.527
-00.9475	-00.7580	0002.528
-00.9456	-00.7574	0002.529
-00.9432	-00.7577	0002.530
-00.9414	-00.7574	0002.531
-00.9395	-00.7574	0002.532
-00.9374	-00.7574	0002.533
-00.9359	-00.7577	0002.534
-00.9334	-00.7571	0002.535
-00.9322	-00.7577	0002.536
-00.9295	-00.7571	0002.537
-00.9282	-00.7574	0002.538
-00.9258	-00.7574	0002.539
-00.9237	-00.7577	0002.540
-00.9218	-00.7574	0002.541
-00.9191	-00.7571	0002.542
-00.9175	-00.7568	0002.543
-00.9154	-00.7571	0002.544
-00.9136	-00.7574	0002.545
-00.9118	-00.7571	0002.546
-00.9096	-00.7571	0002.547
-00.9075	-00.7574	0002.548
-00.9060	-00.7571	0002.549
-00.9032	-00.7571	0002.550
-00.9014	-00.7574	0002.551
-00.8998	-00.7577	0002.552
-00.8974	-00.7574	0002.553
-00.8956	-00.7571	0002.554
-00.8934	-00.7574	0002.555
-00.8919	-00.7574	0002.556
-00.8889	-00.7571	0002.557
-00.8879	-00.7574	0002.558
-00.8852	-00.7571	0002.559
-00.8837	-00.7568	0002.560
-00.8812	-00.7571	0002.561
-00.8794	-00.7574	0002.562
-00.8779	-00.7574	0002.563
-00.8754	-00.7571	0002.564
-00.8736	-00.7568	0002.565
-00.8715	-00.7571	0002.566
-00.8702	-00.7571	0002.567
-00.8675	-00.7571	0002.568
-00.8657	-00.7574	0002.569
-00.8638	-00.7571	0002.570
-00.8614	-00.7571	0002.571
-00.8599	-00.7574	0002.572
-00.8571	-00.7574	0002.573
-00.8556	-00.7568	0002.574
-00.8529	-00.7571	0002.575
-00.8516	-00.7568	0002.576
-00.8495	-00.7571	0002.577
-00.8480	-00.7568	0002.578
-00.8452	-00.7568	0002.579
-00.8431	-00.7571	0002.580
-00.8413	-00.7568	0002.581
-00.8394	-00.7568	0002.582
-00.8373	-00.7568	0002.583
-00.8355	-00.7571	0002.584
-00.8333	-00.7577	0002.585
-00.8315	-00.7571	0002.586
-00.8297	-00.7568	0002.587
-00.8272	-00.7571	0002.588
-00.8254	-00.7571	0002.589
-00.8239	-00.7571	0002.590
-00.8211	-00.7571	0002.591
-00.8193	-00.7571	0002.592
-00.8175	-00.7568	0002.593
-00.8159	-00.7568	0002.594
-00.8132	-00.7568	0002.595
-00.8117	-00.7568	0002.596
-00.8089	-00.7565	0002.597
-00.8074	-00.7571	0002.598
-00.8052	-00.7568	0002.599
-00.8037	-00.7565	0002.600
-00.8013	-00.7568	0002.601
-00.7991	-00.7571	0002.602
-00.7976	-00.7568	0002.603
-00.7952	-00.7568	0002.604
-00.7936	-00.7571	0002.605
-00.7918	-00.7568	0002.606
-00.7897	-00.7565	0002.607
-00.7872	-00.7565	0002.608
-00.7854	-00.7565	0002.609
-00.7833	-00.7565	0002.610
-00.7808	-00.7565	0002.611
-00.7796	-00.7568	0002.612
-00.7778	-00.7565	0002.613
-00.7756	-00.7565	0002.614
-00.7735	-00.7568	0002.615
-00.7717	-00.7562	0002.616
-00.7698	-00.7568	0002.617
-00.7674	-00.7565	0002.618
-00.7653	-00.7571	0002.619
-00.7634	-00.7562	0002.620
-00.7616	-00.7562	0002.621
-00.7595	-00.7571	0002.622
-00.7576	-00.7565	0002.623
-00.7555	-00.7568	0002.624
-00.7537	-00.7565	0002.625
-00.7515	-00.7568	0002.626
-00.7494	-00.7562	0002.627
-00.7476	-00.7562	0002.628
-00.7457	-00.7568	0002.629
-00.7430	-00.7565	0002.630
-00.7412	-00.7565	0002.631
-00.7396	-00.7565	0002.632
-00.7372	-00.7562	0002.633
-00.7354	-00.7559	0002.634
-00.7335	-00.7565	0002.635
-00.7314	-00.7565	0002.636
-00.7293	-00.7568	0002.637
-00.7274	-00.7565	0002.638
-00.7253	-00.7559	0002.639
-00.7232	-00.7565	0002.640
-00.7213	-00.7565	0002.641
-00.7189	-00.7562	0002.642
-00.7174	-00.7565	0002.643
-00.7155	-00.7565	0002.644
-00.7134	-00.7562	0002.645
-00.7119	-00.7565	0002.646
-00.7088	-00.7562	0002.647
-00.7070	-00.7565	0002.648
-00.7051	-00.7568	0002.649
-00.7036	-00.7565	0002.650
-00.7012	-00.7562	0002.651
-00.6997	-00.7565	0002.652
-00.6975	-00.7562	0002.653
-00.6957	-00.7559	0002.654
-00.6932	-00.7562	0002.655
-00.6905	-00.7562	0002.656
-00.6896	-00.7562	0002.657
-00.6874	-00.7562	0002.658
-00.6850	-00.7562	0002.659
-00.6835	-00.7559	0002.660
-00.6810	-00.7559	0002.661
-00.6792	-00.7562	0002.662
-00.6774	-00.7559	0002.663
-00.6752	-00.7562	0002.664
-00.6734	-00.7559	0002.665
-00.6713	-00.7559	0002.666
-00.6688	-00.7562	0002.667
-00.6673	-00.7562	0002.668
-00.6655	-00.7562	0002.669
-00.6636	-00.7559	0002.670
-00.6612	-00.7562	0002.671
-00.6594	-00.7562	0002.672
-00.6572	-00.7556	0002.673
-00.6548	-00.7556	0002.674
-00.6530	-00.7562	0002.675
-00.6511	-00.7562	0002.676
-00.6490	-00.7559	0002.677
-00.6472	-00.7559	0002.678
-00.6456	-00.7559	0002.679
-00.6432	-00.7559	0002.680
-00.6411	-00.7559	0002.681
-00.6392	-00.7559	0002.682
-00.6368	-00.7562	0002.683
-00.6356	-00.7562	0002.684
-00.6331	-00.7565	0002.685
-00.6310	-00.7559	0002.686
-00.6292	-00.7559	0002.687
-00.6270	-00.7559	0002.688
-00.6255	-00.7559	0002.689
-00.6231	-00.7559	0002.690
-00.6215	-00.7556	0002.691
-00.6194	-00.7553	0002.692
-00.6176	-00.7559	0002.693
-00.6151	-00.7556	0002.694
-00.6130	-00.7559	0002.695
-00.6115	-00.7559	0002.696
-00.6093	-00.7559	0002.697
-00.6069	-00.7553	0002.698
-00.6054	-00.7556	0002.699
-00.6032	-00.7556	0002.700
-00.6011	-00.7559	0002.701
-00.5993	-00.7556	0002.702
-00.5968	-00.7556	0002.703
-00.5950	-00.7559	0002.704
-00.5931	-00.7559	0002.705
-00.5910	-00.7556	0002.706
-00.5892	-00.7556	0002.707
-00.5870	-00.7553	0002.708
-00.5852	-00.7556	0002.709
-00.5831	-00.7556	0002.710
-00.5812	-00.7556	0002.711
-00.5788	-00.7559	0002.712
-00.5770	-00.7553	0002.713
-00.5754	-00.7556	0002.714
-00.5733	-00.7559	0002.715
-00.5709	-00.7556	0002.716
-00.5693	-00.7553	0002.717
-00.5669	-00.7556	0002.718
-00.5654	-00.7556	0002.719
-00.5629	-00.7556	0002.720
-00.5611	-00.7556	0002.721
-00.5593	-00.7553	0002.722
-00.5571	-00.7553	0002.723
-00.5550	-00.7553	0002.724
-00.5532	-00.7556	0002.725
-00.5513	-00.7556	0002.726
-00.5489	-00.7553	0002.727
-00.5471	-00.7556	0002.728
-00.5452	-00.7556	0002.729
-00.5431	-00.7547	0002.730
-00.5413	-00.7553	0002.731
-00.5385	-00.7556	0002.732
-00.5370	-00.7553	0002.733
-00.5352	-00.7553	0002.734
-00.5330	-00.7556	0002.735
-00.5312	-00.7553	0002.736
-00.5294	-00.7553	0002.737
-00.5269	-00.7559	0002.738
-00.5245	-00.7550	0002.739
-00.5233	-00.7553	0002.740
-00.5208	-00.7550	0002.741
-00.5193	-00.7556	0002.742
-00.5169	-00.7553	0002.743
-00.5153	-00.7550	0002.744
-00.5132	-00.7553	0002.745
-00.5108	-00.7553	0002.746
-00.5089	-00.7553	0002.747
-00.5074	-00.7553	0002.748
-00.5050	-00.7553	0002.749
-00.5028	-00.7550	0002.750
-00.5010	-00.7550	0002.751
-00.4988	-00.7553	0002.752
-00.4970	-00.7550	0002.753
-00.4949	-00.7553	0002.754
-00.4931	-00.7553	0002.755
-00.4912	-00.7550	0002.756
-00.4891	-00.7550	0002.757
-00.4873	-00.7553	0002.758
-00.4848	-00.7547	0002.759
-00.4830	-00.7550	0002.760
-00.4811	-00.7550	0002.761
-00.4793	-00.7553	0002.762
-00.4769	-00.7550	0002.763
-00.4747	-00.7553	0002.764
-00.4732	-00.7547	0002.765
-00.4711	-00.7547	0002.766
-00.4692	-00.7544	0002.767
-00.4668	-00.7550	0002.768
-00.4650	-00.7550	0002.769
-00.4631	-00.7550	0002.770
-00.4610	-00.7550	0002.771
-00.4589	-00.7550	0002.772
-00.4576	-00.7550	0002.773
-00.4549	-00.7547	0002.774
-00.4534	-00.7550	0002.775
-00.4506	-00.7553	0002.776
-00.4488	-00.7547	0002.777
-00.4470	-00.7547	0002.778
-00.4448	-00.7550	0002.779
-00.4430	-00.7544	0002.780
-00.4409	-00.7550	0002.781
-00.4387	-00.7547	0002.782
-00.4369	-00.7553	0002.783
-00.4354	-00.7544	0002.784
-00.4326	-00.7547	0002.785
-00.4311	-00.7550	0002.786
-00.4293	-00.7547	0002.787
-00.4268	-00.7547	0002.788
-00.4250	-00.7541	0002.789
-00.4232	-00.7544	0002.790
-00.4213	-00.7547	0002.791
-00.4189	-00.7547	0002.792
-00.4171	-00.7547	0002.793
-00.4146	-00.7544	0002.794
-00.4131	-00.7544	0002.795
-00.4110	-00.7547	0002.796
-00.4088	-00.7544	0002.797
-00.4070	-00.7544	0002.798
-00.4045	-00.7547	0002.799
-00.4027	-00.7550	0002.800
-00.4006	-00.7547	0002.801
-00.3984	-00.7544	0002.802
-00.3972	-00.7544	0002.803
-00.3951	-00.7550	0002.804
-00.3933	-00.7544	0002.805
-00.3908	-00.7544	0002.806
-00.3890	-00.7544	0002.807
-00.3862	-00.7541	0002.808
-00.3850	-00.7541	0002.809
-00.3826	-00.7544	0002.810
-00.3814	-00.7547	0002.811
-00.3789	-00.7547	0002.812
-00.3768	-00.7541	0002.813
-00.3746	-00.7544	0002.814
-00.3728	-00.7547	0002.815
-00.3710	-00.7541	0002.816
-00.3688	-00.7544	0002.817
-00.3670	-00.7544	0002.818
-00.3652	-00.7544	0002.819
-00.3627	-00.7544	0002.820
-00.3609	-00.7544	0002.821
-00.3591	-00.7544	0002.822
-00.3569	-00.7544	0002.823
-00.3545	-00.7537	0002.824
-00.3524	-00.7544	0002.825
-00.3508	-00.7541	0002.826
-00.3490	-00.7541	0002.827
-00.3466	-00.7541	0002.828
-00.3447	-00.7547	0002.829
-00.3432	-00.7544	0002.830
-00.3414	-00.7544	0002.831
-00.3386	-00.7544	0002.832
-00.3365	-00.7544	0002.833
-00.3347	-00.7544	0002.834
-00.3331	-00.7541	0002.835
-00.3310	-00.7541	0002.836
-00.3283	-00.7544	0002.837
-00.3267	-00.7541	0002.838
-00.3249	-00.7541	0002.839
-00.3231	-00.7541	0002.840
-00.3209	-00.7537	0002.841
-00.3188	-00.7544	0002.842
-00.3167	-00.7541	0002.843
-00.3142	-00.7537	0002.844
-00.3127	-00.7537	0002.845
-00.3112	-00.7541	0002.846
-00.3087	-00.7537	0002.847
-00.3069	-00.7537	0002.848
-00.3051	-00.7541	0002.849
-00.3026	-00.7541	0002.850
-00.3005	-00.7537	0002.851
-00.2987	-00.7537	0002.852
-00.2968	-00.7541	0002.853
-00.2947	-00.7534	0002.854
-00.2929	-00.7537	0002.855
-00.2904	-00.7541	0002.856
-00.2889	-00.7537	0002.857
-00.2871	-00.7541	0002.858
-00.2846	-00.7534	0002.859
-00.2831	-00.7537	0002.860
-00.2806	-00.7541	0002.861
-00.2785	-00.7537	0002.862
-00.2767	-00.7541	0002.863
-00.2748	-00.7534	0002.864
-00.2733	-00.7541	0002.865
-00.2706	-00.7534	0002.866
-00.2687	-00.7537	0002.867
-00.2669	-00.7541	0002.868
-00.2648	-00.7534	0002.869
-00.2623	-00.7534	0002.870
-00.2605	-00.7534	0002.871
-00.2587	-00.7537	0002.872
-00.2565	-00.7537	0002.873
-00.2547	-00.7537	0002.874
-00.2529	-00.7537	0002.875
-00.2507	-00.7531	0002.876
-00.2483	-00.7534	0002.877
-00.2471	-00.7537	0002.878
-00.2449	-00.7537	0002.879
-00.2428	-00.7537	0002.880
-00.2410	-00.7534	0002.881
-00.2388	-00.7537	0002.882
-00.2367	-00.7534	0002.883
-00.2343	-00.7531	0002.884
-00.2327	-00.7537	0002.885
-00.2306	-00.7534	0002.886
-00.2291	-00.7537	0002.887
-00.2263	-00.7534	0002.888
-00.2248	-00.7534	0002.889
-00.2227	-00.7531	0002.890
-00.2205	-00.7531	0002.891
-00.2187	-00.7541	0002.892
-00.2163	-00.7531	0002.893
-00.2150	-00.7534	0002.894
-00.2126	-00.7534	0002.895
-00.2111	-00.7528	0002.896
-00.2089	-00.7531	0002.897
-00.2062	-00.7531	0002.898
-00.2053	-00.7534	0002.899
-00.2025	-00.7528	0002.900
-00.2004	-00.7531	0002.901
-00.1986	-00.7534	0002.902
-00.1970	-00.7534	0002.903
-00.1946	-00.7537	0002.904
-00.1928	-00.7528	0002.905
-00.1903	-00.7531	0002.906
-00.1885	-00.7531	0002.907
-00.1870	-00.7534	0002.908
-00.1848	-00.7531	0002.909
-00.1827	-00.7531	0002.910
-00.1799	-00.7534	0002.911
-00.1787	-00.7525	0002.912
-00.1766	-00.7525	0002.913
-00.1744	-00.7528	0002.914
-00.1723	-00.7531	0002.915
-00.1711	-00.7528	0002.916
-00.1683	-00.7528	0002.917
-00.1662	-00.7528	0002.918
-00.1644	-00.7525	0002.919
-00.1625	-00.7528	0002.920
-00.1604	-00.7528	0002.921
-00.1580	-00.7531	0002.922
-00.1571	-00.7528	0002.923
-00.1546	-00.7525	0002.924
-00.1531	-00.7528	0002.925
-00.1503	-00.7528	0002.926
-00.1488	-00.7528	0002.927
-00.1464	-00.7531	0002.928
-00.1448	-00.7528	0002.929
-00.1427	-00.7528	0002.930
-00.1406	-00.7528	0002.931
-00.1384	-00.7528	0002.932
-00.1369	-00.7528	0002.933
-00.1345	-00.7528	0002.934
-00.1326	-00.7522	0002.935
-00.1308	-00.7525	0002.936
-00.1284	-00.7528	0002.937
-00.1262	-00.7528	0002.938
-00.1247	-00.7528	0002.939
-00.1226	-00.7528	0002.940
-00.1207	-00.7525	0002.941
-00.1183	-00.7525	0002.942
-00.1162	-00.7528	0002.943
-00.1140	-00.7525	0002.944
-00.1122	-00.7525	0002.945
-00.1104	-00.7528	0002.946
-00.1088	-00.7525	0002.947
-00.1064	-00.7522	0002.948
-00.1046	-00.7525	0002.949
-00.1027	-00.7522	0002.950
-00.1006	-00.7522	0002.951
-00.0985	-00.7522	0002.952
-00.0972	-00.7522	0002.953
-00.0948	-00.7528	0002.954
-00.0927	-00.7522	0002.955
-00.0902	-00.7525	0002.956
-00.0884	-00.7522	0002.957
-00.0866	-00.7528	0002.958
-00.0847	-00.7522	0002.959
-00.0823	-00.7522	0002.960
-00.0808	-00.7522	0002.961
-00.0783	-00.7522	0002.962
-00.0762	-00.7522	0002.963
-00.0747	-00.7525	0002.964
-00.0719	-00.7522	0002.965
-00.0704	-00.7528	0002.966
-00.0682	-00.7519	0002.967
-00.0667	-00.7522	0002.968
-00.0646	-00.7516	0002.969
-00.0624	-00.7522	0002.970
-00.0606	-00.7519	0002.971
-00.0588	-00.7525	0002.972
-00.0563	-00.7522	0002.973
-00.0545	-00.7522	0002.974
-00.0524	-00.7519	0002.975
-00.0502	-00.7522	0002.976
-00.0490	-00.7519	0002.977
-00.0466	-00.7522	0002.978
-00.0438	-00.7522	0002.979
-00.0423	-00.7522	0002.980
-00.0405	-00.7519	0002.981
-00.0383	-00.7519	0002.982
-00.0362	-00.7516	0002.983
-00.0341	-00.7522	0002.984
-00.0319	-00.7516	0002.985
-00.0304	-00.7522	0002.986
-00.0280	-00.7519	0002.987
-00.0261	-00.7519	0002.988
-00.0243	-00.7516	0002.989
-00.0222	-00.7519	0002.990
-00.0203	-00.7513	0002.991
-00.0182	-00.7513	0002.992
-00.0164	-00.7519	0002.993
-00.0142	-00.7522	0002.994
-00.0124	-00.7513	0002.995
-00.0106	-00.7516	0002.996
-00.0084	-00.7519	0002.997
-00.0060	-00.7516	0002.998
-00.0045	-00.7519	0002.999
