R,Ohm	C,pF	Temp,C
0000000000	0000100000	+025.00
Ch1,V	Ch2,V	Time,s
-00.0005	-00.0009	0000.000
-00.0002	-00.0003	0000.001
-00.0042	-00.0003	0000.002
-00.0081	-00.0009	0000.003
-00.0124	-00.0009	0000.004
-00.0158	-00.0009	0000.005
-00.0197	-00.0009	0000.006
-00.0243	-00.0003	0000.007
-00.0277	-00.0009	0000.008
-00.0319	-00.0012	0000.009
-00.0359	-00.0006	0000.010
-00.0405	-00.0015	0000.011
-00.0441	-00.0009	0000.012
-00.0481	-00.0012	0000.013
-00.0521	-00.0012	0000.014
-00.0563	-00.0012	0000.015
-00.0600	-00.0015	0000.016
-00.0643	-00.0015	0000.017
-00.0686	-00.0015	0000.018
-00.0722	-00.0015	0000.019
-00.0765	-00.0018	0000.020
-00.0805	-00.0021	0000.021
-00.0841	-00.0021	0000.022
-00.0881	-00.0018	0000.023
-00.0924	-00.0024	0000.024
-00.0960	-00.0021	0000.025
-00.1003	-00.0018	0000.026
-00.1040	-00.0024	0000.027
-00.1079	-00.0027	0000.028
-00.1122	-00.0027	0000.029
-00.1162	-00.0027	0000.030
-00.1201	-00.0030	0000.031
-00.1247	-00.0036	0000.032
-00.1281	-00.0036	0000.033
-00.1323	-00.0036	0000.034
-00.1360	-00.0039	0000.035
-00.1400	-00.0042	0000.036
-00.1442	-00.0042	0000.037
-00.1485	-00.0048	0000.038
-00.1528	-00.0052	0000.039
-00.1567	-00.0055	0000.040
-00.1604	-00.0055	0000.041
-00.1644	-00.0064	0000.042
-00.1683	-00.0064	0000.043
-00.1723	-00.0067	0000.044
-00.1760	-00.0070	0000.045
-00.1802	-00.0073	0000.046
-00.1839	-00.0079	0000.047
-00.1885	-00.0082	0000.048
-00.1925	-00.0088	0000.049
-00.1964	-00.0094	0000.050
-00.2001	-00.0097	0000.051
-00.2047	-00.0106	0000.052
-00.2083	-00.0106	0000.053
-00.2123	-00.0113	0000.054
-00.2163	-00.0119	0000.055
-00.2202	-00.0125	0000.056
-00.2242	-00.0128	0000.057
-00.2288	-00.0131	0000.058
-00.2324	-00.0140	0000.059
-00.2367	-00.0146	0000.060
-00.2404	-00.0152	0000.061
-00.2443	-00.0158	0000.062
-00.2483	-00.0171	0000.063
-00.2520	-00.0174	0000.064
-00.2559	-00.0183	0000.065
-00.2602	-00.0189	0000.066
-00.2648	-00.0198	0000.067
-00.2684	-00.0207	0000.068
-00.2724	-00.0222	0000.069
-00.2764	-00.0229	0000.070
-00.2800	-00.0241	0000.071
-00.2846	-00.0250	0000.072
-00.2880	-00.0265	0000.073
-00.2922	-00.0283	0000.074
-00.2965	-00.0296	0000.075
-00.3008	-00.0308	0000.076
-00.3045	-00.0323	0000.077
-00.3084	-00.0338	0000.078
-00.3127	-00.0354	0000.079
-00.3160	-00.0375	0000.080
-00.3206	-00.0390	0000.081
-00.3243	-00.0412	0000.082
-00.3283	-00.0436	0000.083
-00.3319	-00.0460	0000.084
-00.3365	-00.0482	0000.085
-00.3405	-00.0500	0000.086
-00.3444	-00.0531	0000.087
-00.3481	-00.0552	0000.088
-00.3521	-00.0576	0000.089
-00.3566	-00.0604	0000.090
-00.3609	-00.0625	0000.091
-00.3643	-00.0659	0000.092
-00.3682	-00.0686	0000.093
-00.3725	-00.0723	0000.094
-00.3768	-00.0753	0000.095
-00.3807	-00.0790	0000.096
-00.3844	-00.0830	0000.097
-00.3887	-00.0863	0000.098
-00.3926	-00.0900	0000.099
-00.3963	-00.0946	0000.100
-00.4006	-00.0991	0000.101
-00.4039	-00.1040	0000.102
-00.4082	-00.1095	0000.103
-00.4122	-00.1147	0000.104
-00.4168	-00.1205	0000.105
-00.4207	-00.1260	0000.106
-00.4250	-00.1309	0000.107
-00.4284	-00.1367	0000.108
-00.4326	-00.1413	0000.109
-00.4366	-00.1471	0000.110
-00.4403	-00.1529	0000.111
-00.4451	-00.1587	0000.112
-00.4482	-00.1645	0000.113
-00.4525	-00.1712	0000.114
-00.4570	-00.1767	0000.115
-00.4607	-00.1831	0000.116
-00.4644	-00.1910	0000.117
-00.4686	-00.1999	0000.118
-00.4726	-00.2087	0000.119
-00.4769	-00.2185	0000.120
-00.4808	-00.2267	0000.121
-00.4842	-00.2374	0000.122
-00.4891	-00.2481	0000.123
-00.4931	-00.2594	0000.124
-00.4967	-00.2716	0000.125
-00.5007	-00.2832	0000.126
-00.5050	-00.2963	0000.127
-00.5089	-00.3079	0000.128
-00.5129	-00.3207	0000.129
-00.5169	-00.3335	0000.130
-00.5205	-00.3469	0000.131
-00.5251	-00.3616	0000.132
-00.5291	-00.3772	0000.133
-00.5330	-00.3927	0000.134
-00.5367	-00.4065	0000.135
-00.5410	-00.4187	0000.136
-00.5446	-00.4290	0000.137
-00.5489	-00.4397	0000.138
-00.5529	-00.4492	0000.139
-00.5565	-00.4580	0000.140
-00.5608	-00.4657	0000.141
-00.5645	-00.4724	0000.142
-00.5690	-00.4779	0000.143
-00.5727	-00.4837	0000.144
-00.5770	-00.4892	0000.145
-00.5809	-00.4971	0000.146
-00.5849	-00.5020	0000.147
-00.5889	-00.5066	0000.148
-00.5925	-00.5114	0000.149
-00.5968	-00.5151	0000.150
-00.6008	-00.5191	0000.151
-00.6050	-00.5227	0000.152
-00.6090	-00.5288	0000.153
-00.6133	-00.5352	0000.154
-00.6163	-00.5398	0000.155
-00.6209	-00.5447	0000.156
-00.6249	-00.5502	0000.157
-00.6289	-00.5557	0000.158
-00.6331	-00.5609	0000.159
-00.6368	-00.5673	0000.160
-00.6411	-00.5725	0000.161
-00.6447	-00.5783	0000.162
-00.6493	-00.5825	0000.163
-00.6533	-00.5868	0000.164
-00.6566	-00.5905	0000.165
-00.6609	-00.5944	0000.166
-00.6649	-00.5984	0000.167
-00.6685	-00.6021	0000.168
-00.6731	-00.6051	0000.169
-00.6777	-00.6082	0000.170
-00.6810	-00.6106	0000.171
-00.6847	-00.6134	0000.172
-00.6887	-00.6155	0000.173
-00.6932	-00.6170	0000.174
-00.6972	-00.6195	0000.175
-00.7012	-00.6213	0000.176
-00.7048	-00.6225	0000.177
-00.7088	-00.6247	0000.178
-00.7125	-00.6265	0000.179
-00.7174	-00.6271	0000.180
-00.7213	-00.6289	0000.181
-00.7250	-00.6305	0000.182
-00.7290	-00.6317	0000.183
-00.7329	-00.6335	0000.184
-00.7372	-00.6350	0000.185
-00.7409	-00.6356	0000.186
-00.7448	-00.6372	0000.187
-00.7491	-00.6387	0000.188
-00.7531	-00.6393	0000.189
-00.7573	-00.6405	0000.190
-00.7613	-00.6411	0000.191
-00.7650	-00.6421	0000.192
-00.7692	-00.6433	0000.193
-00.7735	-00.6442	0000.194
-00.7772	-00.6451	0000.195
-00.7811	-00.6463	0000.196
-00.7848	-00.6472	0000.197
-00.7894	-00.6482	0000.198
-00.7930	-00.6494	0000.199
-00.7970	-00.6500	0000.200
-00.8010	-00.6506	0000.201
-00.8056	-00.6515	0000.202
-00.8092	-00.6527	0000.203
-00.8126	-00.6536	0000.204
-00.8168	-00.6540	0000.205
-00.8214	-00.6549	0000.206
-00.8251	-00.6561	0000.207
-00.8297	-00.6567	0000.208
-00.8333	-00.6576	0000.209
-00.8373	-00.6588	0000.210
-00.8410	-00.6601	0000.211
-00.8452	-00.6610	0000.212
-00.8489	-00.6619	0000.213
-00.8529	-00.6634	0000.214
-00.8571	-00.6643	0000.215
-00.8611	-00.6649	0000.216
-00.8654	-00.6659	0000.217
-00.8693	-00.6680	0000.218
-00.8736	-00.6686	0000.219
-00.8773	-00.6698	0000.220
-00.8815	-00.6717	0000.221
-00.8852	-00.6735	0000.222
-00.8895	-00.6747	0000.223
-00.8931	-00.6781	0000.224
-00.8968	-00.6823	0000.225
-00.9014	-00.6845	0000.226
-00.9053	-00.6872	0000.227
-00.9099	-00.6930	0000.228
-00.9136	-00.6936	0000.229
-00.9169	-00.6945	0000.230
-00.9215	-00.6955	0000.231
-00.9252	-00.6967	0000.232
-00.9291	-00.6970	0000.233
-00.9334	-00.6979	0000.234
-00.9371	-00.6991	0000.235
-00.9414	-00.7006	0000.236
-00.9456	-00.7019	0000.237
-00.9493	-00.7028	0000.238
-00.9536	-00.7031	0000.239
-00.9572	-00.7043	0000.240
-00.9612	-00.7049	0000.241
-00.9655	-00.7055	0000.242
-00.9691	-00.7064	0000.243
-00.9728	-00.7071	0000.244
-00.9771	-00.7077	0000.245
-00.9816	-00.7089	0000.246
-00.9859	-00.7089	0000.247
-00.9896	-00.7098	0000.248
-00.9932	-00.7107	0000.249
-00.9975	-00.7113	0000.250
-01.0015	-00.7119	0000.251
-01.0054	-00.7125	0000.252
-01.0094	-00.7132	0000.253
-01.0131	-00.7135	0000.254
-01.0176	-00.7147	0000.255
-01.0219	-00.7150	0000.256
-01.0253	-00.7156	0000.257
-01.0295	-00.7162	0000.258
-01.0332	-00.7168	0000.259
-01.0378	-00.7174	0000.260
-01.0411	-00.7183	0000.261
-01.0454	-00.7187	0000.262
-01.0494	-00.7190	0000.263
-01.0537	-00.7193	0000.264
-01.0573	-00.7199	0000.265
-01.0619	-00.7202	0000.266
-01.0656	-00.7208	0000.267
-01.0692	-00.7205	0000.268
-01.0735	-00.7211	0000.269
-01.0772	-00.7214	0000.270
-01.0817	-00.7220	0000.271
-01.0854	-00.7220	0000.272
-01.0897	-00.7229	0000.273
-01.0936	-00.7226	0000.274
-01.0976	-00.7235	0000.275
-01.1013	-00.7235	0000.276
-01.1058	-00.7241	0000.277
-01.1098	-00.7241	0000.278
-01.1132	-00.7245	0000.279
-01.1171	-00.7245	0000.280
-01.1214	-00.7254	0000.281
-01.1260	-00.7251	0000.282
-01.1293	-00.7257	0000.283
-01.1339	-00.7260	0000.284
-01.1379	-00.7260	0000.285
-01.1419	-00.7263	0000.286
-01.1455	-00.7266	0000.287
-01.1495	-00.7269	0000.288
-01.1538	-00.7272	0000.289
-01.1574	-00.7272	0000.290
-01.1608	-00.7272	0000.291
-01.1657	-00.7284	0000.292
-01.1696	-00.7281	0000.293
-01.1736	-00.7281	0000.294
-01.1773	-00.7287	0000.295
-01.1818	-00.7287	0000.296
-01.1855	-00.7293	0000.297
-01.1898	-00.7290	0000.298
-01.1937	-00.7293	0000.299
-01.1974	-00.7293	0000.300
-01.2026	-00.7296	0000.301
-01.2062	-00.7299	0000.302
-01.2102	-00.7296	0000.303
-01.2133	-00.7299	0000.304
-01.2175	-00.7302	0000.305
-01.2215	-00.7306	0000.306
-01.2261	-00.7306	0000.307
-01.2294	-00.7312	0000.308
-01.2337	-00.7309	0000.309
-01.2374	-00.7309	0000.310
-01.2423	-00.7312	0000.311
-01.2459	-00.7318	0000.312
-01.2502	-00.7315	0000.313
-01.2539	-00.7321	0000.314
-01.2575	-00.7318	0000.315
-01.2618	-00.7324	0000.316
-01.2658	-00.7324	0000.317
-01.2697	-00.7327	0000.318
-01.2740	-00.7327	0000.319
-01.2780	-00.7330	0000.320
-01.2816	-00.7327	0000.321
-01.2859	-00.7330	0000.322
-01.2896	-00.7330	0000.323
-01.2935	-00.7336	0000.324
-01.2981	-00.7336	0000.325
-01.3015	-00.7339	0000.326
-01.3060	-00.7339	0000.327
-01.3097	-00.7336	0000.328
-01.3137	-00.7345	0000.329
-01.3176	-00.7345	0000.330
-01.3219	-00.7342	0000.331
-01.3259	-00.7345	0000.332
-01.3298	-00.7345	0000.333
-01.3338	-00.7348	0000.334
-01.3375	-00.7354	0000.335
-01.3420	-00.7348	0000.336
-01.3454	-00.7351	0000.337
-01.3500	-00.7357	0000.338
-01.3543	-00.7357	0000.339
-01.3582	-00.7354	0000.340
-01.3622	-00.7357	0000.341
-01.3665	-00.7360	0000.342
-01.3701	-00.7364	0000.343
-01.3738	-00.7360	0000.344
-01.3781	-00.7364	0000.345
-01.3817	-00.7364	0000.346
-01.3860	-00.7367	0000.347
-01.3906	-00.7373	0000.348
-01.3939	-00.7367	0000.349
-01.3982	-00.7370	0000.350
-01.4022	-00.7373	0000.351
-01.4061	-00.7370	0000.352
-01.4101	-00.7373	0000.353
-01.4138	-00.7376	0000.354
-01.4180	-00.7376	0000.355
-01.4220	-00.7382	0000.356
-01.4260	-00.7376	0000.357
-01.4306	-00.7379	0000.358
-01.4339	-00.7382	0000.359
-01.4379	-00.7382	0000.360
-01.4425	-00.7382	0000.361
-01.4461	-00.7382	0000.362
-01.4501	-00.7382	0000.363
-01.4544	-00.7385	0000.364
-01.4580	-00.7388	0000.365
-01.4614	-00.7388	0000.366
-01.4663	-00.7391	0000.367
-01.4705	-00.7391	0000.368
-01.4742	-00.7394	0000.369
-01.4779	-00.7388	0000.370
-01.4824	-00.7394	0000.371
-01.4864	-00.7394	0000.372
-01.4901	-00.7394	0000.373
-01.4937	-00.7394	0000.374
-01.4983	-00.7397	0000.375
-01.5023	-00.7397	0000.376
-01.5059	-00.7400	0000.377
-01.5102	-00.7400	0000.378
-01.5145	-00.7403	0000.379
-01.5184	-00.7400	0000.380
-01.5221	-00.7400	0000.381
-01.5258	-00.7400	0000.382
-01.5300	-00.7403	0000.383
-01.5340	-00.7403	0000.384
-01.5383	-00.7406	0000.385
-01.5419	-00.7406	0000.386
-01.5462	-00.7406	0000.387
-01.5502	-00.7409	0000.388
-01.5538	-00.7412	0000.389
-01.5584	-00.7406	0000.390
-01.5627	-00.7409	0000.391
-01.5660	-00.7409	0000.392
-01.5700	-00.7415	0000.393
-01.5746	-00.7409	0000.394
-01.5783	-00.7412	0000.395
-01.5819	-00.7412	0000.396
-01.5865	-00.7415	0000.397
-01.5905	-00.7415	0000.398
-01.5938	-00.7418	0000.399
-01.5981	-00.7415	0000.400
-01.6024	-00.7415	0000.401
-01.6063	-00.7415	0000.402
-01.6103	-00.7418	0000.403
-01.6140	-00.7418	0000.404
-01.6182	-00.7415	0000.405
-01.6222	-00.7418	0000.406
-01.6265	-00.7422	0000.407
-01.6304	-00.7422	0000.408
-01.6347	-00.7425	0000.409
-01.6378	-00.7425	0000.410
-01.6420	-00.7415	0000.411
-01.6463	-00.7422	0000.412
-01.6503	-00.7422	0000.413
-01.6549	-00.7422	0000.414
-01.6585	-00.7425	0000.415
-01.6625	-00.7425	0000.416
-01.6665	-00.7428	0000.417
-01.6701	-00.7428	0000.418
-01.6747	-00.7428	0000.419
-01.6780	-00.7431	0000.420
-01.6826	-00.7428	0000.421
-01.6863	-00.7425	0000.422
-01.6909	-00.7431	0000.423
-01.6948	-00.7428	0000.424
-01.6982	-00.7431	0000.425
-01.7031	-00.7431	0000.426
-01.7064	-00.7431	0000.427
-01.7104	-00.7428	0000.428
-01.7147	-00.7434	0000.429
-01.7186	-00.7431	0000.430
-01.7223	-00.7431	0000.431
-01.7263	-00.7437	0000.432
-01.7308	-00.7434	0000.433
-01.7345	-00.7434	0000.434
-01.7385	-00.7434	0000.435
-01.7424	-00.7431	0000.436
-01.7464	-00.7437	0000.437
-01.7504	-00.7437	0000.438
-01.7540	-00.7437	0000.439
-01.7583	-00.7440	0000.440
-01.7623	-00.7437	0000.441
-01.7665	-00.7437	0000.442
-01.7708	-00.7437	0000.443
-01.7745	-00.7437	0000.444
-01.7791	-00.7440	0000.445
-01.7821	-00.7443	0000.446
-01.7870	-00.7443	0000.447
-01.7904	-00.7443	0000.448
-01.7949	-00.7437	0000.449
-01.7986	-00.7446	0000.450
-01.8026	-00.7443	0000.451
-01.8065	-00.7443	0000.452
-01.8111	-00.7446	0000.453
-01.8151	-00.7446	0000.454
-01.8190	-00.7446	0000.455
-01.8227	-00.7446	0000.456
-01.8264	-00.7446	0000.457
-01.8306	-00.7449	0000.458
-01.8343	-00.7446	0000.459
-01.8383	-00.7449	0000.460
-01.8425	-00.7449	0000.461
-01.8465	-00.7443	0000.462
-01.8505	-00.7449	0000.463
-01.8544	-00.7446	0000.464
-01.8593	-00.7449	0000.465
-01.8624	-00.7449	0000.466
-01.8670	-00.7449	0000.467
-01.8709	-00.7452	0000.468
-01.8746	-00.7455	0000.469
-01.8792	-00.7449	0000.470
-01.8828	-00.7452	0000.471
-01.8862	-00.7455	0000.472
-01.8911	-00.7452	0000.473
-01.8947	-00.7455	0000.474
-01.8987	-00.7455	0000.475
-01.9030	-00.7458	0000.476
-01.9069	-00.7455	0000.477
-01.9103	-00.7455	0000.478
-01.9146	-00.7455	0000.479
-01.9191	-00.7458	0000.480
-01.9228	-00.7458	0000.481
-01.9271	-00.7458	0000.482
-01.9307	-00.7455	0000.483
-01.9344	-00.7455	0000.484
-01.9384	-00.7455	0000.485
-01.9426	-00.7458	0000.486
-01.9463	-00.7455	0000.487
-01.9512	-00.7458	0000.488
-01.9548	-00.7461	0000.489
-01.9588	-00.7461	0000.490
-01.9631	-00.7464	0000.491
-01.9670	-00.7458	0000.492
-01.9707	-00.7461	0000.493
-01.9750	-00.7464	0000.494
-01.9786	-00.7461	0000.495
-01.9826	-00.7461	0000.496
-01.9872	-00.7461	0000.497
-01.9909	-00.7458	0000.498
-01.9948	-00.7470	0000.499
-01.9991	-00.7464	0000.500
-02.0034	-00.7464	0000.501
-02.0070	-00.7467	0000.502
-02.0110	-00.7464	0000.503
-02.0147	-00.7464	0000.504
-02.0192	-00.7467	0000.505
-02.0229	-00.7470	0000.506
-02.0266	-00.7467	0000.507
-02.0314	-00.7467	0000.508
-02.0351	-00.7467	0000.509
-02.0388	-00.7467	0000.510
-02.0430	-00.7467	0000.511
-02.0470	-00.7467	0000.512
-02.0510	-00.7467	0000.513
-02.0549	-00.7470	0000.514
-02.0589	-00.7467	0000.515
-02.0629	-00.7464	0000.516
-02.0668	-00.7473	0000.517
-02.0714	-00.7470	0000.518
-02.0754	-00.7473	0000.519
-02.0790	-00.7473	0000.520
-02.0836	-00.7470	0000.521
-02.0873	-00.7473	0000.522
-02.0913	-00.7470	0000.523
-02.0946	-00.7473	0000.524
-02.0986	-00.7476	0000.525
-02.1029	-00.7470	0000.526
-02.1071	-00.7476	0000.527
-02.1114	-00.7486	0000.528
-02.1154	-00.7473	0000.529
-02.1187	-00.7473	0000.530
-02.1230	-00.7476	0000.531
-02.1270	-00.7476	0000.532
-02.1309	-00.7479	0000.533
-02.1349	-00.7476	0000.534
-02.1389	-00.7479	0000.535
-02.1431	-00.7479	0000.536
-02.1477	-00.7473	0000.537
-02.1514	-00.7476	0000.538
-02.1556	-00.7476	0000.539
-02.1596	-00.7479	0000.540
-02.1633	-00.7479	0000.541
-02.1669	-00.7476	0000.542
-02.1709	-00.7479	0000.543
-02.1752	-00.7479	0000.544
-02.1791	-00.7479	0000.545
-02.1831	-00.7483	0000.546
-02.1874	-00.7483	0000.547
-02.1914	-00.7483	0000.548
-02.1956	-00.7483	0000.549
-02.1996	-00.7483	0000.550
-02.2030	-00.7483	0000.551
-02.2069	-00.7483	0000.552
-02.2115	-00.7483	0000.553
-02.2152	-00.7489	0000.554
-02.2191	-00.7489	0000.555
-02.2234	-00.7483	0000.556
-02.2271	-00.7486	0000.557
-02.2316	-00.7486	0000.558
-02.2359	-00.7489	0000.559
-02.2393	-00.7486	0000.560
-02.2432	-00.7486	0000.561
-02.2478	-00.7486	0000.562
-02.2506	-00.7489	0000.563
-02.2554	-00.7492	0000.564
-02.2597	-00.7486	0000.565
-02.2637	-00.7489	0000.566
-02.2673	-00.7486	0000.567
-02.2710	-00.7489	0000.568
-02.2756	-00.7492	0000.569
-02.2795	-00.7486	0000.570
-02.2835	-00.7492	0000.571
-02.2872	-00.7489	0000.572
-02.2911	-00.7489	0000.573
-02.2954	-00.7483	0000.574
-02.2994	-00.7492	0000.575
-02.3037	-00.7492	0000.576
-02.3070	-00.7492	0000.577
-02.3122	-00.7492	0000.578
-02.3149	-00.7492	0000.579
-02.3195	-00.7489	0000.580
-02.3235	-00.7492	0000.581
-02.3272	-00.7495	0000.582
-02.3311	-00.7495	0000.583
-02.3357	-00.7495	0000.584
-02.3400	-00.7495	0000.585
-02.3433	-00.7492	0000.586
-02.3476	-00.7495	0000.587
-02.3519	-00.7495	0000.588
-02.3552	-00.7495	0000.589
-02.3595	-00.7495	0000.590
-02.3632	-00.7492	0000.591
-02.3674	-00.7498	0000.592
-02.3714	-00.7495	0000.593
-02.3757	-00.7498	0000.594
-02.3790	-00.7495	0000.595
-02.3836	-00.7498	0000.596
-02.3876	-00.7501	0000.597
-02.3912	-00.7495	0000.598
-02.3952	-00.7498	0000.599
-02.3995	-00.7489	0000.600
-02.4038	-00.7501	0000.601
-02.4080	-00.7498	0000.602
-02.4117	-00.7498	0000.603
-02.4157	-00.7498	0000.604
-02.4196	-00.7501	0000.605
-02.4233	-00.7504	0000.606
-02.4282	-00.7501	0000.607
-02.4315	-00.7501	0000.608
-02.4352	-00.7504	0000.609
-02.4389	-00.7498	0000.610
-02.4434	-00.7501	0000.611
-02.4477	-00.7504	0000.612
-02.4517	-00.7501	0000.613
-02.4556	-00.7504	0000.614
-02.4596	-00.7504	0000.615
-02.4636	-00.7498	0000.616
-02.4678	-00.7501	0000.617
-02.4712	-00.7501	0000.618
-02.4758	-00.7507	0000.619
-02.4800	-00.7504	0000.620
-02.4837	-00.7504	0000.621
-02.4883	-00.7507	0000.622
-02.4920	-00.7501	0000.623
-02.4953	-00.7504	0000.624
-02.5002	-00.7510	0000.625
-02.5039	-00.7510	0000.626
-02.5081	-00.7507	0000.627
-02.5112	-00.7510	0000.628
-02.5158	-00.7507	0000.629
-02.5194	-00.7507	0000.630
-02.5240	-00.7513	0000.631
-02.5274	-00.7510	0000.632
-02.5319	-00.7510	0000.633
-02.5359	-00.7510	0000.634
-02.5396	-00.7507	0000.635
-02.5432	-00.7510	0000.636
-02.5472	-00.7507	0000.637
-02.5515	-00.7513	0000.638
-02.5557	-00.7507	0000.639
-02.5597	-00.7513	0000.640
-02.5637	-00.7510	0000.641
-02.5670	-00.7507	0000.642
-02.5719	-00.7507	0000.643
-02.5759	-00.7516	0000.644
-02.5795	-00.7510	0000.645
-02.5841	-00.7510	0000.646
-02.5878	-00.7513	0000.647
-02.5920	-00.7510	0000.648
-02.5957	-00.7510	0000.649
-02.6003	-00.7516	0000.650
-02.6040	-00.7513	0000.651
-02.6076	-00.7513	0000.652
-02.6116	-00.7510	0000.653
-02.6155	-00.7510	0000.654
-02.6195	-00.7513	0000.655
-02.6238	-00.7516	0000.656
-02.6271	-00.7516	0000.657
-02.6323	-00.7516	0000.658
-02.6360	-00.7516	0000.659
-02.6394	-00.7516	0000.660
-02.6439	-00.7513	0000.661
-02.6479	-00.7516	0000.662
-02.6519	-00.7513	0000.663
-02.6564	-00.7522	0000.664
-02.6598	-00.7516	0000.665
-02.6635	-00.7516	0000.666
-02.6680	-00.7516	0000.667
-02.6717	-00.7519	0000.668
-02.6757	-00.7519	0000.669
-02.6802	-00.7516	0000.670
-02.6836	-00.7516	0000.671
-02.6876	-00.7522	0000.672
-02.6921	-00.7519	0000.673
-02.6955	-00.7522	0000.674
-02.6998	-00.7519	0000.675
-02.7037	-00.7522	0000.676
-02.7080	-00.7519	0000.677
-02.7117	-00.7525	0000.678
-02.7160	-00.7522	0000.679
-02.7199	-00.7519	0000.680
-02.7236	-00.7522	0000.681
-02.7275	-00.7522	0000.682
-02.7315	-00.7522	0000.683
-02.7358	-00.7525	0000.684
-02.7394	-00.7525	0000.685
-02.7440	-00.7522	0000.686
-02.7483	-00.7525	0000.687
-02.7517	-00.7525	0000.688
-02.7556	-00.7519	0000.689
-02.7599	-00.7519	0000.690
-02.7639	-00.7525	0000.691
-02.7681	-00.7528	0000.692
-02.7721	-00.7522	0000.693
-02.7758	-00.7522	0000.694
-02.7797	-00.7522	0000.695
-02.7846	-00.7528	0000.696
-02.7889	-00.7525	0000.697
-02.7916	-00.7525	0000.698
-02.7962	-00.7528	0000.699
-02.8002	-00.7528	0000.700
-02.8041	-00.7525	0000.701
-02.8075	-00.7528	0000.702
-02.8118	-00.7528	0000.703
-02.8157	-00.7525	0000.704
-02.8203	-00.7525	0000.705
-02.8240	-00.7531	0000.706
-02.8283	-00.7528	0000.707
-02.8319	-00.7525	0000.708
-02.8353	-00.7528	0000.709
-02.8405	-00.7534	0000.710
-02.8438	-00.7531	0000.711
-02.8478	-00.7525	0000.712
-02.8521	-00.7531	0000.713
-02.8560	-00.7531	0000.714
-02.8606	-00.7531	0000.715
-02.8637	-00.7531	0000.716
-02.8676	-00.7531	0000.717
-02.8722	-00.7528	0000.718
-02.8759	-00.7531	0000.719
-02.8795	-00.7531	0000.720
-02.8838	-00.7531	0000.721
-02.8878	-00.7537	0000.722
-02.8926	-00.7534	0000.723
-02.8957	-00.7528	0000.724
-02.9003	-00.7534	0000.725
-02.9042	-00.7531	0000.726
-02.9079	-00.7537	0000.727
-02.9116	-00.7534	0000.728
-02.9161	-00.7534	0000.729
-02.9204	-00.7537	0000.730
-02.9244	-00.7537	0000.731
-02.9280	-00.7534	0000.732
-02.9320	-00.7534	0000.733
-02.9366	-00.7534	0000.734
-02.9399	-00.7537	0000.735
-02.9445	-00.7537	0000.736
-02.9482	-00.7537	0000.737
-02.9528	-00.7534	0000.738
-02.9558	-00.7537	0000.739
-02.9598	-00.7534	0000.740
-02.9644	-00.7537	0000.741
-02.9680	-00.7537	0000.742
-02.9720	-00.7537	0000.743
-02.9766	-00.7537	0000.744
-02.9796	-00.7537	0000.745
-02.9836	-00.7544	0000.746
-02.9885	-00.7537	0000.747
-02.9924	-00.7541	0000.748
-02.9958	-00.7534	0000.749
-03.0001	-00.7537	0000.750
-03.0040	-00.7541	0000.751
-03.0004	-00.7537	0000.752
-02.9967	-00.7544	0000.753
-02.9921	-00.7544	0000.754
-02.9885	-00.7541	0000.755
-02.9845	-00.7541	0000.756
-02.9805	-00.7541	0000.757
-02.9772	-00.7541	0000.758
-02.9726	-00.7537	0000.759
-02.9677	-00.7544	0000.760
-02.9647	-00.7541	0000.761
-02.9607	-00.7541	0000.762
-02.9564	-00.7534	0000.763
-02.9528	-00.7537	0000.764
-02.9488	-00.7537	0000.765
-02.9445	-00.7544	0000.766
-02.9403	-00.7541	0000.767
-02.9363	-00.7537	0000.768
-02.9320	-00.7537	0000.769
-02.9280	-00.7541	0000.770
-02.9241	-00.7537	0000.771
-02.9201	-00.7541	0000.772
-02.9158	-00.7537	0000.773
-02.9122	-00.7537	0000.774
-02.9088	-00.7537	0000.775
-02.9049	-00.7541	0000.776
-02.9012	-00.7534	0000.777
-02.8963	-00.7537	0000.778
-02.8926	-00.7541	0000.779
-02.8884	-00.7537	0000.780
-02.8838	-00.7522	0000.781
-02.8811	-00.7534	0000.782
-02.8762	-00.7534	0000.783
-02.8725	-00.7534	0000.784
-02.8688	-00.7537	0000.785
-02.8649	-00.7534	0000.786
-02.8606	-00.7534	0000.787
-02.8560	-00.7537	0000.788
-02.8524	-00.7537	0000.789
-02.8478	-00.7537	0000.790
-02.8441	-00.7537	0000.791
-02.8402	-00.7537	0000.792
-02.8362	-00.7534	0000.793
-02.8316	-00.7541	0000.794
-02.8286	-00.7537	0000.795
-02.8252	-00.7541	0000.796
-02.8203	-00.7531	0000.797
-02.8157	-00.7534	0000.798
-02.8130	-00.7537	0000.799
-02.8078	-00.7541	0000.800
-02.8048	-00.7531	0000.801
-02.8005	-00.7537	0000.802
-02.7965	-00.7537	0000.803
-02.7919	-00.7537	0000.804
-02.7880	-00.7534	0000.805
-02.7840	-00.7537	0000.806
-02.7806	-00.7534	0000.807
-02.7767	-00.7534	0000.808
-02.7718	-00.7537	0000.809
-02.7684	-00.7534	0000.810
-02.7639	-00.7534	0000.811
-02.7602	-00.7534	0000.812
-02.7556	-00.7531	0000.813
-02.7517	-00.7534	0000.814
-02.7483	-00.7531	0000.815
-02.7440	-00.7534	0000.816
-02.7398	-00.7534	0000.817
-02.7361	-00.7537	0000.818
-02.7321	-00.7534	0000.819
-02.7279	-00.7534	0000.820
-02.7242	-00.7534	0000.821
-02.7208	-00.7531	0000.822
-02.7160	-00.7534	0000.823
-02.7120	-00.7531	0000.824
-02.7092	-00.7531	0000.825
-02.7037	-00.7534	0000.826
-02.7004	-00.7534	0000.827
-02.6961	-00.7531	0000.828
-02.6921	-00.7531	0000.829
-02.6876	-00.7534	0000.830
-02.6845	-00.7537	0000.831
-02.6802	-00.7534	0000.832
-02.6760	-00.7534	0000.833
-02.6720	-00.7534	0000.834
-02.6683	-00.7531	0000.835
-02.6635	-00.7531	0000.836
-02.6604	-00.7531	0000.837
-02.6558	-00.7531	0000.838
-02.6525	-00.7531	0000.839
-02.6479	-00.7534	0000.840
-02.6442	-00.7531	0000.841
-02.6406	-00.7534	0000.842
-02.6360	-00.7531	0000.843
-02.6320	-00.7534	0000.844
-02.6278	-00.7531	0000.845
-02.6232	-00.7528	0000.846
-02.6198	-00.7531	0000.847
-02.6162	-00.7531	0000.848
-02.6125	-00.7531	0000.849
-02.6079	-00.7531	0000.850
-02.6036	-00.7534	0000.851
-02.5997	-00.7528	0000.852
-02.5960	-00.7528	0000.853
-02.5924	-00.7531	0000.854
-02.5881	-00.7528	0000.855
-02.5838	-00.7531	0000.856
-02.5798	-00.7531	0000.857
-02.5759	-00.7528	0000.858
-02.5716	-00.7534	0000.859
-02.5679	-00.7528	0000.860
-02.5643	-00.7531	0000.861
-02.5600	-00.7531	0000.862
-02.5563	-00.7528	0000.863
-02.5518	-00.7531	0000.864
-02.5478	-00.7528	0000.865
-02.5441	-00.7525	0000.866
-02.5399	-00.7534	0000.867
-02.5356	-00.7525	0000.868
-02.5316	-00.7531	0000.869
-02.5277	-00.7528	0000.870
-02.5240	-00.7528	0000.871
-02.5200	-00.7528	0000.872
-02.5158	-00.7528	0000.873
-02.5118	-00.7528	0000.874
-02.5075	-00.7528	0000.875
-02.5039	-00.7522	0000.876
-02.4999	-00.7525	0000.877
-02.4959	-00.7534	0000.878
-02.4923	-00.7525	0000.879
-02.4883	-00.7522	0000.880
-02.4837	-00.7525	0000.881
-02.4800	-00.7528	0000.882
-02.4758	-00.7528	0000.883
-02.4715	-00.7525	0000.884
-02.4678	-00.7528	0000.885
-02.4636	-00.7525	0000.886
-02.4599	-00.7525	0000.887
-02.4559	-00.7522	0000.888
-02.4517	-00.7522	0000.889
-02.4474	-00.7522	0000.890
-02.4443	-00.7522	0000.891
-02.4398	-00.7525	0000.892
-02.4361	-00.7525	0000.893
-02.4318	-00.7528	0000.894
-02.4282	-00.7522	0000.895
-02.4242	-00.7519	0000.896
-02.4196	-00.7525	0000.897
-02.4160	-00.7522	0000.898
-02.4120	-00.7522	0000.899
-02.4077	-00.7525	0000.900
-02.4038	-00.7525	0000.901
-02.3995	-00.7522	0000.902
-02.3958	-00.7522	0000.903
-02.3922	-00.7522	0000.904
-02.3876	-00.7519	0000.905
-02.3836	-00.7522	0000.906
-02.3793	-00.7525	0000.907
-02.3763	-00.7519	0000.908
-02.3717	-00.7522	0000.909
-02.3681	-00.7528	0000.910
-02.3641	-00.7519	0000.911
-02.3592	-00.7525	0000.912
-02.3555	-00.7519	0000.913
-02.3522	-00.7522	0000.914
-02.3470	-00.7519	0000.915
-02.3439	-00.7522	0000.916
-02.3400	-00.7522	0000.917
-02.3360	-00.7522	0000.918
-02.3320	-00.7519	0000.919
-02.3275	-00.7525	0000.920
-02.3235	-00.7519	0000.921
-02.3198	-00.7519	0000.922
-02.3159	-00.7522	0000.923
-02.3116	-00.7519	0000.924
-02.3079	-00.7522	0000.925
-02.3034	-00.7516	0000.926
-02.2997	-00.7519	0000.927
-02.2960	-00.7519	0000.928
-02.2927	-00.7519	0000.929
-02.2875	-00.7519	0000.930
-02.2835	-00.7519	0000.931
-02.2802	-00.7522	0000.932
-02.2753	-00.7516	0000.933
-02.2719	-00.7519	0000.934
-02.2683	-00.7522	0000.935
-02.2634	-00.7516	0000.936
-02.2597	-00.7516	0000.937
-02.2554	-00.7516	0000.938
-02.2518	-00.7516	0000.939
-02.2472	-00.7519	0000.940
-02.2435	-00.7519	0000.941
-02.2393	-00.7516	0000.942
-02.2353	-00.7519	0000.943
-02.2326	-00.7513	0000.944
-02.2277	-00.7516	0000.945
-02.2234	-00.7516	0000.946
-02.2194	-00.7513	0000.947
-02.2158	-00.7516	0000.948
-02.2115	-00.7519	0000.949
-02.2075	-00.7516	0000.950
-02.2039	-00.7516	0000.951
-02.1996	-00.7513	0000.952
-02.1956	-00.7516	0000.953
-02.1914	-00.7516	0000.954
-02.1877	-00.7516	0000.955
-02.1834	-00.7516	0000.956
-02.1795	-00.7510	0000.957
-02.1755	-00.7516	0000.958
-02.1715	-00.7516	0000.959
-02.1669	-00.7513	0000.960
-02.1636	-00.7519	0000.961
-02.1593	-00.7510	0000.962
-02.1550	-00.7513	0000.963
-02.1517	-00.7516	0000.964
-02.1477	-00.7513	0000.965
-02.1434	-00.7513	0000.966
-02.1392	-00.7513	0000.967
-02.1355	-00.7513	0000.968
-02.1309	-00.7516	0000.969
-02.1273	-00.7513	0000.970
-02.1233	-00.7510	0000.971
-02.1199	-00.7516	0000.972
-02.1154	-00.7510	0000.973
-02.1111	-00.7513	0000.974
-02.1074	-00.7513	0000.975
-02.1035	-00.7513	0000.976
-02.0992	-00.7513	0000.977
-02.0949	-00.7516	0000.978
-02.0916	-00.7510	0000.979
-02.0870	-00.7510	0000.980
-02.0830	-00.7510	0000.981
-02.0794	-00.7510	0000.982
-02.0754	-00.7513	0000.983
-02.0714	-00.7513	0000.984
-02.0668	-00.7510	0000.985
-02.0638	-00.7510	0000.986
-02.0592	-00.7510	0000.987
-02.0556	-00.7510	0000.988
-02.0513	-00.7513	0000.989
-02.0473	-00.7510	0000.990
-02.0436	-00.7510	0000.991
-02.0394	-00.7507	0000.992
-02.0348	-00.7507	0000.993
-02.0311	-00.7510	0000.994
-02.0275	-00.7513	0000.995
-02.0232	-00.7510	0000.996
-02.0198	-00.7513	0000.997
-02.0150	-00.7510	0000.998
-02.0113	-00.7510	0000.999
-02.0070	-00.7510	0001.000
-02.0037	-00.7507	0001.001
-01.9991	-00.7510	0001.002
-01.9954	-00.7510	0001.003
-01.9912	-00.7510	0001.004
-01.9872	-00.7507	0001.005
-01.9832	-00.7507	0001.006
-01.9793	-00.7507	0001.007
-01.9750	-00.7513	0001.008
-01.9710	-00.7510	0001.009
-01.9674	-00.7501	0001.010
-01.9631	-00.7510	0001.011
-01.9591	-00.7510	0001.012
-01.9555	-00.7507	0001.013
-01.9512	-00.7504	0001.014
-01.9475	-00.7507	0001.015
-01.9436	-00.7510	0001.016
-01.9393	-00.7507	0001.017
-01.9353	-00.7507	0001.018
-01.9310	-00.7507	0001.019
-01.9274	-00.7510	0001.020
-01.9234	-00.7504	0001.021
-01.9197	-00.7507	0001.022
-01.9143	-00.7507	0001.023
-01.9112	-00.7507	0001.024
-01.9069	-00.7507	0001.025
-01.9033	-00.7507	0001.026
-01.8990	-00.7510	0001.027
-01.8953	-00.7504	0001.028
-01.8914	-00.7504	0001.029
-01.8871	-00.7501	0001.030
-01.8837	-00.7507	0001.031
-01.8795	-00.7504	0001.032
-01.8752	-00.7504	0001.033
-01.8712	-00.7501	0001.034
-01.8666	-00.7510	0001.035
-01.8630	-00.7504	0001.036
-01.8593	-00.7504	0001.037
-01.8547	-00.7501	0001.038
-01.8514	-00.7504	0001.039
-01.8471	-00.7501	0001.040
-01.8431	-00.7504	0001.041
-01.8386	-00.7504	0001.042
-01.8349	-00.7501	0001.043
-01.8312	-00.7501	0001.044
-01.8273	-00.7501	0001.045
-01.8233	-00.7501	0001.046
-01.8196	-00.7504	0001.047
-01.8148	-00.7501	0001.048
-01.8108	-00.7501	0001.049
-01.8068	-00.7504	0001.050
-01.8026	-00.7501	0001.051
-01.7986	-00.7501	0001.052
-01.7946	-00.7501	0001.053
-01.7907	-00.7498	0001.054
-01.7867	-00.7504	0001.055
-01.7827	-00.7501	0001.056
-01.7794	-00.7501	0001.057
-01.7748	-00.7501	0001.058
-01.7711	-00.7501	0001.059
-01.7669	-00.7501	0001.060
-01.7626	-00.7498	0001.061
-01.7586	-00.7501	0001.062
-01.7550	-00.7501	0001.063
-01.7507	-00.7498	0001.064
-01.7470	-00.7501	0001.065
-01.7427	-00.7498	0001.066
-01.7397	-00.7498	0001.067
-01.7348	-00.7495	0001.068
-01.7305	-00.7498	0001.069
-01.7260	-00.7498	0001.070
-01.7229	-00.7498	0001.071
-01.7186	-00.7495	0001.072
-01.7150	-00.7498	0001.073
-01.7110	-00.7498	0001.074
-01.7064	-00.7492	0001.075
-01.7028	-00.7498	0001.076
-01.6985	-00.7495	0001.077
-01.6945	-00.7498	0001.078
-01.6912	-00.7498	0001.079
-01.6863	-00.7495	0001.080
-01.6826	-00.7495	0001.081
-01.6787	-00.7495	0001.082
-01.6750	-00.7498	0001.083
-01.6707	-00.7492	0001.084
-01.6671	-00.7498	0001.085
-01.6634	-00.7492	0001.086
-01.6585	-00.7492	0001.087
-01.6549	-00.7498	0001.088
-01.6506	-00.7495	0001.089
-01.6463	-00.7492	0001.090
-01.6430	-00.7495	0001.091
-01.6390	-00.7498	0001.092
-01.6347	-00.7492	0001.093
-01.6304	-00.7492	0001.094
-01.6262	-00.7492	0001.095
-01.6228	-00.7492	0001.096
-01.6188	-00.7492	0001.097
-01.6146	-00.7495	0001.098
-01.6103	-00.7495	0001.099
-01.6069	-00.7492	0001.100
-01.6027	-00.7492	0001.101
-01.5990	-00.7498	0001.102
-01.5944	-00.7492	0001.103
-01.5905	-00.7495	0001.104
-01.5865	-00.7489	0001.105
-01.5831	-00.7489	0001.106
-01.5786	-00.7492	0001.107
-01.5746	-00.7489	0001.108
-01.5703	-00.7495	0001.109
-01.5664	-00.7495	0001.110
-01.5630	-00.7492	0001.111
-01.5584	-00.7489	0001.112
-01.5548	-00.7495	0001.113
-01.5505	-00.7492	0001.114
-01.5471	-00.7489	0001.115
-01.5425	-00.7492	0001.116
-01.5389	-00.7489	0001.117
-01.5343	-00.7492	0001.118
-01.5303	-00.7492	0001.119
-01.5261	-00.7486	0001.120
-01.5224	-00.7492	0001.121
-01.5184	-00.7489	0001.122
-01.5145	-00.7489	0001.123
-01.5108	-00.7489	0001.124
-01.5071	-00.7492	0001.125
-01.5026	-00.7489	0001.126
-01.4986	-00.7489	0001.127
-01.4943	-00.7489	0001.128
-01.4901	-00.7486	0001.129
-01.4864	-00.7486	0001.130
-01.4827	-00.7486	0001.131
-01.4785	-00.7486	0001.132
-01.4748	-00.7483	0001.133
-01.4705	-00.7486	0001.134
-01.4666	-00.7489	0001.135
-01.4620	-00.7486	0001.136
-01.4580	-00.7479	0001.137
-01.4544	-00.7486	0001.138
-01.4501	-00.7486	0001.139
-01.4464	-00.7486	0001.140
-01.4418	-00.7486	0001.141
-01.4385	-00.7489	0001.142
-01.4342	-00.7486	0001.143
-01.4302	-00.7486	0001.144
-01.4263	-00.7486	0001.145
-01.4223	-00.7486	0001.146
-01.4183	-00.7486	0001.147
-01.4138	-00.7489	0001.148
-01.4101	-00.7486	0001.149
-01.4061	-00.7483	0001.150
-01.4025	-00.7479	0001.151
-01.3979	-00.7486	0001.152
-01.3942	-00.7483	0001.153
-01.3900	-00.7486	0001.154
-01.3860	-00.7483	0001.155
-01.3826	-00.7486	0001.156
-01.3781	-00.7479	0001.157
-01.3738	-00.7479	0001.158
-01.3704	-00.7479	0001.159
-01.3662	-00.7486	0001.160
-01.3628	-00.7479	0001.161
-01.3585	-00.7486	0001.162
-01.3543	-00.7483	0001.163
-01.3500	-00.7483	0001.164
-01.3457	-00.7486	0001.165
-01.3420	-00.7479	0001.166
-01.3387	-00.7479	0001.167
-01.3344	-00.7483	0001.168
-01.3301	-00.7479	0001.169
-01.3262	-00.7479	0001.170
-01.3222	-00.7479	0001.171
-01.3182	-00.7476	0001.172
-01.3143	-00.7483	0001.173
-01.3097	-00.7479	0001.174
-01.3057	-00.7483	0001.175
-01.3021	-00.7483	0001.176
-01.2981	-00.7476	0001.177
-01.2941	-00.7483	0001.178
-01.2902	-00.7476	0001.179
-01.2862	-00.7479	0001.180
-01.2825	-00.7479	0001.181
-01.2783	-00.7479	0001.182
-01.2740	-00.7473	0001.183
-01.2697	-00.7476	0001.184
-01.2661	-00.7476	0001.185
-01.2621	-00.7479	0001.186
-01.2578	-00.7476	0001.187
-01.2539	-00.7476	0001.188
-01.2499	-00.7476	0001.189
-01.2462	-00.7473	0001.190
-01.2423	-00.7473	0001.191
-01.2380	-00.7476	0001.192
-01.2343	-00.7479	0001.193
-01.2300	-00.7473	0001.194
-01.2258	-00.7479	0001.195
-01.2221	-00.7479	0001.196
-01.2178	-00.7479	0001.197
-01.2139	-00.7473	0001.198
-01.2102	-00.7473	0001.199
-01.2059	-00.7473	0001.200
-01.2020	-00.7473	0001.201
-01.1980	-00.7476	0001.202
-01.1937	-00.7470	0001.203
-01.1898	-00.7476	0001.204
-01.1855	-00.7473	0001.205
-01.1821	-00.7473	0001.206
-01.1779	-00.7473	0001.207
-01.1742	-00.7473	0001.208
-01.1696	-00.7470	0001.209
-01.1663	-00.7473	0001.210
-01.1620	-00.7473	0001.211
-01.1577	-00.7473	0001.212
-01.1541	-00.7473	0001.213
-01.1498	-00.7470	0001.214
-01.1455	-00.7473	0001.215
-01.1415	-00.7470	0001.216
-01.1379	-00.7473	0001.217
-01.1342	-00.7470	0001.218
-01.1300	-00.7473	0001.219
-01.1257	-00.7470	0001.220
-01.1217	-00.7467	0001.221
-01.1174	-00.7470	0001.222
-01.1138	-00.7473	0001.223
-01.1095	-00.7467	0001.224
-01.1061	-00.7467	0001.225
-01.1019	-00.7467	0001.226
-01.0976	-00.7470	0001.227
-01.0942	-00.7470	0001.228
-01.0900	-00.7467	0001.229
-01.0857	-00.7467	0001.230
-01.0811	-00.7473	0001.231
-01.0778	-00.7470	0001.232
-01.0735	-00.7467	0001.233
-01.0701	-00.7467	0001.234
-01.0656	-00.7467	0001.235
-01.0619	-00.7467	0001.236
-01.0579	-00.7467	0001.237
-01.0543	-00.7461	0001.238
-01.0494	-00.7470	0001.239
-01.0457	-00.7467	0001.240
-01.0418	-00.7467	0001.241
-01.0375	-00.7467	0001.242
-01.0335	-00.7464	0001.243
-01.0295	-00.7467	0001.244
-01.0256	-00.7467	0001.245
-01.0219	-00.7464	0001.246
-01.0180	-00.7467	0001.247
-01.0134	-00.7467	0001.248
-01.0097	-00.7464	0001.249
-01.0054	-00.7467	0001.250
-01.0018	-00.7464	0001.251
-00.9978	-00.7461	0001.252
-00.9938	-00.7464	0001.253
-00.9899	-00.7464	0001.254
-00.9853	-00.7461	0001.255
-00.9819	-00.7461	0001.256
-00.9777	-00.7464	0001.257
-00.9737	-00.7467	0001.258
-00.9694	-00.7461	0001.259
-00.9658	-00.7461	0001.260
-00.9618	-00.7464	0001.261
-00.9578	-00.7461	0001.262
-00.9536	-00.7461	0001.263
-00.9499	-00.7464	0001.264
-00.9456	-00.7464	0001.265
-00.9420	-00.7464	0001.266
-00.9371	-00.7467	0001.267
-00.9334	-00.7461	0001.268
-00.9295	-00.7458	0001.269
-00.9258	-00.7461	0001.270
-00.9215	-00.7458	0001.271
-00.9182	-00.7458	0001.272
-00.9136	-00.7461	0001.273
-00.9099	-00.7458	0001.274
-00.9053	-00.7458	0001.275
-00.9014	-00.7461	0001.276
-00.8974	-00.7455	0001.277
-00.8934	-00.7461	0001.278
-00.8892	-00.7458	0001.279
-00.8855	-00.7461	0001.280
-00.8815	-00.7458	0001.281
-00.8776	-00.7458	0001.282
-00.8733	-00.7458	0001.283
-00.8693	-00.7461	0001.284
-00.8660	-00.7455	0001.285
-00.8611	-00.7455	0001.286
-00.8574	-00.7455	0001.287
-00.8532	-00.7461	0001.288
-00.8495	-00.7455	0001.289
-00.8455	-00.7458	0001.290
-00.8416	-00.7455	0001.291
-00.8373	-00.7461	0001.292
-00.8336	-00.7455	0001.293
-00.8297	-00.7455	0001.294
-00.8254	-00.7455	0001.295
-00.8214	-00.7458	0001.296
-00.8175	-00.7458	0001.297
-00.8132	-00.7455	0001.298
-00.8095	-00.7452	0001.299
-00.8052	-00.7452	0001.300
-00.8016	-00.7455	0001.301
-00.7976	-00.7458	0001.302
-00.7936	-00.7455	0001.303
-00.7897	-00.7455	0001.304
-00.7854	-00.7455	0001.305
-00.7814	-00.7452	0001.306
-00.7772	-00.7455	0001.307
-00.7732	-00.7452	0001.308
-00.7695	-00.7452	0001.309
-00.7656	-00.7455	0001.310
-00.7619	-00.7455	0001.311
-00.7573	-00.7452	0001.312
-00.7534	-00.7455	0001.313
-00.7497	-00.7452	0001.314
-00.7454	-00.7458	0001.315
-00.7412	-00.7452	0001.316
-00.7372	-00.7449	0001.317
-00.7332	-00.7452	0001.318
-00.7293	-00.7449	0001.319
-00.7253	-00.7452	0001.320
-00.7216	-00.7452	0001.321
-00.7174	-00.7452	0001.322
-00.7131	-00.7455	0001.323
-00.7091	-00.7446	0001.324
-00.7048	-00.7449	0001.325
-00.7012	-00.7446	0001.326
-00.6966	-00.7449	0001.327
-00.6932	-00.7446	0001.328
-00.6893	-00.7449	0001.329
-00.6856	-00.7449	0001.330
-00.6813	-00.7449	0001.331
-00.6777	-00.7446	0001.332
-00.6728	-00.7446	0001.333
-00.6688	-00.7443	0001.334
-00.6652	-00.7443	0001.335
-00.6612	-00.7446	0001.336
-00.6572	-00.7443	0001.337
-00.6533	-00.7446	0001.338
-00.6493	-00.7443	0001.339
-00.6450	-00.7446	0001.340
-00.6417	-00.7449	0001.341
-00.6374	-00.7443	0001.342
-00.6331	-00.7443	0001.343
-00.6295	-00.7446	0001.344
-00.6255	-00.7443	0001.345
-00.6212	-00.7449	0001.346
-00.6170	-00.7446	0001.347
-00.6133	-00.7443	0001.348
-00.6087	-00.7443	0001.349
-00.6054	-00.7446	0001.350
-00.6011	-00.7440	0001.351
-00.5968	-00.7443	0001.352
-00.5928	-00.7446	0001.353
-00.5895	-00.7443	0001.354
-00.5849	-00.7443	0001.355
-00.5812	-00.7443	0001.356
-00.5770	-00.7446	0001.357
-00.5733	-00.7443	0001.358
-00.5696	-00.7443	0001.359
-00.5654	-00.7437	0001.360
-00.5611	-00.7440	0001.361
-00.5571	-00.7440	0001.362
-00.5526	-00.7440	0001.363
-00.5489	-00.7443	0001.364
-00.5449	-00.7440	0001.365
-00.5413	-00.7446	0001.366
-00.5370	-00.7443	0001.367
-00.5333	-00.7440	0001.368
-00.5294	-00.7443	0001.369
-00.5251	-00.7440	0001.370
-00.5211	-00.7440	0001.371
-00.5172	-00.7440	0001.372
-00.5129	-00.7437	0001.373
-00.5086	-00.7437	0001.374
-00.5050	-00.7434	0001.375
-00.5007	-00.7440	0001.376
-00.4970	-00.7440	0001.377
-00.4924	-00.7437	0001.378
-00.4897	-00.7437	0001.379
-00.4845	-00.7440	0001.380
-00.4811	-00.7440	0001.381
-00.4766	-00.7434	0001.382
-00.4729	-00.7440	0001.383
-00.4692	-00.7437	0001.384
-00.4650	-00.7434	0001.385
-00.4610	-00.7437	0001.386
-00.4570	-00.7437	0001.387
-00.4534	-00.7437	0001.388
-00.4488	-00.7437	0001.389
-00.4448	-00.7434	0001.390
-00.4406	-00.7437	0001.391
-00.4369	-00.7434	0001.392
-00.4332	-00.7434	0001.393
-00.4290	-00.7437	0001.394
-00.4247	-00.7434	0001.395
-00.4213	-00.7431	0001.396
-00.4171	-00.7434	0001.397
-00.4131	-00.7431	0001.398
-00.4085	-00.7437	0001.399
-00.4052	-00.7431	0001.400
-00.4006	-00.7434	0001.401
-00.3969	-00.7434	0001.402
-00.3926	-00.7437	0001.403
-00.3890	-00.7428	0001.404
-00.3850	-00.7431	0001.405
-00.3811	-00.7431	0001.406
-00.3768	-00.7431	0001.407
-00.3731	-00.7431	0001.408
-00.3688	-00.7431	0001.409
-00.3652	-00.7431	0001.410
-00.3609	-00.7425	0001.411
-00.3569	-00.7428	0001.412
-00.3530	-00.7428	0001.413
-00.3487	-00.7431	0001.414
-00.3450	-00.7431	0001.415
-00.3411	-00.7431	0001.416
-00.3371	-00.7425	0001.417
-00.3328	-00.7428	0001.418
-00.3286	-00.7431	0001.419
-00.3249	-00.7422	0001.420
-00.3203	-00.7425	0001.421
-00.3170	-00.7422	0001.422
-00.3127	-00.7425	0001.423
-00.3084	-00.7428	0001.424
-00.3054	-00.7431	0001.425
-00.3008	-00.7428	0001.426
-00.2971	-00.7425	0001.427
-00.2925	-00.7425	0001.428
-00.2889	-00.7422	0001.429
-00.2846	-00.7428	0001.430
-00.2813	-00.7418	0001.431
-00.2770	-00.7422	0001.432
-00.2730	-00.7428	0001.433
-00.2691	-00.7425	0001.434
-00.2651	-00.7425	0001.435
-00.2605	-00.7422	0001.436
-00.2565	-00.7425	0001.437
-00.2529	-00.7418	0001.438
-00.2489	-00.7422	0001.439
-00.2443	-00.7412	0001.440
-00.2407	-00.7425	0001.441
-00.2367	-00.7422	0001.442
-00.2327	-00.7422	0001.443
-00.2282	-00.7425	0001.444
-00.2242	-00.7418	0001.445
-00.2208	-00.7418	0001.446
-00.2166	-00.7422	0001.447
-00.2126	-00.7422	0001.448
-00.2086	-00.7422	0001.449
-00.2044	-00.7422	0001.450
-00.2010	-00.7418	0001.451
-00.1964	-00.7418	0001.452
-00.1928	-00.7418	0001.453
-00.1885	-00.7418	0001.454
-00.1845	-00.7418	0001.455
-00.1806	-00.7425	0001.456
-00.1760	-00.7418	0001.457
-00.1723	-00.7418	0001.458
-00.1683	-00.7418	0001.459
-00.1647	-00.7415	0001.460
-00.1610	-00.7418	0001.461
-00.1571	-00.7415	0001.462
-00.1525	-00.7415	0001.463
-00.1485	-00.7415	0001.464
-00.1445	-00.7412	0001.465
-00.1409	-00.7415	0001.466
-00.1363	-00.7422	0001.467
-00.1326	-00.7415	0001.468
-00.1284	-00.7415	0001.469
-00.1247	-00.7412	0001.470
-00.1207	-00.7412	0001.471
-00.1165	-00.7415	0001.472
-00.1125	-00.7412	0001.473
-00.1082	-00.7415	0001.474
-00.1046	-00.7412	0001.475
-00.1006	-00.7415	0001.476
-00.0966	-00.7406	0001.477
-00.0927	-00.7409	0001.478
-00.0884	-00.7415	0001.479
-00.0841	-00.7412	0001.480
-00.0805	-00.7409	0001.481
-00.0765	-00.7412	0001.482
-00.0722	-00.7412	0001.483
-00.0682	-00.7406	0001.484
-00.0643	-00.7409	0001.485
-00.0603	-00.7409	0001.486
-00.0563	-00.7412	0001.487
-00.0524	-00.7409	0001.488
-00.0490	-00.7412	0001.489
-00.0447	-00.7412	0001.490
-00.0405	-00.7406	0001.491
-00.0362	-00.7409	0001.492
-00.0316	-00.7409	0001.493
-00.0283	-00.7403	0001.494
-00.0243	-00.7409	0001.495
-00.0200	-00.7403	0001.496
-00.0164	-00.7406	0001.497
-00.0124	-00.7406	0001.498
-00.0084	-00.7406	0001.499
