R,Ohm	C,pF	Temp,C
0000000000	0000100000	+025.00
Ch1,V	Ch2,V	Time,s
-00.0002	-00.0006	0000.000
-00.0002	-00.0009	0000.001
-00.0203	-00.0009	0000.002
-00.0402	-00.0012	0000.003
-00.0603	-00.0012	0000.004
-00.0805	-00.0015	0000.005
-00.1000	-00.0024	0000.006
-00.1204	-00.0027	0000.007
-00.1403	-00.0033	0000.008
-00.1601	-00.0045	0000.009
-00.1802	-00.0058	0000.010
-00.2004	-00.0076	0000.011
-00.2202	-00.0113	0000.012
-00.2404	-00.0125	0000.013
-00.2602	-00.0167	0000.014
-00.2803	-00.0213	0000.015
-00.3005	-00.0283	0000.016
-00.3206	-00.0354	0000.017
-00.3408	-00.0451	0000.018
-00.3603	-00.0564	0000.019
-00.3804	-00.0711	0000.020
-00.4009	-00.0872	0000.021
-00.4201	-00.1062	0000.022
-00.4399	-00.1275	0000.023
-00.4607	-00.1577	0000.024
-00.4805	-00.1934	0000.025
-00.5007	-00.2340	0000.026
-00.5211	-00.2810	0000.027
-00.5404	-00.3457	0000.028
-00.5608	-00.4110	0000.029
-00.5806	-00.4574	0000.030
-00.6008	-00.4882	0000.031
-00.6209	-00.5108	0000.032
-00.6408	-00.5346	0000.033
-00.6612	-00.5520	0000.034
-00.6813	-00.5636	0000.035
-00.7009	-00.5734	0000.036
-00.7210	-00.5807	0000.037
-00.7409	-00.5877	0000.038
-00.7613	-00.5948	0000.039
-00.7808	-00.6009	0000.040
-00.8007	-00.6054	0000.041
-00.8217	-00.6100	0000.042
-00.8413	-00.6131	0000.043
-00.8608	-00.6176	0000.044
-00.8812	-00.6237	0000.045
-00.9017	-00.6295	0000.046
-00.9212	-00.6347	0000.047
-00.9417	-00.6427	0000.048
-00.9612	-00.6588	0000.049
-00.9816	-00.6677	0000.050
-01.0012	-00.6741	0000.051
-01.0213	-00.6778	0000.052
-01.0411	-00.6833	0000.053
-01.0613	-00.6866	0000.054
-01.0814	-00.6900	0000.055
-01.1016	-00.6918	0000.056
-01.1214	-00.6939	0000.057
-01.1415	-00.6967	0000.058
-01.1614	-00.6973	0000.059
-01.1815	-00.6991	0000.060
-01.2017	-00.7000	0000.061
-01.2215	-00.7019	0000.062
-01.2420	-00.7025	0000.063
-01.2615	-00.7028	0000.064
-01.2819	-00.7040	0000.065
-01.3018	-00.7046	0000.066
-01.3219	-00.7052	0000.067
-01.3417	-00.7064	0000.068
-01.3619	-00.7068	0000.069
-01.3817	-00.7071	0000.070
-01.4022	-00.7080	0000.071
-01.4226	-00.7083	0000.072
-01.4421	-00.7089	0000.073
-01.4617	-00.7098	0000.074
-01.4821	-00.7095	0000.075
-01.5023	-00.7104	0000.076
-01.5221	-00.7107	0000.077
-01.5422	-00.7113	0000.078
-01.5621	-00.7119	0000.079
-01.5825	-00.7125	0000.080
-01.6024	-00.7125	0000.081
-01.6228	-00.7132	0000.082
-01.6426	-00.7135	0000.083
-01.6625	-00.7138	0000.084
-01.6826	-00.7138	0000.085
-01.7019	-00.7147	0000.086
-01.7229	-00.7144	0000.087
-01.7427	-00.7147	0000.088
-01.7626	-00.7150	0000.089
-01.7824	-00.7153	0000.090
-01.8029	-00.7156	0000.091
-01.8221	-00.7156	0000.092
-01.8428	-00.7162	0000.093
-01.8624	-00.7171	0000.094
-01.8828	-00.7165	0000.095
-01.9027	-00.7168	0000.096
-01.9228	-00.7171	0000.097
-01.9426	-00.7171	0000.098
-01.9634	-00.7174	0000.099
-01.9832	-00.7174	0000.100
-02.0031	-00.7177	0000.101
-02.0229	-00.7177	0000.102
-02.0427	-00.7180	0000.103
-02.0632	-00.7183	0000.104
-02.0830	-00.7183	0000.105
-02.1032	-00.7183	0000.106
-02.1236	-00.7193	0000.107
-02.1431	-00.7190	0000.108
-02.1633	-00.7196	0000.109
-02.1834	-00.7196	0000.110
-02.2036	-00.7199	0000.111
-02.2234	-00.7199	0000.112
-02.2432	-00.7196	0000.113
-02.2634	-00.7196	0000.114
-02.2832	-00.7196	0000.115
-02.3034	-00.7202	0000.116
-02.3232	-00.7199	0000.117
-02.3433	-00.7205	0000.118
-02.3632	-00.7205	0000.119
-02.3833	-00.7211	0000.120
-02.4038	-00.7202	0000.121
-02.4236	-00.7211	0000.122
-02.4437	-00.7208	0000.123
-02.4639	-00.7214	0000.124
-02.4837	-00.7217	0000.125
-02.5032	-00.7217	0000.126
-02.5240	-00.7220	0000.127
-02.5438	-00.7223	0000.128
-02.5637	-00.7220	0000.129
-02.5838	-00.7220	0000.130
-02.6040	-00.7223	0000.131
-02.6235	-00.7223	0000.132
-02.6442	-00.7226	0000.133
-02.6629	-00.7226	0000.134
-02.6839	-00.7223	0000.135
-02.7044	-00.7226	0000.136
-02.7242	-00.7226	0000.137
-02.7440	-00.7232	0000.138
-02.7639	-00.7229	0000.139
-02.7840	-00.7232	0000.140
-02.8041	-00.7235	0000.141
-02.8240	-00.7232	0000.142
-02.8435	-00.7232	0000.143
-02.8637	-00.7241	0000.144
-02.8841	-00.7235	0000.145
-02.9045	-00.7232	0000.146
-02.9244	-00.7241	0000.147
-02.9445	-00.7241	0000.148
-02.9641	-00.7241	0000.149
-02.9839	-00.7238	0000.150
-03.0050	-00.7245	0000.151
-02.9848	-00.7241	0000.152
-02.9650	-00.7248	0000.153
-02.9448	-00.7245	0000.154
-02.9241	-00.7245	0000.155
-02.9045	-00.7241	0000.156
-02.8844	-00.7245	0000.157
-02.8646	-00.7241	0000.158
-02.8447	-00.7238	0000.159
-02.8240	-00.7238	0000.160
-02.8041	-00.7245	0000.161
-02.7846	-00.7238	0000.162
-02.7645	-00.7235	0000.163
-02.7440	-00.7235	0000.164
-02.7242	-00.7235	0000.165
-02.7034	-00.7235	0000.166
-02.6845	-00.7229	0000.167
-02.6638	-00.7235	0000.168
-02.6448	-00.7235	0000.169
-02.6241	-00.7235	0000.170
-02.6052	-00.7232	0000.171
-02.5832	-00.7235	0000.172
-02.5640	-00.7229	0000.173
-02.5438	-00.7226	0000.174
-02.5240	-00.7229	0000.175
-02.5042	-00.7226	0000.176
-02.4840	-00.7226	0000.177
-02.4639	-00.7226	0000.178
-02.4437	-00.7223	0000.179
-02.4230	-00.7223	0000.180
-02.4035	-00.7223	0000.181
-02.3833	-00.7223	0000.182
-02.3635	-00.7223	0000.183
-02.3439	-00.7220	0000.184
-02.3241	-00.7220	0000.185
-02.3040	-00.7223	0000.186
-02.2841	-00.7217	0000.187
-02.2640	-00.7223	0000.188
-02.2435	-00.7220	0000.189
-02.2237	-00.7223	0000.190
-02.2036	-00.7220	0000.191
-02.1834	-00.7217	0000.192
-02.1630	-00.7217	0000.193
-02.1437	-00.7214	0000.194
-02.1233	-00.7211	0000.195
-02.1035	-00.7214	0000.196
-02.0839	-00.7214	0000.197
-02.0632	-00.7211	0000.198
-02.0433	-00.7205	0000.199
-02.0226	-00.7208	0000.200
-02.0037	-00.7211	0000.201
-01.9832	-00.7211	0000.202
-01.9631	-00.7205	0000.203
-01.9436	-00.7205	0000.204
-01.9234	-00.7202	0000.205
-01.9033	-00.7205	0000.206
-01.8831	-00.7202	0000.207
-01.8633	-00.7202	0000.208
-01.8431	-00.7202	0000.209
-01.8230	-00.7202	0000.210
-01.8026	-00.7199	0000.211
-01.7833	-00.7199	0000.212
-01.7626	-00.7196	0000.213
-01.7424	-00.7199	0000.214
-01.7229	-00.7196	0000.215
-01.7031	-00.7196	0000.216
-01.6829	-00.7193	0000.217
-01.6625	-00.7193	0000.218
-01.6420	-00.7196	0000.219
-01.6228	-00.7190	0000.220
-01.6024	-00.7193	0000.221
-01.5828	-00.7190	0000.222
-01.5627	-00.7193	0000.223
-01.5425	-00.7187	0000.224
-01.5227	-00.7187	0000.225
-01.5017	-00.7187	0000.226
-01.4824	-00.7187	0000.227
-01.4620	-00.7187	0000.228
-01.4425	-00.7183	0000.229
-01.4220	-00.7180	0000.230
-01.4022	-00.7180	0000.231
-01.3823	-00.7183	0000.232
-01.3622	-00.7177	0000.233
-01.3427	-00.7180	0000.234
-01.3219	-00.7177	0000.235
-01.3018	-00.7177	0000.236
-01.2819	-00.7177	0000.237
-01.2624	-00.7177	0000.238
-01.2423	-00.7177	0000.239
-01.2218	-00.7171	0000.240
-01.2014	-00.7177	0000.241
-01.1815	-00.7174	0000.242
-01.1617	-00.7171	0000.243
-01.1419	-00.7168	0000.244
-01.1220	-00.7168	0000.245
-01.1019	-00.7171	0000.246
-01.0817	-00.7168	0000.247
-01.0619	-00.7165	0000.248
-01.0415	-00.7168	0000.249
-01.0216	-00.7159	0000.250
-01.0015	-00.7162	0000.251
-00.9819	-00.7159	0000.252
-00.9618	-00.7162	0000.253
-00.9417	-00.7156	0000.254
-00.9218	-00.7159	0000.255
-00.9014	-00.7159	0000.256
-00.8815	-00.7159	0000.257
-00.8614	-00.7159	0000.258
-00.8419	-00.7156	0000.259
-00.8211	-00.7153	0000.260
-00.8016	-00.7156	0000.261
-00.7811	-00.7153	0000.262
-00.7613	-00.7156	0000.263
-00.7415	-00.7150	0000.264
-00.7216	-00.7156	0000.265
-00.7009	-00.7147	0000.266
-00.6816	-00.7147	0000.267
-00.6615	-00.7147	0000.268
-00.6411	-00.7150	0000.269
-00.6215	-00.7144	0000.270
-00.6011	-00.7141	0000.271
-00.5806	-00.7141	0000.272
-00.5608	-00.7147	0000.273
-00.5413	-00.7144	0000.274
-00.5211	-00.7141	0000.275
-00.5007	-00.7141	0000.276
-00.4808	-00.7138	0000.277
-00.4610	-00.7132	0000.278
-00.4409	-00.7135	0000.279
-00.4213	-00.7135	0000.280
-00.4009	-00.7135	0000.281
-00.3811	-00.7132	0000.282
-00.3612	-00.7132	0000.283
-00.3408	-00.7129	0000.284
-00.3209	-00.7129	0000.285
-00.3005	-00.7125	0000.286
-00.2810	-00.7129	0000.287
-00.2608	-00.7132	0000.288
-00.2410	-00.7122	0000.289
-00.2202	-00.7125	0000.290
-00.2010	-00.7122	0000.291
-00.1802	-00.7122	0000.292
-00.1607	-00.7125	0000.293
-00.1406	-00.7116	0000.294
-00.1204	-00.7116	0000.295
-00.1006	-00.7119	0000.296
-00.0805	-00.7113	0000.297
-00.0606	-00.7113	0000.298
-00.0405	-00.7113	0000.299
