R,Ohm	C,pF	Temp,C
0000000000	0000100000	+025.00
Ch1,V	Ch2,V	Time,s
-00.0002	-00.0006	0000.000
-00.0005	-00.0003	0000.001
-00.0115	-00.0006	0000.002
-00.0243	-00.0009	0000.003
-00.0362	-00.0015	0000.004
-00.0481	-00.0012	0000.005
-00.0600	-00.0012	0000.006
-00.0722	-00.0012	0000.007
-00.0847	-00.0015	0000.008
-00.0963	-00.0018	0000.009
-00.1082	-00.0027	0000.010
-00.1204	-00.0030	0000.011
-00.1320	-00.0033	0000.012
-00.1442	-00.0042	0000.013
-00.1567	-00.0039	0000.014
-00.1680	-00.0058	0000.015
-00.1802	-00.0064	0000.016
-00.1925	-00.0073	0000.017
-00.2040	-00.0082	0000.018
-00.2163	-00.0100	0000.019
-00.2282	-00.0113	0000.020
-00.2407	-00.0131	0000.021
-00.2526	-00.0158	0000.022
-00.2648	-00.0177	0000.023
-00.2764	-00.0204	0000.024
-00.2883	-00.0229	0000.025
-00.3011	-00.0265	0000.026
-00.3127	-00.0305	0000.027
-00.3243	-00.0351	0000.028
-00.3365	-00.0406	0000.029
-00.3487	-00.0467	0000.030
-00.3609	-00.0537	0000.031
-00.3725	-00.0616	0000.032
-00.3847	-00.0705	0000.033
-00.3966	-00.0814	0000.034
-00.4088	-00.0937	0000.035
-00.4207	-00.1046	0000.036
-00.4329	-00.1175	0000.037
-00.4454	-00.1330	0000.038
-00.4564	-00.1492	0000.039
-00.4686	-00.1687	0000.040
-00.4805	-00.1913	0000.041
-00.4927	-00.2179	0000.042
-00.5050	-00.2478	0000.043
-00.5169	-00.2807	0000.044
-00.5288	-00.3210	0000.045
-00.5407	-00.3640	0000.046
-00.5526	-00.4007	0000.047
-00.5648	-00.4281	0000.048
-00.5770	-00.4538	0000.049
-00.5883	-00.4797	0000.050
-00.6008	-00.4980	0000.051
-00.6130	-00.5127	0000.052
-00.6249	-00.5258	0000.053
-00.6365	-00.5395	0000.054
-00.6490	-00.5505	0000.055
-00.6612	-00.5594	0000.056
-00.6725	-00.5664	0000.057
-00.6850	-00.5731	0000.058
-00.6966	-00.5789	0000.059
-00.7088	-00.5841	0000.060
-00.7210	-00.5896	0000.061
-00.7329	-00.5941	0000.062
-00.7445	-00.5978	0000.063
-00.7570	-00.6015	0000.064
-00.7695	-00.6051	0000.065
-00.7808	-00.6088	0000.066
-00.7930	-00.6115	0000.067
-00.8049	-00.6152	0000.068
-00.8168	-00.6182	0000.069
-00.8290	-00.6219	0000.070
-00.8413	-00.6259	0000.071
-00.8535	-00.6289	0000.072
-00.8651	-00.6326	0000.073
-00.8773	-00.6363	0000.074
-00.8895	-00.6399	0000.075
-00.9014	-00.6445	0000.076
-00.9133	-00.6533	0000.077
-00.9249	-00.6582	0000.078
-00.9374	-00.6665	0000.079
-00.9493	-00.6686	0000.080
-00.9618	-00.6698	0000.081
-00.9731	-00.6717	0000.082
-00.9856	-00.6726	0000.083
-00.9975	-00.6750	0000.084
-01.0094	-00.6784	0000.085
-01.0213	-00.6823	0000.086
-01.0338	-00.6887	0000.087
-01.0460	-00.6909	0000.088
-01.0573	-00.6945	0000.089
-01.0695	-00.6973	0000.090
-01.0817	-00.7016	0000.091
-01.0933	-00.7034	0000.092
-01.1058	-00.7037	0000.093
-01.1171	-00.7049	0000.094
-01.1300	-00.7068	0000.095
-01.1419	-00.7071	0000.096
-01.1538	-00.7083	0000.097
-01.1657	-00.7089	0000.098
-01.1776	-00.7101	0000.099
-01.1895	-00.7107	0000.100
-01.2014	-00.7110	0000.101
-01.2142	-00.7113	0000.102
-01.2255	-00.7119	0000.103
-01.2374	-00.7122	0000.104
-01.2499	-00.7132	0000.105
-01.2618	-00.7138	0000.106
-01.2737	-00.7141	0000.107
-01.2859	-00.7150	0000.108
-01.2978	-00.7150	0000.109
-01.3097	-00.7156	0000.110
-01.3222	-00.7162	0000.111
-01.3338	-00.7165	0000.112
-01.3460	-00.7168	0000.113
-01.3582	-00.7168	0000.114
-01.3701	-00.7174	0000.115
-01.3817	-00.7177	0000.116
-01.3942	-00.7183	0000.117
-01.4058	-00.7187	0000.118
-01.4174	-00.7190	0000.119
-01.4299	-00.7193	0000.120
-01.4421	-00.7193	0000.121
-01.4537	-00.7202	0000.122
-01.4660	-00.7202	0000.123
-01.4785	-00.7208	0000.124
-01.4898	-00.7208	0000.125
-01.5023	-00.7208	0000.126
-01.5145	-00.7217	0000.127
-01.5264	-00.7217	0000.128
-01.5380	-00.7223	0000.129
-01.5502	-00.7220	0000.130
-01.5618	-00.7223	0000.131
-01.5743	-00.7229	0000.132
-01.5865	-00.7226	0000.133
-01.5981	-00.7235	0000.134
-01.6103	-00.7238	0000.135
-01.6228	-00.7235	0000.136
-01.6341	-00.7235	0000.137
-01.6466	-00.7235	0000.138
-01.6582	-00.7235	0000.139
-01.6704	-00.7241	0000.140
-01.6826	-00.7248	0000.141
-01.6945	-00.7248	0000.142
-01.7070	-00.7248	0000.143
-01.7186	-00.7251	0000.144
-01.7302	-00.7248	0000.145
-01.7427	-00.7254	0000.146
-01.7550	-00.7251	0000.147
-01.7662	-00.7254	0000.148
-01.7788	-00.7257	0000.149
-01.7910	-00.7254	0000.150
-01.8026	-00.7260	0000.151
-01.8148	-00.7260	0000.152
-01.8267	-00.7260	0000.153
-01.8386	-00.7266	0000.154
-01.8511	-00.7263	0000.155
-01.8630	-00.7266	0000.156
-01.8746	-00.7266	0000.157
-01.8868	-00.7269	0000.158
-01.8993	-00.7269	0000.159
-01.9103	-00.7269	0000.160
-01.9228	-00.7275	0000.161
-01.9344	-00.7278	0000.162
-01.9466	-00.7275	0000.163
-01.9585	-00.7275	0000.164
-01.9710	-00.7281	0000.165
-01.9823	-00.7278	0000.166
-01.9954	-00.7278	0000.167
-02.0070	-00.7284	0000.168
-02.0192	-00.7278	0000.169
-02.0308	-00.7287	0000.170
-02.0430	-00.7287	0000.171
-02.0552	-00.7287	0000.172
-02.0671	-00.7287	0000.173
-02.0790	-00.7287	0000.174
-02.0913	-00.7290	0000.175
-02.1035	-00.7290	0000.176
-02.1151	-00.7293	0000.177
-02.1267	-00.7290	0000.178
-02.1392	-00.7293	0000.179
-02.1505	-00.7299	0000.180
-02.1633	-00.7296	0000.181
-02.1749	-00.7299	0000.182
-02.1874	-00.7296	0000.183
-02.1987	-00.7302	0000.184
-02.2112	-00.7299	0000.185
-02.2231	-00.7299	0000.186
-02.2356	-00.7299	0000.187
-02.2472	-00.7302	0000.188
-02.2591	-00.7296	0000.189
-02.2716	-00.7306	0000.190
-02.2829	-00.7309	0000.191
-02.2954	-00.7306	0000.192
-02.3070	-00.7302	0000.193
-02.3195	-00.7306	0000.194
-02.3317	-00.7309	0000.195
-02.3436	-00.7309	0000.196
-02.3552	-00.7315	0000.197
-02.3681	-00.7309	0000.198
-02.3796	-00.7312	0000.199
-02.3919	-00.7315	0000.200
-02.4038	-00.7312	0000.201
-02.4150	-00.7315	0000.202
-02.4279	-00.7318	0000.203
-02.4395	-00.7315	0000.204
-02.4523	-00.7315	0000.205
-02.4636	-00.7318	0000.206
-02.4755	-00.7321	0000.207
-02.4877	-00.7318	0000.208
-02.5002	-00.7318	0000.209
-02.5112	-00.7324	0000.210
-02.5234	-00.7324	0000.211
-02.5362	-00.7321	0000.212
-02.5481	-00.7321	0000.213
-02.5600	-00.7324	0000.214
-02.5716	-00.7324	0000.215
-02.5838	-00.7327	0000.216
-02.5960	-00.7324	0000.217
-02.6082	-00.7330	0000.218
-02.6195	-00.7324	0000.219
-02.6320	-00.7327	0000.220
-02.6439	-00.7327	0000.221
-02.6555	-00.7333	0000.222
-02.6680	-00.7330	0000.223
-02.6796	-00.7330	0000.224
-02.6921	-00.7330	0000.225
-02.7037	-00.7333	0000.226
-02.7156	-00.7330	0000.227
-02.7279	-00.7339	0000.228
-02.7404	-00.7333	0000.229
-02.7517	-00.7333	0000.230
-02.7639	-00.7339	0000.231
-02.7758	-00.7336	0000.232
-02.7883	-00.7336	0000.233
-02.7999	-00.7339	0000.234
-02.8115	-00.7336	0000.235
-02.8243	-00.7339	0000.236
-02.8365	-00.7339	0000.237
-02.8481	-00.7339	0000.238
-02.8603	-00.7339	0000.239
-02.8722	-00.7342	0000.240
-02.8841	-00.7342	0000.241
-02.8966	-00.7342	0000.242
-02.9082	-00.7339	0000.243
-02.9195	-00.7345	0000.244
-02.9326	-00.7342	0000.245
-02.9445	-00.7345	0000.246
-02.9564	-00.7345	0000.247
-02.9680	-00.7348	0000.248
-02.9805	-00.7348	0000.249
-02.9921	-00.7351	0000.250
-03.0037	-00.7348	0000.251
-02.9924	-00.7351	0000.252
-02.9808	-00.7351	0000.253
-02.9683	-00.7348	0000.254
-02.9567	-00.7351	0000.255
-02.9442	-00.7345	0000.256
-02.9326	-00.7348	0000.257
-02.9201	-00.7348	0000.258
-02.9088	-00.7345	0000.259
-02.8963	-00.7345	0000.260
-02.8841	-00.7348	0000.261
-02.8725	-00.7348	0000.262
-02.8606	-00.7345	0000.263
-02.8478	-00.7342	0000.264
-02.8362	-00.7345	0000.265
-02.8243	-00.7342	0000.266
-02.8124	-00.7345	0000.267
-02.8011	-00.7342	0000.268
-02.7883	-00.7345	0000.269
-02.7758	-00.7342	0000.270
-02.7642	-00.7342	0000.271
-02.7523	-00.7342	0000.272
-02.7404	-00.7339	0000.273
-02.7282	-00.7345	0000.274
-02.7160	-00.7336	0000.275
-02.7044	-00.7342	0000.276
-02.6918	-00.7339	0000.277
-02.6809	-00.7336	0000.278
-02.6680	-00.7336	0000.279
-02.6564	-00.7339	0000.280
-02.6442	-00.7339	0000.281
-02.6323	-00.7339	0000.282
-02.6204	-00.7339	0000.283
-02.6085	-00.7339	0000.284
-02.5969	-00.7336	0000.285
-02.5844	-00.7339	0000.286
-02.5719	-00.7333	0000.287
-02.5603	-00.7336	0000.288
-02.5481	-00.7336	0000.289
-02.5356	-00.7336	0000.290
-02.5243	-00.7333	0000.291
-02.5118	-00.7336	0000.292
-02.4996	-00.7333	0000.293
-02.4883	-00.7333	0000.294
-02.4755	-00.7336	0000.295
-02.4639	-00.7333	0000.296
-02.4520	-00.7333	0000.297
-02.4398	-00.7333	0000.298
-02.4279	-00.7333	0000.299
-02.4157	-00.7327	0000.300
-02.4041	-00.7327	0000.301
-02.3915	-00.7330	0000.302
-02.3800	-00.7333	0000.303
-02.3684	-00.7327	0000.304
-02.3552	-00.7327	0000.305
-02.3433	-00.7324	0000.306
-02.3320	-00.7327	0000.307
-02.3195	-00.7324	0000.308
-02.3073	-00.7324	0000.309
-02.2957	-00.7327	0000.310
-02.2841	-00.7324	0000.311
-02.2713	-00.7327	0000.312
-02.2600	-00.7324	0000.313
-02.2475	-00.7330	0000.314
-02.2356	-00.7327	0000.315
-02.2243	-00.7321	0000.316
-02.2112	-00.7321	0000.317
-02.1996	-00.7321	0000.318
-02.1874	-00.7324	0000.319
-02.1761	-00.7321	0000.320
-02.1639	-00.7324	0000.321
-02.1514	-00.7321	0000.322
-02.1392	-00.7318	0000.323
-02.1279	-00.7318	0000.324
-02.1154	-00.7315	0000.325
-02.1035	-00.7321	0000.326
-02.0916	-00.7315	0000.327
-02.0794	-00.7318	0000.328
-02.0675	-00.7315	0000.329
-02.0556	-00.7312	0000.330
-02.0430	-00.7315	0000.331
-02.0311	-00.7315	0000.332
-02.0192	-00.7315	0000.333
-02.0076	-00.7315	0000.334
-01.9954	-00.7315	0000.335
-01.9829	-00.7315	0000.336
-01.9713	-00.7309	0000.337
-01.9594	-00.7315	0000.338
-01.9478	-00.7312	0000.339
-01.9350	-00.7312	0000.340
-01.9231	-00.7306	0000.341
-01.9106	-00.7312	0000.342
-01.8993	-00.7312	0000.343
-01.8874	-00.7312	0000.344
-01.8752	-00.7306	0000.345
-01.8624	-00.7312	0000.346
-01.8511	-00.7306	0000.347
-01.8389	-00.7302	0000.348
-01.8264	-00.7302	0000.349
-01.8157	-00.7309	0000.350
-01.8023	-00.7306	0000.351
-01.7910	-00.7309	0000.352
-01.7794	-00.7306	0000.353
-01.7672	-00.7302	0000.354
-01.7543	-00.7302	0000.355
-01.7431	-00.7299	0000.356
-01.7311	-00.7306	0000.357
-01.7186	-00.7302	0000.358
-01.7067	-00.7302	0000.359
-01.6951	-00.7299	0000.360
-01.6829	-00.7302	0000.361
-01.6710	-00.7296	0000.362
-01.6585	-00.7299	0000.363
-01.6469	-00.7306	0000.364
-01.6350	-00.7293	0000.365
-01.6225	-00.7299	0000.366
-01.6103	-00.7299	0000.367
-01.5984	-00.7293	0000.368
-01.5868	-00.7302	0000.369
-01.5743	-00.7293	0000.370
-01.5627	-00.7302	0000.371
-01.5508	-00.7293	0000.372
-01.5386	-00.7290	0000.373
-01.5267	-00.7293	0000.374
-01.5145	-00.7296	0000.375
-01.5026	-00.7290	0000.376
-01.4904	-00.7293	0000.377
-01.4782	-00.7290	0000.378
-01.4669	-00.7290	0000.379
-01.4540	-00.7290	0000.380
-01.4425	-00.7287	0000.381
-01.4302	-00.7290	0000.382
-01.4183	-00.7287	0000.383
-01.4061	-00.7284	0000.384
-01.3942	-00.7287	0000.385
-01.3823	-00.7287	0000.386
-01.3698	-00.7284	0000.387
-01.3582	-00.7284	0000.388
-01.3466	-00.7284	0000.389
-01.3347	-00.7287	0000.390
-01.3222	-00.7287	0000.391
-01.3103	-00.7284	0000.392
-01.2984	-00.7284	0000.393
-01.2859	-00.7278	0000.394
-01.2737	-00.7284	0000.395
-01.2618	-00.7281	0000.396
-01.2502	-00.7278	0000.397
-01.2374	-00.7284	0000.398
-01.2264	-00.7278	0000.399
-01.2139	-00.7278	0000.400
-01.2017	-00.7275	0000.401
-01.1898	-00.7278	0000.402
-01.1779	-00.7275	0000.403
-01.1660	-00.7278	0000.404
-01.1538	-00.7278	0000.405
-01.1422	-00.7275	0000.406
-01.1300	-00.7278	0000.407
-01.1181	-00.7275	0000.408
-01.1055	-00.7272	0000.409
-01.0946	-00.7272	0000.410
-01.0817	-00.7272	0000.411
-01.0701	-00.7269	0000.412
-01.0579	-00.7272	0000.413
-01.0457	-00.7269	0000.414
-01.0338	-00.7272	0000.415
-01.0219	-00.7266	0000.416
-01.0091	-00.7269	0000.417
-00.9978	-00.7275	0000.418
-00.9856	-00.7260	0000.419
-00.9734	-00.7269	0000.420
-00.9618	-00.7263	0000.421
-00.9493	-00.7266	0000.422
-00.9380	-00.7263	0000.423
-00.9258	-00.7266	0000.424
-00.9133	-00.7266	0000.425
-00.9017	-00.7266	0000.426
-00.8898	-00.7263	0000.427
-00.8776	-00.7260	0000.428
-00.8657	-00.7263	0000.429
-00.8535	-00.7263	0000.430
-00.8416	-00.7254	0000.431
-00.8297	-00.7260	0000.432
-00.8175	-00.7263	0000.433
-00.8049	-00.7260	0000.434
-00.7936	-00.7257	0000.435
-00.7811	-00.7257	0000.436
-00.7695	-00.7254	0000.437
-00.7576	-00.7260	0000.438
-00.7454	-00.7254	0000.439
-00.7335	-00.7254	0000.440
-00.7216	-00.7257	0000.441
-00.7091	-00.7251	0000.442
-00.6972	-00.7254	0000.443
-00.6856	-00.7254	0000.444
-00.6734	-00.7251	0000.445
-00.6612	-00.7251	0000.446
-00.6493	-00.7251	0000.447
-00.6368	-00.7251	0000.448
-00.6255	-00.7248	0000.449
-00.6133	-00.7251	0000.450
-00.6011	-00.7248	0000.451
-00.5892	-00.7251	0000.452
-00.5773	-00.7245	0000.453
-00.5651	-00.7251	0000.454
-00.5535	-00.7241	0000.455
-00.5413	-00.7245	0000.456
-00.5291	-00.7245	0000.457
-00.5169	-00.7245	0000.458
-00.5050	-00.7241	0000.459
-00.4934	-00.7241	0000.460
-00.4805	-00.7241	0000.461
-00.4689	-00.7238	0000.462
-00.4567	-00.7241	0000.463
-00.4451	-00.7238	0000.464
-00.4329	-00.7238	0000.465
-00.4213	-00.7238	0000.466
-00.4088	-00.7238	0000.467
-00.3966	-00.7238	0000.468
-00.3850	-00.7232	0000.469
-00.3728	-00.7238	0000.470
-00.3609	-00.7235	0000.471
-00.3490	-00.7235	0000.472
-00.3368	-00.7235	0000.473
-00.3252	-00.7232	0000.474
-00.3130	-00.7235	0000.475
-00.3005	-00.7229	0000.476
-00.2889	-00.7232	0000.477
-00.2770	-00.7232	0000.478
-00.2651	-00.7226	0000.479
-00.2529	-00.7226	0000.480
-00.2410	-00.7226	0000.481
-00.2285	-00.7232	0000.482
-00.2163	-00.7229	0000.483
-00.2047	-00.7223	0000.484
-00.1934	-00.7223	0000.485
-00.1802	-00.7223	0000.486
-00.1683	-00.7223	0000.487
-00.1571	-00.7223	0000.488
-00.1445	-00.7220	0000.489
-00.1320	-00.7220	0000.490
-00.1207	-00.7220	0000.491
-00.1082	-00.7217	0000.492
-00.0966	-00.7223	0000.493
-00.0847	-00.7217	0000.494
-00.0722	-00.7217	0000.495
-00.0606	-00.7214	0000.496
-00.0484	-00.7217	0000.497
-00.0362	-00.7214	0000.498
-00.0246	-00.7214	0000.499
