R,Ohm	C,pF	Temp,C
0000000000	0000100000	+025.00
Ch1,V	Ch2,V	Time,s
+00.0001	-00.0009	0000.000
-00.0005	-00.0006	0000.001
+00.0019	-00.0006	0000.002
+00.0035	-00.0009	0000.003
+00.0056	-00.0003	0000.004
+00.0077	-00.0012	0000.005
+00.0093	-00.0003	0000.006
+00.0117	-00.0006	0000.007
+00.0135	-00.0003	0000.008
+00.0151	-00.0009	0000.009
+00.0175	-00.0003	0000.010
+00.0193	-00.0009	0000.011
+00.0215	-00.0006	0000.012
+00.0233	-00.0009	0000.013
+00.0257	-00.0009	0000.014
+00.0276	-00.0003	0000.015
+00.0297	-00.0006	0000.016
+00.0319	+00.0000	0000.017
+00.0337	-00.0006	0000.018
+00.0358	-00.0009	0000.019
+00.0377	-00.0006	0000.020
+00.0398	-00.0006	0000.021
+00.0419	-00.0009	0000.022
+00.0438	-00.0006	0000.023
+00.0459	-00.0009	0000.024
+00.0474	-00.0006	0000.025
+00.0499	-00.0009	0000.026
+00.0517	-00.0003	0000.027
+00.0538	-00.0006	0000.028
+00.0563	-00.0006	0000.029
+00.0578	-00.0009	0000.030
+00.0599	-00.0006	0000.031
+00.0621	-00.0009	0000.032
+00.0639	-00.0003	0000.033
+00.0654	-00.0003	0000.034
+00.0676	-00.0003	0000.035
+00.0694	-00.0003	0000.036
+00.0715	-00.0003	0000.037
+00.0737	-00.0003	0000.038
+00.0758	-00.0006	0000.039
+00.0779	-00.0006	0000.040
+00.0795	-00.0012	0000.041
+00.0810	-00.0003	0000.042
+00.0843	-00.0006	0000.043
+00.0856	-00.0006	0000.044
+00.0877	-00.0006	0000.045
+00.0895	-00.0006	0000.046
+00.0917	-00.0006	0000.047
+00.0941	-00.0003	0000.048
+00.0959	-00.0009	0000.049
+00.0981	-00.0003	0000.050
+00.0999	-00.0003	0000.051
+00.1014	-00.0003	0000.052
+00.1036	-00.0006	0000.053
+00.1054	-00.0009	0000.054
+00.1078	-00.0003	0000.055
+00.1100	-00.0003	0000.056
+00.1118	-00.0003	0000.057
+00.1136	-00.0003	0000.058
+00.1158	-00.0003	0000.059
+00.1173	+00.0000	0000.060
+00.1200	+00.0000	0000.061
+00.1219	-00.0003	0000.062
+00.1234	+00.0000	0000.063
+00.1262	-00.0006	0000.064
+00.1274	-00.0003	0000.065
+00.1295	+00.0000	0000.066
+00.1316	-00.0006	0000.067
+00.1338	-00.0003	0000.068
+00.1356	+00.0000	0000.069
+00.1381	-00.0006	0000.070
+00.1402	-00.0003	0000.071
+00.1417	-00.0003	0000.072
+00.1432	-00.0003	0000.073
+00.1454	-00.0003	0000.074
+00.1475	-00.0003	0000.075
+00.1500	-00.0003	0000.076
+00.1521	-00.0003	0000.077
+00.1542	-00.0003	0000.078
+00.1554	-00.0003	0000.079
+00.1576	+00.0000	0000.080
+00.1591	-00.0003	0000.081
+00.1619	+00.0000	0000.082
+00.1640	+00.0000	0000.083
+00.1658	+00.0000	0000.084
+00.1677	-00.0006	0000.085
+00.1701	+00.0000	0000.086
+00.1716	+00.0003	0000.087
+00.1738	-00.0003	0000.088
+00.1756	-00.0003	0000.089
+00.1777	+00.0003	0000.090
+00.1793	+00.0003	0000.091
+00.1820	-00.0003	0000.092
+00.1835	-00.0006	0000.093
+00.1860	+00.0000	0000.094
+00.1881	+00.0000	0000.095
+00.1902	-00.0003	0000.096
+00.1915	+00.0000	0000.097
+00.1942	+00.0003	0000.098
+00.1957	+00.0000	0000.099
+00.1979	+00.0003	0000.100
+00.2000	+00.0003	0000.101
+00.2015	+00.0000	0000.102
+00.2037	+00.0000	0000.103
+00.2055	-00.0003	0000.104
+00.2079	+00.0003	0000.105
+00.2098	+00.0003	0000.106
+00.2116	+00.0006	0000.107
+00.2137	+00.0003	0000.108
+00.2159	+00.0003	0000.109
+00.2177	+00.0003	0000.110
+00.2198	+00.0003	0000.111
+00.2220	+00.0003	0000.112
+00.2238	+00.0000	0000.113
+00.2256	+00.0000	0000.114
+00.2278	+00.0000	0000.115
+00.2299	+00.0000	0000.116
+00.2320	+00.0000	0000.117
+00.2339	+00.0003	0000.118
+00.2357	+00.0003	0000.119
+00.2378	+00.0006	0000.120
+00.2394	+00.0003	0000.121
+00.2418	+00.0006	0000.122
+00.2436	+00.0000	0000.123
+00.2461	+00.0006	0000.124
+00.2482	+00.0006	0000.125
+00.2501	+00.0000	0000.126
+00.2522	+00.0003	0000.127
+00.2540	-00.0003	0000.128
+00.2559	+00.0006	0000.129
+00.2580	+00.0003	0000.130
+00.2598	+00.0006	0000.131
+00.2616	+00.0006	0000.132
+00.2641	+00.0003	0000.133
+00.2659	+00.0006	0000.134
+00.2681	+00.0003	0000.135
+00.2705	+00.0006	0000.136
+00.2723	+00.0003	0000.137
+00.2739	+00.0003	0000.138
+00.2760	+00.0003	0000.139
+00.2775	+00.0003	0000.140
+00.2800	+00.0006	0000.141
+00.2821	+00.0006	0000.142
+00.2839	+00.0010	0000.143
+00.2864	+00.0006	0000.144
+00.2882	+00.0003	0000.145
+00.2897	+00.0006	0000.146
+00.2919	+00.0006	0000.147
+00.2940	+00.0006	0000.148
+00.2958	+00.0006	0000.149
+00.2977	+00.0003	0000.150
+00.3004	+00.0010	0000.151
+00.3016	+00.0003	0000.152
+00.3041	+00.0006	0000.153
+00.3059	+00.0010	0000.154
+00.3083	+00.0013	0000.155
+00.3099	+00.0006	0000.156
+00.3123	+00.0010	0000.157
+00.3135	+00.0010	0000.158
+00.3157	+00.0006	0000.159
+00.3181	+00.0006	0000.160
+00.3199	+00.0010	0000.161
+00.3221	+00.0006	0000.162
+00.3242	+00.0010	0000.163
+00.3260	+00.0006	0000.164
+00.3282	+00.0010	0000.165
+00.3303	+00.0010	0000.166
+00.3318	+00.0010	0000.167
+00.3343	+00.0010	0000.168
+00.3358	+00.0010	0000.169
+00.3382	+00.0013	0000.170
+00.3401	+00.0010	0000.171
+00.3422	+00.0010	0000.172
+00.3440	+00.0010	0000.173
+00.3459	+00.0006	0000.174
+00.3480	+00.0006	0000.175
+00.3498	+00.0013	0000.176
+00.3523	+00.0016	0000.177
+00.3541	+00.0013	0000.178
+00.3566	+00.0010	0000.179
+00.3581	+00.0013	0000.180
+00.3596	+00.0006	0000.181
+00.3617	+00.0013	0000.182
+00.3645	+00.0010	0000.183
+00.3666	+00.0010	0000.184
+00.3679	+00.0013	0000.185
+00.3700	+00.0016	0000.186
+00.3721	+00.0010	0000.187
+00.3740	+00.0010	0000.188
+00.3764	+00.0013	0000.189
+00.3776	+00.0013	0000.190
+00.3801	+00.0010	0000.191
+00.3819	+00.0013	0000.192
+00.3840	+00.0013	0000.193
+00.3862	+00.0013	0000.194
+00.3886	+00.0013	0000.195
+00.3898	+00.0013	0000.196
+00.3923	+00.0013	0000.197
+00.3944	+00.0019	0000.198
+00.3959	+00.0010	0000.199
+00.3987	+00.0010	0000.200
+00.4002	+00.0016	0000.201
+00.4023	+00.0013	0000.202
+00.4045	+00.0010	0000.203
+00.4063	+00.0016	0000.204
+00.4078	+00.0013	0000.205
+00.4100	+00.0013	0000.206
+00.4118	+00.0013	0000.207
+00.4139	+00.0016	0000.208
+00.4161	+00.0016	0000.209
+00.4179	+00.0013	0000.210
+00.4203	+00.0013	0000.211
+00.4222	+00.0016	0000.212
+00.4243	+00.0016	0000.213
+00.4258	+00.0019	0000.214
+00.4283	+00.0013	0000.215
+00.4301	+00.0016	0000.216
+00.4322	+00.0019	0000.217
+00.4341	+00.0013	0000.218
+00.4362	+00.0013	0000.219
+00.4383	+00.0016	0000.220
+00.4402	+00.0016	0000.221
+00.4423	+00.0019	0000.222
+00.4438	+00.0019	0000.223
+00.4466	+00.0016	0000.224
+00.4478	+00.0016	0000.225
+00.4502	+00.0019	0000.226
+00.4527	+00.0013	0000.227
+00.4545	+00.0022	0000.228
+00.4567	+00.0019	0000.229
+00.4582	+00.0019	0000.230
+00.4600	+00.0013	0000.231
+00.4621	+00.0019	0000.232
+00.4640	+00.0019	0000.233
+00.4664	+00.0016	0000.234
+00.4686	+00.0025	0000.235
+00.4704	+00.0016	0000.236
+00.4719	+00.0022	0000.237
+00.4744	+00.0022	0000.238
+00.4759	+00.0019	0000.239
+00.4780	+00.0019	0000.240
+00.4802	+00.0022	0000.241
+00.4826	+00.0022	0000.242
+00.4838	+00.0022	0000.243
+00.4863	+00.0019	0000.244
+00.4884	+00.0022	0000.245
+00.4905	+00.0019	0000.246
+00.4924	+00.0022	0000.247
+00.4942	+00.0019	0000.248
+00.4963	+00.0022	0000.249
+00.4985	+00.0022	0000.250
+00.5003	+00.0025	0000.251
+00.5021	+00.0022	0000.252
+00.5040	+00.0022	0000.253
+00.5061	+00.0022	0000.254
+00.5079	+00.0022	0000.255
+00.5104	+00.0025	0000.256
+00.5119	+00.0022	0000.257
+00.5143	+00.0019	0000.258
+00.5165	+00.0022	0000.259
+00.5186	+00.0022	0000.260
+00.5198	+00.0019	0000.261
+00.5226	+00.0025	0000.262
+00.5244	+00.0019	0000.263
+00.5259	+00.0022	0000.264
+00.5284	+00.0022	0000.265
+00.5302	+00.0025	0000.266
+00.5323	+00.0028	0000.267
+00.5342	+00.0022	0000.268
+00.5363	+00.0025	0000.269
+00.5381	+00.0025	0000.270
+00.5403	+00.0025	0000.271
+00.5424	+00.0025	0000.272
+00.5442	+00.0022	0000.273
+00.5464	+00.0034	0000.274
+00.5482	+00.0028	0000.275
+00.5507	+00.0031	0000.276
+00.5522	+00.0022	0000.277
+00.5546	+00.0028	0000.278
+00.5558	+00.0028	0000.279
+00.5583	+00.0028	0000.280
+00.5604	+00.0028	0000.281
+00.5626	+00.0028	0000.282
+00.5644	+00.0028	0000.283
+00.5659	+00.0028	0000.284
+00.5680	+00.0028	0000.285
+00.5702	+00.0028	0000.286
+00.5723	+00.0031	0000.287
+00.5741	+00.0028	0000.288
+00.5766	+00.0028	0000.289
+00.5784	+00.0028	0000.290
+00.5806	+00.0028	0000.291
+00.5827	+00.0028	0000.292
+00.5848	+00.0034	0000.293
+00.5870	+00.0028	0000.294
+00.5882	+00.0034	0000.295
+00.5906	+00.0028	0000.296
+00.5922	+00.0028	0000.297
+00.5943	+00.0031	0000.298
+00.5964	+00.0028	0000.299
+00.5983	+00.0031	0000.300
+00.6004	+00.0028	0000.301
+00.6025	+00.0034	0000.302
+00.6047	+00.0040	0000.303
+00.6062	+00.0046	0000.304
+00.6089	+00.0043	0000.305
+00.6105	+00.0046	0000.306
+00.6126	+00.0043	0000.307
+00.6144	+00.0043	0000.308
+00.6163	+00.0043	0000.309
+00.6181	+00.0043	0000.310
+00.6205	+00.0049	0000.311
+00.6227	+00.0049	0000.312
+00.6245	+00.0046	0000.313
+00.6260	+00.0049	0000.314
+00.6279	+00.0049	0000.315
+00.6309	+00.0049	0000.316
+00.6321	+00.0055	0000.317
+00.6343	+00.0055	0000.318
+00.6364	+00.0052	0000.319
+00.6382	+00.0052	0000.320
+00.6404	+00.0055	0000.321
+00.6425	+00.0052	0000.322
+00.6443	+00.0058	0000.323
+00.6465	+00.0058	0000.324
+00.6483	+00.0058	0000.325
+00.6504	+00.0058	0000.326
+00.6526	+00.0061	0000.327
+00.6544	+00.0058	0000.328
+00.6565	+00.0055	0000.329
+00.6587	+00.0061	0000.330
+00.6608	+00.0061	0000.331
+00.6627	+00.0061	0000.332
+00.6642	+00.0064	0000.333
+00.6666	+00.0061	0000.334
+00.6681	+00.0061	0000.335
+00.6706	+00.0064	0000.336
+00.6724	+00.0064	0000.337
+00.6749	+00.0064	0000.338
+00.6767	+00.0068	0000.339
+00.6782	+00.0068	0000.340
+00.6804	+00.0061	0000.341
+00.6825	+00.0068	0000.342
+00.6846	+00.0071	0000.343
+00.6865	+00.0068	0000.344
+00.6883	+00.0068	0000.345
+00.6901	+00.0068	0000.346
+00.6923	+00.0077	0000.347
+00.6947	+00.0074	0000.348
+00.6968	+00.0077	0000.349
+00.6987	+00.0080	0000.350
+00.7005	+00.0077	0000.351
+00.7029	+00.0080	0000.352
+00.7045	+00.0080	0000.353
+00.7066	+00.0083	0000.354
+00.7084	+00.0083	0000.355
+00.7106	+00.0089	0000.356
+00.7127	+00.0107	0000.357
+00.7145	+00.0110	0000.358
+00.7170	+00.0119	0000.359
+00.7191	+00.0116	0000.360
+00.7206	+00.0119	0000.361
+00.7225	+00.0125	0000.362
+00.7249	+00.0125	0000.363
+00.7264	+00.0168	0000.364
+00.7286	+00.0257	0000.365
+00.7304	+00.0330	0000.366
+00.7328	+00.0418	0000.367
+00.7350	+00.0483	0000.368
+00.7365	+00.0519	0000.369
+00.7389	+00.0562	0000.370
+00.7402	+00.0599	0000.371
+00.7426	+00.0629	0000.372
+00.7444	+00.1712	0000.373
+00.7469	+00.2661	0000.374
+00.7487	+00.3141	0000.375
+00.7505	+00.3495	0000.376
+00.7527	+00.3894	0000.377
+00.7551	+00.4279	0000.378
+00.7566	+00.4554	0000.379
+00.7588	+00.4786	0000.380
+00.7603	+00.4956	0000.381
+00.7627	+00.5100	0000.382
+00.7646	+00.5222	0000.383
+00.7664	+00.5326	0000.384
+00.7689	+00.5420	0000.385
+00.7707	+00.5494	0000.386
+00.7728	+00.5564	0000.387
+00.7746	+00.5619	0000.388
+00.7771	+00.5664	0000.389
+00.7789	+00.5704	0000.390
+00.7808	+00.5741	0000.391
+00.7823	+00.5771	0000.392
+00.7841	+00.5805	0000.393
+00.7866	+00.5829	0000.394
+00.7887	+00.5854	0000.395
+00.7899	+00.5881	0000.396
+00.7933	+00.5906	0000.397
+00.7945	+00.5930	0000.398
+00.7966	+00.5948	0000.399
+00.7985	+00.5967	0000.400
+00.8006	+00.5991	0000.401
+00.8030	+00.6009	0000.402
+00.8049	+00.6028	0000.403
+00.8064	+00.6046	0000.404
+00.8085	+00.6061	0000.405
+00.8110	+00.6079	0000.406
+00.8128	+00.6098	0000.407
+00.8146	+00.6113	0000.408
+00.8165	+00.6131	0000.409
+00.8192	+00.6144	0000.410
+00.8204	+00.6162	0000.411
+00.8226	+00.6177	0000.412
+00.8247	+00.6189	0000.413
+00.8271	+00.6195	0000.414
+00.8293	+00.6214	0000.415
+00.8305	+00.6229	0000.416
+00.8329	+00.6241	0000.417
+00.8345	+00.6253	0000.418
+00.8372	+00.6260	0000.419
+00.8384	+00.6278	0000.420
+00.8409	+00.6284	0000.421
+00.8427	+00.6296	0000.422
+00.8439	+00.6305	0000.423
+00.8467	+00.6318	0000.424
+00.8482	+00.6324	0000.425
+00.8512	+00.6333	0000.426
+00.8525	+00.6348	0000.427
+00.8549	+00.6354	0000.428
+00.8567	+00.6363	0000.429
+00.8586	+00.6375	0000.430
+00.8607	+00.6385	0000.431
+00.8625	+00.6397	0000.432
+00.8650	+00.6397	0000.433
+00.8665	+00.6415	0000.434
+00.8689	+00.6418	0000.435
+00.8708	+00.6430	0000.436
+00.8726	+00.6440	0000.437
+00.8747	+00.6455	0000.438
+00.8766	+00.6461	0000.439
+00.8787	+00.6467	0000.440
+00.8809	+00.6476	0000.441
+00.8827	+00.6485	0000.442
+00.8851	+00.6491	0000.443
+00.8870	+00.6498	0000.444
+00.8885	+00.6513	0000.445
+00.8909	+00.6516	0000.446
+00.8928	+00.6528	0000.447
+00.8952	+00.6531	0000.448
+00.8970	+00.6537	0000.449
+00.8989	+00.6549	0000.450
+00.9010	+00.6556	0000.451
+00.9031	+00.6568	0000.452
+00.9043	+00.6571	0000.453
+00.9071	+00.6583	0000.454
+00.9086	+00.6592	0000.455
+00.9105	+00.6595	0000.456
+00.9126	+00.6607	0000.457
+00.9147	+00.6617	0000.458
+00.9169	+00.6620	0000.459
+00.9184	+00.6626	0000.460
+00.9208	+00.6638	0000.461
+00.9230	+00.6644	0000.462
+00.9248	+00.6650	0000.463
+00.9269	+00.6659	0000.464
+00.9288	+00.6665	0000.465
+00.9306	+00.6675	0000.466
+00.9330	+00.6687	0000.467
+00.9349	+00.6690	0000.468
+00.9364	+00.6699	0000.469
+00.9391	+00.6708	0000.470
+00.9416	+00.6714	0000.471
+00.9431	+00.6723	0000.472
+00.9452	+00.6736	0000.473
+00.9468	+00.6739	0000.474
+00.9489	+00.6751	0000.475
+00.9507	+00.6760	0000.476
+00.9532	+00.6769	0000.477
+00.9550	+00.6772	0000.478
+00.9568	+00.6797	0000.479
+00.9590	+00.6806	0000.480
+00.9608	+00.6812	0000.481
+00.9636	+00.6821	0000.482
+00.9645	+00.6839	0000.483
+00.9672	+00.6852	0000.484
+00.9684	+00.6873	0000.485
+00.9712	+00.6882	0000.486
+00.9730	+00.6897	0000.487
+00.9755	+00.6925	0000.488
+00.9773	+00.6952	0000.489
+00.9791	+00.6971	0000.490
+00.9813	+00.6977	0000.491
+00.9828	+00.6986	0000.492
+00.9852	+00.6998	0000.493
+00.9871	+00.7004	0000.494
+00.9892	+00.7016	0000.495
+00.9913	+00.7029	0000.496
+00.9929	+00.7038	0000.497
+00.9953	+00.7053	0000.498
+00.9974	+00.7062	0000.499
+00.9990	+00.7068	0000.500
+01.0011	+00.7077	0000.501
+01.0029	+00.7087	0000.502
+01.0048	+00.7096	0000.503
+01.0075	+00.7111	0000.504
+01.0090	+00.7111	0000.505
+01.0112	+00.7120	0000.506
+01.0130	+00.7129	0000.507
+01.0148	+00.7135	0000.508
+01.0167	+00.7141	0000.509
+01.0194	+00.7151	0000.510
+01.0209	+00.7160	0000.511
+01.0234	+00.7160	0000.512
+01.0252	+00.7166	0000.513
+01.0270	+00.7175	0000.514
+01.0292	+00.7184	0000.515
+01.0310	+00.7187	0000.516
+01.0328	+00.7193	0000.517
+01.0353	+00.7199	0000.518
+01.0365	+00.7203	0000.519
+01.0392	+00.7203	0000.520
+01.0411	+00.7209	0000.521
+01.0432	+00.7215	0000.522
+01.0456	+00.7218	0000.523
+01.0472	+00.7221	0000.524
+01.0487	+00.7227	0000.525
+01.0511	+00.7224	0000.526
+01.0536	+00.7233	0000.527
+01.0551	+00.7230	0000.528
+01.0569	+00.7239	0000.529
+01.0600	+00.7236	0000.530
+01.0609	+00.7242	0000.531
+01.0630	+00.7248	0000.532
+01.0646	+00.7248	0000.533
+01.0670	+00.7251	0000.534
+01.0698	+00.7251	0000.535
+01.0707	+00.7254	0000.536
+01.0734	+00.7257	0000.537
+01.0752	+00.7257	0000.538
+01.0771	+00.7260	0000.539
+01.0792	+00.7264	0000.540
+01.0814	+00.7267	0000.541
+01.0832	+00.7267	0000.542
+01.0853	+00.7273	0000.543
+01.0868	+00.7273	0000.544
+01.0887	+00.7279	0000.545
+01.0914	+00.7279	0000.546
+01.0926	+00.7282	0000.547
+01.0957	+00.7279	0000.548
+01.0969	+00.7285	0000.549
+01.0991	+00.7285	0000.550
+01.1009	+00.7288	0000.551
+01.1030	+00.7291	0000.552
+01.1058	+00.7291	0000.553
+01.1070	+00.7294	0000.554
+01.1094	+00.7294	0000.555
+01.1116	+00.7294	0000.556
+01.1134	+00.7297	0000.557
+01.1152	+00.7300	0000.558
+01.1171	+00.7297	0000.559
+01.1195	+00.7306	0000.560
+01.1213	+00.7303	0000.561
+01.1232	+00.7306	0000.562
+01.1253	+00.7309	0000.563
+01.1268	+00.7312	0000.564
+01.1293	+00.7309	0000.565
+01.1314	+00.7312	0000.566
+01.1335	+00.7318	0000.567
+01.1351	+00.7315	0000.568
+01.1369	+00.7318	0000.569
+01.1387	+00.7318	0000.570
+01.1409	+00.7325	0000.571
+01.1436	+00.7325	0000.572
+01.1448	+00.7328	0000.573
+01.1476	+00.7328	0000.574
+01.1494	+00.7325	0000.575
+01.1515	+00.7331	0000.576
+01.1531	+00.7334	0000.577
+01.1555	+00.7334	0000.578
+01.1567	+00.7337	0000.579
+01.1589	+00.7337	0000.580
+01.1607	+00.7340	0000.581
+01.1631	+00.7340	0000.582
+01.1653	+00.7343	0000.583
+01.1671	+00.7346	0000.584
+01.1692	+00.7349	0000.585
+01.1714	+00.7349	0000.586
+01.1732	+00.7352	0000.587
+01.1750	+00.7355	0000.588
+01.1778	+00.7355	0000.589
+01.1790	+00.7358	0000.590
+01.1814	+00.7355	0000.591
+01.1833	+00.7361	0000.592
+01.1851	+00.7361	0000.593
+01.1872	+00.7364	0000.594
+01.1891	+00.7364	0000.595
+01.1912	+00.7364	0000.596
+01.1937	+00.7367	0000.597
+01.1955	+00.7370	0000.598
+01.1970	+00.7370	0000.599
+01.1995	+00.7376	0000.600
+01.2013	+00.7376	0000.601
+01.2034	+00.7376	0000.602
+01.2056	+00.7376	0000.603
+01.2074	+00.7380	0000.604
+01.2092	+00.7376	0000.605
+01.2117	+00.7380	0000.606
+01.2132	+00.7380	0000.607
+01.2150	+00.7380	0000.608
+01.2172	+00.7389	0000.609
+01.2190	+00.7389	0000.610
+01.2220	+00.7389	0000.611
+01.2236	+00.7386	0000.612
+01.2251	+00.7386	0000.613
+01.2272	+00.7389	0000.614
+01.2294	+00.7392	0000.615
+01.2312	+00.7392	0000.616
+01.2333	+00.7395	0000.617
+01.2352	+00.7392	0000.618
+01.2370	+00.7398	0000.619
+01.2397	+00.7404	0000.620
+01.2419	+00.7407	0000.621
+01.2431	+00.7407	0000.622
+01.2452	+00.7410	0000.623
+01.2474	+00.7410	0000.624
+01.2489	+00.7410	0000.625
+01.2510	+00.7410	0000.626
+01.2535	+00.7413	0000.627
+01.2553	+00.7416	0000.628
+01.2574	+00.7419	0000.629
+01.2599	+00.7425	0000.630
+01.2614	+00.7419	0000.631
+01.2632	+00.7422	0000.632
+01.2651	+00.7425	0000.633
+01.2675	+00.7425	0000.634
+01.2693	+00.7425	0000.635
+01.2712	+00.7431	0000.636
+01.2733	+00.7431	0000.637
+01.2751	+00.7434	0000.638
+01.2776	+00.7428	0000.639
+01.2788	+00.7434	0000.640
+01.2812	+00.7434	0000.641
+01.2834	+00.7441	0000.642
+01.2852	+00.7441	0000.643
+01.2870	+00.7434	0000.644
+01.2889	+00.7437	0000.645
+01.2910	+00.7447	0000.646
+01.2938	+00.7441	0000.647
+01.2953	+00.7441	0000.648
+01.2974	+00.7447	0000.649
+01.3002	+00.7447	0000.650
+01.3014	+00.7447	0000.651
+01.3035	+00.7450	0000.652
+01.3057	+00.7450	0000.653
+01.3078	+00.7450	0000.654
+01.3093	+00.7456	0000.655
+01.3108	+00.7453	0000.656
+01.3133	+00.7453	0000.657
+01.3154	+00.7456	0000.658
+01.3173	+00.7453	0000.659
+01.3194	+00.7459	0000.660
+01.3212	+00.7459	0000.661
+01.3237	+00.7459	0000.662
+01.3255	+00.7462	0000.663
+01.3270	+00.7462	0000.664
+01.3295	+00.7468	0000.665
+01.3316	+00.7468	0000.666
+01.3334	+00.7468	0000.667
+01.3353	+00.7468	0000.668
+01.3377	+00.7471	0000.669
+01.3395	+00.7468	0000.670
+01.3417	+00.7471	0000.671
+01.3438	+00.7471	0000.672
+01.3453	+00.7468	0000.673
+01.3472	+00.7474	0000.674
+01.3493	+00.7471	0000.675
+01.3517	+00.7477	0000.676
+01.3536	+00.7474	0000.677
+01.3554	+00.7474	0000.678
+01.3575	+00.7480	0000.679
+01.3594	+00.7477	0000.680
+01.3618	+00.7480	0000.681
+01.3639	+00.7480	0000.682
+01.3655	+00.7483	0000.683
+01.3673	+00.7480	0000.684
+01.3700	+00.7483	0000.685
+01.3716	+00.7483	0000.686
+01.3737	+00.7486	0000.687
+01.3758	+00.7486	0000.688
+01.3777	+00.7486	0000.689
+01.3798	+00.7486	0000.690
+01.3813	+00.7486	0000.691
+01.3838	+00.7489	0000.692
+01.3859	+00.7486	0000.693
+01.3877	+00.7492	0000.694
+01.3899	+00.7492	0000.695
+01.3917	+00.7492	0000.696
+01.3939	+00.7492	0000.697
+01.3954	+00.7492	0000.698
+01.3978	+00.7499	0000.699
+01.3993	+00.7495	0000.700
+01.4018	+00.7499	0000.701
+01.4036	+00.7499	0000.702
+01.4058	+00.7502	0000.703
+01.4073	+00.7499	0000.704
+01.4094	+00.7499	0000.705
+01.4112	+00.7499	0000.706
+01.4131	+00.7499	0000.707
+01.4158	+00.7502	0000.708
+01.4174	+00.7502	0000.709
+01.4195	+00.7499	0000.710
+01.4213	+00.7505	0000.711
+01.4235	+00.7511	0000.712
+01.4256	+00.7505	0000.713
+01.4274	+00.7505	0000.714
+01.4299	+00.7511	0000.715
+01.4317	+00.7508	0000.716
+01.4338	+00.7508	0000.717
+01.4360	+00.7511	0000.718
+01.4378	+00.7511	0000.719
+01.4396	+00.7511	0000.720
+01.4412	+00.7514	0000.721
+01.4433	+00.7511	0000.722
+01.4457	+00.7511	0000.723
+01.4473	+00.7514	0000.724
+01.4497	+00.7514	0000.725
+01.4518	+00.7514	0000.726
+01.4534	+00.7514	0000.727
+01.4555	+00.7517	0000.728
+01.4579	+00.7517	0000.729
+01.4598	+00.7520	0000.730
+01.4616	+00.7523	0000.731
+01.4634	+00.7520	0000.732
+01.4653	+00.7517	0000.733
+01.4674	+00.7523	0000.734
+01.4701	+00.7523	0000.735
+01.4711	+00.7520	0000.736
+01.4735	+00.7523	0000.737
+01.4753	+00.7523	0000.738
+01.4781	+00.7529	0000.739
+01.4793	+00.7526	0000.740
+01.4817	+00.7526	0000.741
+01.4836	+00.7529	0000.742
+01.4854	+00.7526	0000.743
+01.4875	+00.7535	0000.744
+01.4894	+00.7538	0000.745
+01.4915	+00.7535	0000.746
+01.4933	+00.7538	0000.747
+01.4958	+00.7538	0000.748
+01.4976	+00.7541	0000.749
+01.4994	+00.7538	0000.750
+01.5019	+00.7538	0000.751
+01.5037	+00.7532	0000.752
+01.5055	+00.7538	0000.753
+01.5074	+00.7538	0000.754
+01.5101	+00.7544	0000.755
+01.5116	+00.7544	0000.756
+01.5141	+00.7544	0000.757
+01.5156	+00.7547	0000.758
+01.5174	+00.7538	0000.759
+01.5193	+00.7541	0000.760
+01.5217	+00.7547	0000.761
+01.5239	+00.7547	0000.762
+01.5257	+00.7547	0000.763
+01.5278	+00.7547	0000.764
+01.5293	+00.7547	0000.765
+01.5318	+00.7550	0000.766
+01.5333	+00.7550	0000.767
+01.5358	+00.7550	0000.768
+01.5376	+00.7547	0000.769
+01.5400	+00.7553	0000.770
+01.5416	+00.7553	0000.771
+01.5434	+00.7550	0000.772
+01.5455	+00.7553	0000.773
+01.5477	+00.7553	0000.774
+01.5498	+00.7553	0000.775
+01.5516	+00.7553	0000.776
+01.5538	+00.7557	0000.777
+01.5556	+00.7557	0000.778
+01.5580	+00.7553	0000.779
+01.5599	+00.7553	0000.780
+01.5620	+00.7560	0000.781
+01.5638	+00.7557	0000.782
+01.5660	+00.7560	0000.783
+01.5678	+00.7557	0000.784
+01.5702	+00.7557	0000.785
+01.5721	+00.7557	0000.786
+01.5739	+00.7553	0000.787
+01.5760	+00.7560	0000.788
+01.5779	+00.7560	0000.789
+01.5803	+00.7560	0000.790
+01.5818	+00.7560	0000.791
+01.5834	+00.7560	0000.792
+01.5858	+00.7563	0000.793
+01.5873	+00.7560	0000.794
+01.5901	+00.7560	0000.795
+01.5919	+00.7566	0000.796
+01.5940	+00.7563	0000.797
+01.5962	+00.7563	0000.798
+01.5974	+00.7566	0000.799
+01.6002	+00.7563	0000.800
+01.6014	+00.7563	0000.801
+01.6041	+00.7569	0000.802
+01.6053	+00.7569	0000.803
+01.6081	+00.7566	0000.804
+01.6099	+00.7566	0000.805
+01.6121	+00.7566	0000.806
+01.6139	+00.7566	0000.807
+01.6157	+00.7569	0000.808
+01.6182	+00.7566	0000.809
+01.6197	+00.7569	0000.810
+01.6221	+00.7569	0000.811
+01.6233	+00.7569	0000.812
+01.6261	+00.7569	0000.813
+01.6282	+00.7572	0000.814
+01.6301	+00.7572	0000.815
+01.6319	+00.7569	0000.816
+01.6337	+00.7572	0000.817
+01.6362	+00.7572	0000.818
+01.6377	+00.7572	0000.819
+01.6404	+00.7569	0000.820
+01.6417	+00.7569	0000.821
+01.6438	+00.7569	0000.822
+01.6456	+00.7572	0000.823
+01.6481	+00.7572	0000.824
+01.6496	+00.7572	0000.825
+01.6514	+00.7578	0000.826
+01.6542	+00.7569	0000.827
+01.6557	+00.7572	0000.828
+01.6584	+00.7575	0000.829
+01.6603	+00.7572	0000.830
+01.6618	+00.7575	0000.831
+01.6642	+00.7575	0000.832
+01.6658	+00.7578	0000.833
+01.6676	+00.7578	0000.834
+01.6703	+00.7578	0000.835
+01.6716	+00.7578	0000.836
+01.6740	+00.7575	0000.837
+01.6761	+00.7578	0000.838
+01.6780	+00.7578	0000.839
+01.6801	+00.7581	0000.840
+01.6819	+00.7575	0000.841
+01.6838	+00.7578	0000.842
+01.6862	+00.7584	0000.843
+01.6883	+00.7578	0000.844
+01.6905	+00.7578	0000.845
+01.6920	+00.7581	0000.846
+01.6941	+00.7578	0000.847
+01.6960	+00.7581	0000.848
+01.6978	+00.7581	0000.849
+01.6999	+00.7584	0000.850
+01.7024	+00.7584	0000.851
+01.7042	+00.7584	0000.852
+01.7060	+00.7584	0000.853
+01.7085	+00.7584	0000.854
+01.7097	+00.7587	0000.855
+01.7125	+00.7581	0000.856
+01.7140	+00.7581	0000.857
+01.7158	+00.7584	0000.858
+01.7183	+00.7584	0000.859
+01.7204	+00.7584	0000.860
+01.7219	+00.7584	0000.861
+01.7237	+00.7587	0000.862
+01.7262	+00.7584	0000.863
+01.7280	+00.7590	0000.864
+01.7302	+00.7590	0000.865
+01.7323	+00.7590	0000.866
+01.7341	+00.7590	0000.867
+01.7360	+00.7587	0000.868
+01.7384	+00.7584	0000.869
+01.7399	+00.7590	0000.870
+01.7418	+00.7590	0000.871
+01.7442	+00.7590	0000.872
+01.7457	+00.7590	0000.873
+01.7482	+00.7587	0000.874
+01.7497	+00.7596	0000.875
+01.7524	+00.7590	0000.876
+01.7546	+00.7596	0000.877
+01.7558	+00.7593	0000.878
+01.7579	+00.7593	0000.879
+01.7604	+00.7593	0000.880
+01.7619	+00.7590	0000.881
+01.7643	+00.7590	0000.882
+01.7659	+00.7593	0000.883
+01.7686	+00.7593	0000.884
+01.7701	+00.7596	0000.885
+01.7723	+00.7596	0000.886
+01.7738	+00.7590	0000.887
+01.7762	+00.7596	0000.888
+01.7787	+00.7596	0000.889
+01.7799	+00.7596	0000.890
+01.7820	+00.7599	0000.891
+01.7842	+00.7599	0000.892
+01.7863	+00.7593	0000.893
+01.7875	+00.7593	0000.894
+01.7906	+00.7596	0000.895
+01.7930	+00.7602	0000.896
+01.7939	+00.7602	0000.897
+01.7964	+00.7596	0000.898
+01.7979	+00.7596	0000.899
+01.8003	+00.7599	0000.900
+01.8028	+00.7599	0000.901
+01.8043	+00.7596	0000.902
+01.8064	+00.7596	0000.903
+01.8080	+00.7602	0000.904
+01.8104	+00.7599	0000.905
+01.8119	+00.7602	0000.906
+01.8144	+00.7605	0000.907
+01.8162	+00.7599	0000.908
+01.8184	+00.7602	0000.909
+01.8196	+00.7599	0000.910
+01.8217	+00.7599	0000.911
+01.8241	+00.7602	0000.912
+01.8266	+00.7602	0000.913
+01.8284	+00.7605	0000.914
+01.8299	+00.7608	0000.915
+01.8321	+00.7602	0000.916
+01.8339	+00.7605	0000.917
+01.8364	+00.7602	0000.918
+01.8376	+00.7608	0000.919
+01.8400	+00.7605	0000.920
+01.8422	+00.7605	0000.921
+01.8440	+00.7602	0000.922
+01.8467	+00.7605	0000.923
+01.8483	+00.7605	0000.924
+01.8510	+00.7611	0000.925
+01.8519	+00.7608	0000.926
+01.8544	+00.7608	0000.927
+01.8565	+00.7615	0000.928
+01.8586	+00.7608	0000.929
+01.8608	+00.7608	0000.930
+01.8623	+00.7608	0000.931
+01.8644	+00.7611	0000.932
+01.8663	+00.7608	0000.933
+01.8681	+00.7605	0000.934
+01.8699	+00.7608	0000.935
+01.8724	+00.7611	0000.936
+01.8739	+00.7611	0000.937
+01.8763	+00.7611	0000.938
+01.8788	+00.7611	0000.939
+01.8803	+00.7615	0000.940
+01.8824	+00.7615	0000.941
+01.8846	+00.7611	0000.942
+01.8861	+00.7615	0000.943
+01.8882	+00.7611	0000.944
+01.8904	+00.7611	0000.945
+01.8916	+00.7615	0000.946
+01.8940	+00.7618	0000.947
+01.8962	+00.7615	0000.948
+01.8980	+00.7615	0000.949
+01.9001	+00.7618	0000.950
+01.9020	+00.7615	0000.951
+01.9041	+00.7618	0000.952
+01.9059	+00.7615	0000.953
+01.9081	+00.7615	0000.954
+01.9099	+00.7621	0000.955
+01.9127	+00.7618	0000.956
+01.9142	+00.7618	0000.957
+01.9166	+00.7618	0000.958
+01.9181	+00.7615	0000.959
+01.9203	+00.7621	0000.960
+01.9230	+00.7621	0000.961
+01.9239	+00.7618	0000.962
+01.9261	+00.7615	0000.963
+01.9282	+00.7624	0000.964
+01.9300	+00.7618	0000.965
+01.9319	+00.7621	0000.966
+01.9346	+00.7618	0000.967
+01.9361	+00.7621	0000.968
+01.9380	+00.7618	0000.969
+01.9407	+00.7624	0000.970
+01.9423	+00.7621	0000.971
+01.9447	+00.7624	0000.972
+01.9459	+00.7621	0000.973
+01.9487	+00.7624	0000.974
+01.9502	+00.7627	0000.975
+01.9529	+00.7621	0000.976
+01.9545	+00.7621	0000.977
+01.9560	+00.7621	0000.978
+01.9587	+00.7621	0000.979
+01.9603	+00.7624	0000.980
+01.9624	+00.7624	0000.981
+01.9645	+00.7624	0000.982
+01.9661	+00.7624	0000.983
+01.9685	+00.7627	0000.984
+01.9700	+00.7627	0000.985
+01.9728	+00.7627	0000.986
+01.9743	+00.7624	0000.987
+01.9767	+00.7624	0000.988
+01.9783	+00.7624	0000.989
+01.9807	+00.7627	0000.990
+01.9822	+00.7630	0000.991
+01.9850	+00.7627	0000.992
+01.9865	+00.7630	0000.993
+01.9886	+00.7627	0000.994
+01.9902	+00.7627	0000.995
+01.9923	+00.7633	0000.996
+01.9947	+00.7627	0000.997
+01.9963	+00.7630	0000.998
+01.9987	+00.7636	0000.999
+02.0002	+00.7633	0001.000
+02.0030	+00.7630	0001.001
+02.0042	+00.7627	0001.002
+02.0060	+00.7630	0001.003
+02.0085	+00.7633	0001.004
+02.0103	+00.7630	0001.005
+02.0127	+00.7630	0001.006
+02.0143	+00.7633	0001.007
+02.0164	+00.7636	0001.008
+02.0182	+00.7633	0001.009
+02.0204	+00.7633	0001.010
+02.0222	+00.7633	0001.011
+02.0246	+00.7633	0001.012
+02.0265	+00.7633	0001.013
+02.0289	+00.7633	0001.014
+02.0304	+00.7636	0001.015
+02.0320	+00.7633	0001.016
+02.0341	+00.7636	0001.017
+02.0359	+00.7633	0001.018
+02.0384	+00.7636	0001.019
+02.0402	+00.7636	0001.020
+02.0420	+00.7636	0001.021
+02.0442	+00.7639	0001.022
+02.0466	+00.7642	0001.023
+02.0488	+00.7633	0001.024
+02.0506	+00.7639	0001.025
+02.0524	+00.7639	0001.026
+02.0539	+00.7636	0001.027
+02.0567	+00.7633	0001.028
+02.0576	+00.7642	0001.029
+02.0604	+00.7636	0001.030
+02.0625	+00.7639	0001.031
+02.0643	+00.7639	0001.032
+02.0668	+00.7642	0001.033
+02.0686	+00.7642	0001.034
+02.0707	+00.7639	0001.035
+02.0723	+00.7642	0001.036
+02.0747	+00.7639	0001.037
+02.0762	+00.7639	0001.038
+02.0778	+00.7639	0001.039
+02.0799	+00.7642	0001.040
+02.0823	+00.7645	0001.041
+02.0845	+00.7639	0001.042
+02.0863	+00.7642	0001.043
+02.0881	+00.7645	0001.044
+02.0903	+00.7645	0001.045
+02.0930	+00.7645	0001.046
+02.0942	+00.7645	0001.047
+02.0964	+00.7642	0001.048
+02.0979	+00.7645	0001.049
+02.1000	+00.7651	0001.050
+02.1028	+00.7648	0001.051
+02.1043	+00.7645	0001.052
+02.1067	+00.7645	0001.053
+02.1086	+00.7648	0001.054
+02.1104	+00.7645	0001.055
+02.1125	+00.7645	0001.056
+02.1147	+00.7648	0001.057
+02.1159	+00.7645	0001.058
+02.1189	+00.7648	0001.059
+02.1205	+00.7645	0001.060
+02.1223	+00.7645	0001.061
+02.1247	+00.7645	0001.062
+02.1266	+00.7651	0001.063
+02.1284	+00.7651	0001.064
+02.1299	+00.7645	0001.065
+02.1324	+00.7648	0001.066
+02.1345	+00.7648	0001.067
+02.1366	+00.7648	0001.068
+02.1382	+00.7648	0001.069
+02.1409	+00.7651	0001.070
+02.1428	+00.7645	0001.071
+02.1443	+00.7648	0001.072
+02.1467	+00.7651	0001.073
+02.1486	+00.7648	0001.074
+02.1501	+00.7651	0001.075
+02.1525	+00.7651	0001.076
+02.1547	+00.7654	0001.077
+02.1562	+00.7651	0001.078
+02.1586	+00.7654	0001.079
+02.1608	+00.7651	0001.080
+02.1629	+00.7654	0001.081
+02.1647	+00.7654	0001.082
+02.1666	+00.7654	0001.083
+02.1690	+00.7654	0001.084
+02.1702	+00.7651	0001.085
+02.1720	+00.7654	0001.086
+02.1748	+00.7651	0001.087
+02.1766	+00.7657	0001.088
+02.1788	+00.7657	0001.089
+02.1803	+00.7654	0001.090
+02.1827	+00.7654	0001.091
+02.1849	+00.7657	0001.092
+02.1876	+00.7654	0001.093
+02.1888	+00.7660	0001.094
+02.1907	+00.7654	0001.095
+02.1922	+00.7657	0001.096
+02.1946	+00.7657	0001.097
+02.1971	+00.7654	0001.098
+02.1989	+00.7660	0001.099
+02.2007	+00.7657	0001.100
+02.2026	+00.7660	0001.101
+02.2044	+00.7657	0001.102
+02.2065	+00.7657	0001.103
+02.2090	+00.7660	0001.104
+02.2102	+00.7660	0001.105
+02.2123	+00.7660	0001.106
+02.2145	+00.7663	0001.107
+02.2166	+00.7663	0001.108
+02.2187	+00.7660	0001.109
+02.2209	+00.7657	0001.110
+02.2221	+00.7660	0001.111
+02.2248	+00.7660	0001.112
+02.2267	+00.7663	0001.113
+02.2285	+00.7663	0001.114
+02.2306	+00.7666	0001.115
+02.2325	+00.7663	0001.116
+02.2349	+00.7657	0001.117
+02.2364	+00.7663	0001.118
+02.2389	+00.7657	0001.119
+02.2407	+00.7666	0001.120
+02.2425	+00.7666	0001.121
+02.2441	+00.7663	0001.122
+02.2471	+00.7666	0001.123
+02.2490	+00.7663	0001.124
+02.2502	+00.7663	0001.125
+02.2523	+00.7669	0001.126
+02.2544	+00.7663	0001.127
+02.2569	+00.7663	0001.128
+02.2584	+00.7663	0001.129
+02.2615	+00.7663	0001.130
+02.2624	+00.7663	0001.131
+02.2648	+00.7666	0001.132
+02.2670	+00.7666	0001.133
+02.2688	+00.7669	0001.134
+02.2709	+00.7663	0001.135
+02.2731	+00.7669	0001.136
+02.2749	+00.7669	0001.137
+02.2770	+00.7669	0001.138
+02.2783	+00.7669	0001.139
+02.2810	+00.7672	0001.140
+02.2828	+00.7669	0001.141
+02.2850	+00.7669	0001.142
+02.2865	+00.7669	0001.143
+02.2886	+00.7669	0001.144
+02.2908	+00.7672	0001.145
+02.2926	+00.7672	0001.146
+02.2950	+00.7672	0001.147
+02.2969	+00.7672	0001.148
+02.2993	+00.7672	0001.149
+02.3008	+00.7672	0001.150
+02.3024	+00.7676	0001.151
+02.3048	+00.7672	0001.152
+02.3069	+00.7672	0001.153
+02.3085	+00.7676	0001.154
+02.3109	+00.7676	0001.155
+02.3133	+00.7672	0001.156
+02.3149	+00.7676	0001.157
+02.3173	+00.7672	0001.158
+02.3188	+00.7672	0001.159
+02.3207	+00.7676	0001.160
+02.3225	+00.7676	0001.161
+02.3246	+00.7676	0001.162
+02.3268	+00.7676	0001.163
+02.3289	+00.7679	0001.164
+02.3307	+00.7676	0001.165
+02.3326	+00.7679	0001.166
+02.3350	+00.7676	0001.167
+02.3362	+00.7679	0001.168
+02.3390	+00.7679	0001.169
+02.3417	+00.7676	0001.170
+02.3429	+00.7682	0001.171
+02.3448	+00.7679	0001.172
+02.3466	+00.7676	0001.173
+02.3491	+00.7685	0001.174
+02.3506	+00.7679	0001.175
+02.3527	+00.7676	0001.176
+02.3549	+00.7676	0001.177
+02.3573	+00.7682	0001.178
+02.3585	+00.7682	0001.179
+02.3606	+00.7679	0001.180
+02.3625	+00.7679	0001.181
+02.3649	+00.7676	0001.182
+02.3668	+00.7682	0001.183
+02.3695	+00.7685	0001.184
+02.3713	+00.7685	0001.185
+02.3729	+00.7679	0001.186
+02.3741	+00.7676	0001.187
+02.3768	+00.7685	0001.188
+02.3790	+00.7682	0001.189
+02.3805	+00.7682	0001.190
+02.3829	+00.7685	0001.191
+02.3851	+00.7682	0001.192
+02.3866	+00.7688	0001.193
+02.3893	+00.7685	0001.194
+02.3912	+00.7688	0001.195
+02.3933	+00.7685	0001.196
+02.3945	+00.7688	0001.197
+02.3970	+00.7685	0001.198
+02.3985	+00.7685	0001.199
+02.4009	+00.7682	0001.200
+02.4028	+00.7688	0001.201
+02.4052	+00.7682	0001.202
+02.4070	+00.7691	0001.203
+02.4089	+00.7685	0001.204
+02.4113	+00.7688	0001.205
+02.4128	+00.7685	0001.206
+02.4156	+00.7682	0001.207
+02.4165	+00.7691	0001.208
+02.4186	+00.7688	0001.209
+02.4205	+00.7691	0001.210
+02.4229	+00.7691	0001.211
+02.4253	+00.7688	0001.212
+02.4269	+00.7691	0001.213
+02.4290	+00.7688	0001.214
+02.4308	+00.7691	0001.215
+02.4333	+00.7688	0001.216
+02.4342	+00.7691	0001.217
+02.4369	+00.7688	0001.218
+02.4391	+00.7694	0001.219
+02.4412	+00.7688	0001.220
+02.4430	+00.7691	0001.221
+02.4449	+00.7688	0001.222
+02.4467	+00.7691	0001.223
+02.4491	+00.7691	0001.224
+02.4504	+00.7694	0001.225
+02.4522	+00.7691	0001.226
+02.4549	+00.7694	0001.227
+02.4565	+00.7694	0001.228
+02.4592	+00.7691	0001.229
+02.4607	+00.7694	0001.230
+02.4626	+00.7694	0001.231
+02.4650	+00.7697	0001.232
+02.4668	+00.7691	0001.233
+02.4690	+00.7694	0001.234
+02.4711	+00.7694	0001.235
+02.4736	+00.7697	0001.236
+02.4751	+00.7694	0001.237
+02.4769	+00.7694	0001.238
+02.4794	+00.7697	0001.239
+02.4809	+00.7694	0001.240
+02.4830	+00.7691	0001.241
+02.4849	+00.7700	0001.242
+02.4873	+00.7697	0001.243
+02.4894	+00.7697	0001.244
+02.4907	+00.7694	0001.245
+02.4931	+00.7700	0001.246
+02.4946	+00.7700	0001.247
+02.4971	+00.7700	0001.248
+02.4992	+00.7700	0001.249
+02.5013	+00.7697	0001.250
+02.5032	+00.7700	0001.251
+02.5053	+00.7700	0001.252
+02.5065	+00.7703	0001.253
+02.5090	+00.7700	0001.254
+02.5108	+00.7700	0001.255
+02.5129	+00.7703	0001.256
+02.5148	+00.7700	0001.257
+02.5178	+00.7703	0001.258
+02.5187	+00.7700	0001.259
+02.5206	+00.7703	0001.260
+02.5233	+00.7703	0001.261
+02.5254	+00.7700	0001.262
+02.5279	+00.7700	0001.263
+02.5291	+00.7703	0001.264
+02.5315	+00.7700	0001.265
+02.5328	+00.7700	0001.266
+02.5349	+00.7703	0001.267
+02.5370	+00.7700	0001.268
+02.5389	+00.7703	0001.269
+02.5407	+00.7703	0001.270
+02.5428	+00.7706	0001.271
+02.5453	+00.7703	0001.272
+02.5474	+00.7703	0001.273
+02.5492	+00.7706	0001.274
+02.5511	+00.7703	0001.275
+02.5532	+00.7706	0001.276
+02.5547	+00.7703	0001.277
+02.5569	+00.7703	0001.278
+02.5593	+00.7706	0001.279
+02.5602	+00.7706	0001.280
+02.5633	+00.7706	0001.281
+02.5651	+00.7706	0001.282
+02.5676	+00.7709	0001.283
+02.5691	+00.7709	0001.284
+02.5718	+00.7709	0001.285
+02.5737	+00.7706	0001.286
+02.5755	+00.7706	0001.287
+02.5773	+00.7706	0001.288
+02.5788	+00.7706	0001.289
+02.5813	+00.7709	0001.290
+02.5828	+00.7709	0001.291
+02.5850	+00.7709	0001.292
+02.5871	+00.7706	0001.293
+02.5898	+00.7712	0001.294
+02.5917	+00.7709	0001.295
+02.5929	+00.7712	0001.296
+02.5953	+00.7709	0001.297
+02.5975	+00.7709	0001.298
+02.5996	+00.7712	0001.299
+02.6011	+00.7712	0001.300
+02.6030	+00.7712	0001.301
+02.6054	+00.7712	0001.302
+02.6075	+00.7712	0001.303
+02.6091	+00.7715	0001.304
+02.6103	+00.7712	0001.305
+02.6136	+00.7712	0001.306
+02.6152	+00.7712	0001.307
+02.6170	+00.7712	0001.308
+02.6188	+00.7718	0001.309
+02.6210	+00.7715	0001.310
+02.6228	+00.7715	0001.311
+02.6249	+00.7715	0001.312
+02.6271	+00.7715	0001.313
+02.6295	+00.7715	0001.314
+02.6316	+00.7718	0001.315
+02.6329	+00.7718	0001.316
+02.6353	+00.7718	0001.317
+02.6371	+00.7721	0001.318
+02.6390	+00.7712	0001.319
+02.6414	+00.7721	0001.320
+02.6435	+00.7718	0001.321
+02.6451	+00.7718	0001.322
+02.6472	+00.7718	0001.323
+02.6503	+00.7721	0001.324
+02.6515	+00.7718	0001.325
+02.6539	+00.7718	0001.326
+02.6551	+00.7718	0001.327
+02.6570	+00.7718	0001.328
+02.6594	+00.7724	0001.329
+02.6612	+00.7721	0001.330
+02.6631	+00.7718	0001.331
+02.6652	+00.7718	0001.332
+02.6674	+00.7721	0001.333
+02.6695	+00.7718	0001.334
+02.6710	+00.7721	0001.335
+02.6731	+00.7724	0001.336
+02.6750	+00.7721	0001.337
+02.6771	+00.7721	0001.338
+02.6789	+00.7721	0001.339
+02.6811	+00.7718	0001.340
+02.6829	+00.7724	0001.341
+02.6857	+00.7724	0001.342
+02.6875	+00.7724	0001.343
+02.6884	+00.7721	0001.344
+02.6912	+00.7721	0001.345
+02.6930	+00.7724	0001.346
+02.6954	+00.7724	0001.347
+02.6976	+00.7724	0001.348
+02.6994	+00.7724	0001.349
+02.7018	+00.7727	0001.350
+02.7031	+00.7721	0001.351
+02.7049	+00.7724	0001.352
+02.7076	+00.7727	0001.353
+02.7095	+00.7724	0001.354
+02.7116	+00.7727	0001.355
+02.7134	+00.7727	0001.356
+02.7153	+00.7724	0001.357
+02.7177	+00.7727	0001.358
+02.7192	+00.7724	0001.359
+02.7208	+00.7727	0001.360
+02.7235	+00.7727	0001.361
+02.7253	+00.7724	0001.362
+02.7275	+00.7730	0001.363
+02.7290	+00.7727	0001.364
+02.7314	+00.7730	0001.365
+02.7330	+00.7727	0001.366
+02.7351	+00.7730	0001.367
+02.7369	+00.7727	0001.368
+02.7394	+00.7730	0001.369
+02.7418	+00.7730	0001.370
+02.7436	+00.7734	0001.371
+02.7455	+00.7730	0001.372
+02.7473	+00.7734	0001.373
+02.7494	+00.7727	0001.374
+02.7516	+00.7734	0001.375
+02.7537	+00.7730	0001.376
+02.7552	+00.7730	0001.377
+02.7571	+00.7734	0001.378
+02.7592	+00.7730	0001.379
+02.7613	+00.7730	0001.380
+02.7632	+00.7730	0001.381
+02.7656	+00.7737	0001.382
+02.7678	+00.7734	0001.383
+02.7696	+00.7734	0001.384
+02.7714	+00.7734	0001.385
+02.7736	+00.7730	0001.386
+02.7751	+00.7734	0001.387
+02.7775	+00.7734	0001.388
+02.7793	+00.7730	0001.389
+02.7815	+00.7737	0001.390
+02.7833	+00.7740	0001.391
+02.7851	+00.7737	0001.392
+02.7876	+00.7734	0001.393
+02.7894	+00.7737	0001.394
+02.7919	+00.7740	0001.395
+02.7934	+00.7737	0001.396
+02.7958	+00.7737	0001.397
+02.7977	+00.7737	0001.398
+02.7992	+00.7740	0001.399
+02.8013	+00.7737	0001.400
+02.8032	+00.7734	0001.401
+02.8053	+00.7737	0001.402
+02.8071	+00.7743	0001.403
+02.8099	+00.7740	0001.404
+02.8114	+00.7740	0001.405
+02.8138	+00.7737	0001.406
+02.8151	+00.7740	0001.407
+02.8178	+00.7737	0001.408
+02.8199	+00.7743	0001.409
+02.8218	+00.7740	0001.410
+02.8236	+00.7740	0001.411
+02.8257	+00.7737	0001.412
+02.8273	+00.7737	0001.413
+02.8291	+00.7743	0001.414
+02.8315	+00.7746	0001.415
+02.8337	+00.7743	0001.416
+02.8358	+00.7743	0001.417
+02.8386	+00.7740	0001.418
+02.8401	+00.7743	0001.419
+02.8422	+00.7740	0001.420
+02.8434	+00.7743	0001.421
+02.8456	+00.7740	0001.422
+02.8477	+00.7743	0001.423
+02.8498	+00.7743	0001.424
+02.8520	+00.7749	0001.425
+02.8538	+00.7746	0001.426
+02.8553	+00.7743	0001.427
+02.8569	+00.7746	0001.428
+02.8593	+00.7743	0001.429
+02.8614	+00.7746	0001.430
+02.8642	+00.7746	0001.431
+02.8663	+00.7746	0001.432
+02.8679	+00.7746	0001.433
+02.8694	+00.7743	0001.434
+02.8715	+00.7746	0001.435
+02.8740	+00.7743	0001.436
+02.8752	+00.7746	0001.437
+02.8782	+00.7746	0001.438
+02.8798	+00.7746	0001.439
+02.8819	+00.7749	0001.440
+02.8834	+00.7749	0001.441
+02.8859	+00.7746	0001.442
+02.8877	+00.7752	0001.443
+02.8898	+00.7743	0001.444
+02.8917	+00.7752	0001.445
+02.8935	+00.7746	0001.446
+02.8953	+00.7749	0001.447
+02.8975	+00.7749	0001.448
+02.8996	+00.7749	0001.449
+02.9017	+00.7752	0001.450
+02.9036	+00.7752	0001.451
+02.9057	+00.7752	0001.452
+02.9081	+00.7749	0001.453
+02.9100	+00.7752	0001.454
+02.9121	+00.7752	0001.455
+02.9142	+00.7752	0001.456
+02.9161	+00.7752	0001.457
+02.9179	+00.7749	0001.458
+02.9194	+00.7752	0001.459
+02.9222	+00.7749	0001.460
+02.9234	+00.7752	0001.461
+02.9258	+00.7752	0001.462
+02.9274	+00.7752	0001.463
+02.9301	+00.7752	0001.464
+02.9329	+00.7755	0001.465
+02.9344	+00.7755	0001.466
+02.9362	+00.7752	0001.467
+02.9374	+00.7749	0001.468
+02.9402	+00.7752	0001.469
+02.9417	+00.7758	0001.470
+02.9441	+00.7752	0001.471
+02.9457	+00.7752	0001.472
+02.9478	+00.7752	0001.473
+02.9493	+00.7758	0001.474
+02.9521	+00.7752	0001.475
+02.9539	+00.7758	0001.476
+02.9557	+00.7755	0001.477
+02.9579	+00.7758	0001.478
+02.9600	+00.7755	0001.479
+02.9618	+00.7755	0001.480
+02.9640	+00.7758	0001.481
+02.9655	+00.7758	0001.482
+02.9679	+00.7761	0001.483
+02.9701	+00.7758	0001.484
+02.9719	+00.7758	0001.485
+02.9734	+00.7755	0001.486
+02.9762	+00.7761	0001.487
+02.9777	+00.7761	0001.488
+02.9802	+00.7758	0001.489
+02.9817	+00.7761	0001.490
+02.9844	+00.7758	0001.491
+02.9856	+00.7761	0001.492
+02.9869	+00.7758	0001.493
+02.9896	+00.7761	0001.494
+02.9924	+00.7767	0001.495
+02.9936	+00.7758	0001.496
+02.9951	+00.7761	0001.497
+02.9976	+00.7761	0001.498
+02.9997	+00.7761	0001.499
+03.0015	+00.7764	0001.500
+03.0037	+00.7761	0001.501
+03.0027	+00.7764	0001.502
+03.0006	+00.7764	0001.503
+02.9985	+00.7764	0001.504
+02.9966	+00.7764	0001.505
+02.9939	+00.7761	0001.506
+02.9930	+00.7764	0001.507
+02.9899	+00.7764	0001.508
+02.9884	+00.7764	0001.509
+02.9860	+00.7764	0001.510
+02.9844	+00.7764	0001.511
+02.9820	+00.7764	0001.512
+02.9802	+00.7761	0001.513
+02.9780	+00.7755	0001.514
+02.9765	+00.7767	0001.515
+02.9737	+00.7767	0001.516
+02.9725	+00.7764	0001.517
+02.9710	+00.7764	0001.518
+02.9686	+00.7764	0001.519
+02.9661	+00.7758	0001.520
+02.9640	+00.7764	0001.521
+02.9618	+00.7767	0001.522
+02.9603	+00.7767	0001.523
+02.9579	+00.7764	0001.524
+02.9560	+00.7761	0001.525
+02.9542	+00.7764	0001.526
+02.9521	+00.7758	0001.527
+02.9499	+00.7761	0001.528
+02.9478	+00.7764	0001.529
+02.9460	+00.7764	0001.530
+02.9441	+00.7761	0001.531
+02.9420	+00.7767	0001.532
+02.9402	+00.7764	0001.533
+02.9377	+00.7758	0001.534
+02.9362	+00.7764	0001.535
+02.9341	+00.7764	0001.536
+02.9329	+00.7764	0001.537
+02.9304	+00.7764	0001.538
+02.9286	+00.7767	0001.539
+02.9258	+00.7764	0001.540
+02.9246	+00.7764	0001.541
+02.9228	+00.7767	0001.542
+02.9194	+00.7767	0001.543
+02.9182	+00.7761	0001.544
+02.9161	+00.7761	0001.545
+02.9142	+00.7764	0001.546
+02.9118	+00.7761	0001.547
+02.9094	+00.7764	0001.548
+02.9084	+00.7764	0001.549
+02.9057	+00.7764	0001.550
+02.9042	+00.7764	0001.551
+02.9020	+00.7764	0001.552
+02.9005	+00.7761	0001.553
+02.8978	+00.7764	0001.554
+02.8965	+00.7761	0001.555
+02.8941	+00.7764	0001.556
+02.8926	+00.7767	0001.557
+02.8898	+00.7764	0001.558
+02.8880	+00.7764	0001.559
+02.8865	+00.7761	0001.560
+02.8837	+00.7764	0001.561
+02.8825	+00.7761	0001.562
+02.8801	+00.7764	0001.563
+02.8779	+00.7761	0001.564
+02.8767	+00.7764	0001.565
+02.8740	+00.7764	0001.566
+02.8718	+00.7764	0001.567
+02.8700	+00.7761	0001.568
+02.8679	+00.7767	0001.569
+02.8663	+00.7770	0001.570
+02.8645	+00.7767	0001.571
+02.8621	+00.7764	0001.572
+02.8602	+00.7764	0001.573
+02.8578	+00.7767	0001.574
+02.8559	+00.7761	0001.575
+02.8538	+00.7761	0001.576
+02.8514	+00.7764	0001.577
+02.8505	+00.7764	0001.578
+02.8486	+00.7764	0001.579
+02.8456	+00.7764	0001.580
+02.8437	+00.7761	0001.581
+02.8425	+00.7761	0001.582
+02.8401	+00.7764	0001.583
+02.8379	+00.7761	0001.584
+02.8361	+00.7761	0001.585
+02.8340	+00.7764	0001.586
+02.8328	+00.7764	0001.587
+02.8300	+00.7761	0001.588
+02.8279	+00.7764	0001.589
+02.8257	+00.7761	0001.590
+02.8242	+00.7764	0001.591
+02.8218	+00.7764	0001.592
+02.8199	+00.7764	0001.593
+02.8178	+00.7761	0001.594
+02.8160	+00.7761	0001.595
+02.8138	+00.7764	0001.596
+02.8117	+00.7761	0001.597
+02.8102	+00.7764	0001.598
+02.8080	+00.7761	0001.599
+02.8056	+00.7761	0001.600
+02.8032	+00.7764	0001.601
+02.8013	+00.7761	0001.602
+02.7995	+00.7764	0001.603
+02.7983	+00.7761	0001.604
+02.7955	+00.7764	0001.605
+02.7943	+00.7767	0001.606
+02.7919	+00.7761	0001.607
+02.7897	+00.7764	0001.608
+02.7876	+00.7764	0001.609
+02.7861	+00.7764	0001.610
+02.7839	+00.7761	0001.611
+02.7821	+00.7761	0001.612
+02.7797	+00.7764	0001.613
+02.7781	+00.7761	0001.614
+02.7754	+00.7764	0001.615
+02.7732	+00.7764	0001.616
+02.7720	+00.7761	0001.617
+02.7696	+00.7764	0001.618
+02.7678	+00.7758	0001.619
+02.7653	+00.7761	0001.620
+02.7641	+00.7764	0001.621
+02.7616	+00.7761	0001.622
+02.7595	+00.7761	0001.623
+02.7577	+00.7764	0001.624
+02.7562	+00.7755	0001.625
+02.7537	+00.7761	0001.626
+02.7516	+00.7761	0001.627
+02.7494	+00.7761	0001.628
+02.7476	+00.7761	0001.629
+02.7458	+00.7767	0001.630
+02.7439	+00.7758	0001.631
+02.7418	+00.7764	0001.632
+02.7397	+00.7764	0001.633
+02.7378	+00.7758	0001.634
+02.7354	+00.7761	0001.635
+02.7342	+00.7755	0001.636
+02.7317	+00.7761	0001.637
+02.7296	+00.7761	0001.638
+02.7275	+00.7758	0001.639
+02.7256	+00.7764	0001.640
+02.7241	+00.7767	0001.641
+02.7217	+00.7758	0001.642
+02.7198	+00.7761	0001.643
+02.7174	+00.7758	0001.644
+02.7159	+00.7758	0001.645
+02.7137	+00.7764	0001.646
+02.7122	+00.7761	0001.647
+02.7092	+00.7761	0001.648
+02.7079	+00.7755	0001.649
+02.7058	+00.7758	0001.650
+02.7037	+00.7758	0001.651
+02.7015	+00.7761	0001.652
+02.6997	+00.7764	0001.653
+02.6979	+00.7761	0001.654
+02.6957	+00.7761	0001.655
+02.6939	+00.7761	0001.656
+02.6915	+00.7755	0001.657
+02.6896	+00.7758	0001.658
+02.6875	+00.7764	0001.659
+02.6854	+00.7758	0001.660
+02.6835	+00.7758	0001.661
+02.6817	+00.7761	0001.662
+02.6793	+00.7764	0001.663
+02.6777	+00.7761	0001.664
+02.6756	+00.7758	0001.665
+02.6735	+00.7758	0001.666
+02.6719	+00.7764	0001.667
+02.6698	+00.7761	0001.668
+02.6683	+00.7758	0001.669
+02.6655	+00.7761	0001.670
+02.6634	+00.7758	0001.671
+02.6616	+00.7758	0001.672
+02.6591	+00.7758	0001.673
+02.6576	+00.7758	0001.674
+02.6554	+00.7758	0001.675
+02.6539	+00.7761	0001.676
+02.6515	+00.7761	0001.677
+02.6500	+00.7758	0001.678
+02.6475	+00.7758	0001.679
+02.6457	+00.7758	0001.680
+02.6439	+00.7761	0001.681
+02.6414	+00.7761	0001.682
+02.6396	+00.7761	0001.683
+02.6371	+00.7758	0001.684
+02.6359	+00.7755	0001.685
+02.6335	+00.7758	0001.686
+02.6319	+00.7761	0001.687
+02.6295	+00.7761	0001.688
+02.6277	+00.7758	0001.689
+02.6262	+00.7755	0001.690
+02.6240	+00.7761	0001.691
+02.6219	+00.7758	0001.692
+02.6197	+00.7755	0001.693
+02.6179	+00.7755	0001.694
+02.6158	+00.7758	0001.695
+02.6136	+00.7758	0001.696
+02.6109	+00.7755	0001.697
+02.6091	+00.7755	0001.698
+02.6078	+00.7755	0001.699
+02.6051	+00.7755	0001.700
+02.6033	+00.7758	0001.701
+02.6017	+00.7755	0001.702
+02.5999	+00.7758	0001.703
+02.5978	+00.7758	0001.704
+02.5956	+00.7752	0001.705
+02.5932	+00.7758	0001.706
+02.5917	+00.7761	0001.707
+02.5895	+00.7758	0001.708
+02.5871	+00.7755	0001.709
+02.5856	+00.7752	0001.710
+02.5834	+00.7758	0001.711
+02.5819	+00.7755	0001.712
+02.5798	+00.7758	0001.713
+02.5776	+00.7761	0001.714
+02.5746	+00.7761	0001.715
+02.5737	+00.7758	0001.716
+02.5715	+00.7758	0001.717
+02.5694	+00.7749	0001.718
+02.5676	+00.7761	0001.719
+02.5648	+00.7755	0001.720
+02.5633	+00.7758	0001.721
+02.5615	+00.7755	0001.722
+02.5590	+00.7752	0001.723
+02.5572	+00.7755	0001.724
+02.5557	+00.7755	0001.725
+02.5532	+00.7755	0001.726
+02.5514	+00.7755	0001.727
+02.5496	+00.7755	0001.728
+02.5477	+00.7758	0001.729
+02.5459	+00.7755	0001.730
+02.5431	+00.7758	0001.731
+02.5419	+00.7755	0001.732
+02.5395	+00.7755	0001.733
+02.5373	+00.7755	0001.734
+02.5352	+00.7752	0001.735
+02.5337	+00.7758	0001.736
+02.5312	+00.7758	0001.737
+02.5291	+00.7752	0001.738
+02.5279	+00.7755	0001.739
+02.5245	+00.7755	0001.740
+02.5236	+00.7755	0001.741
+02.5212	+00.7755	0001.742
+02.5193	+00.7755	0001.743
+02.5172	+00.7755	0001.744
+02.5157	+00.7755	0001.745
+02.5129	+00.7755	0001.746
+02.5114	+00.7755	0001.747
+02.5093	+00.7758	0001.748
+02.5074	+00.7755	0001.749
+02.5056	+00.7755	0001.750
+02.5035	+00.7752	0001.751
+02.5016	+00.7752	0001.752
+02.4989	+00.7755	0001.753
+02.4974	+00.7758	0001.754
+02.4955	+00.7749	0001.755
+02.4934	+00.7749	0001.756
+02.4913	+00.7755	0001.757
+02.4894	+00.7755	0001.758
+02.4873	+00.7755	0001.759
+02.4852	+00.7755	0001.760
+02.4833	+00.7755	0001.761
+02.4815	+00.7755	0001.762
+02.4794	+00.7755	0001.763
+02.4775	+00.7752	0001.764
+02.4757	+00.7755	0001.765
+02.4730	+00.7755	0001.766
+02.4711	+00.7755	0001.767
+02.4693	+00.7752	0001.768
+02.4672	+00.7752	0001.769
+02.4650	+00.7749	0001.770
+02.4635	+00.7752	0001.771
+02.4617	+00.7755	0001.772
+02.4589	+00.7749	0001.773
+02.4568	+00.7755	0001.774
+02.4556	+00.7752	0001.775
+02.4528	+00.7752	0001.776
+02.4516	+00.7749	0001.777
+02.4491	+00.7749	0001.778
+02.4473	+00.7749	0001.779
+02.4455	+00.7755	0001.780
+02.4434	+00.7752	0001.781
+02.4415	+00.7752	0001.782
+02.4391	+00.7749	0001.783
+02.4376	+00.7752	0001.784
+02.4354	+00.7755	0001.785
+02.4330	+00.7749	0001.786
+02.4308	+00.7749	0001.787
+02.4290	+00.7752	0001.788
+02.4272	+00.7746	0001.789
+02.4250	+00.7737	0001.790
+02.4229	+00.7749	0001.791
+02.4211	+00.7752	0001.792
+02.4195	+00.7749	0001.793
+02.4171	+00.7749	0001.794
+02.4156	+00.7752	0001.795
+02.4128	+00.7752	0001.796
+02.4110	+00.7749	0001.797
+02.4086	+00.7752	0001.798
+02.4070	+00.7749	0001.799
+02.4049	+00.7749	0001.800
+02.4037	+00.7752	0001.801
+02.4012	+00.7749	0001.802
+02.3991	+00.7749	0001.803
+02.3976	+00.7752	0001.804
+02.3945	+00.7752	0001.805
+02.3939	+00.7749	0001.806
+02.3912	+00.7749	0001.807
+02.3890	+00.7752	0001.808
+02.3875	+00.7746	0001.809
+02.3857	+00.7749	0001.810
+02.3835	+00.7749	0001.811
+02.3811	+00.7752	0001.812
+02.3793	+00.7749	0001.813
+02.3771	+00.7755	0001.814
+02.3756	+00.7749	0001.815
+02.3729	+00.7752	0001.816
+02.3710	+00.7749	0001.817
+02.3689	+00.7749	0001.818
+02.3674	+00.7749	0001.819
+02.3646	+00.7752	0001.820
+02.3631	+00.7749	0001.821
+02.3613	+00.7749	0001.822
+02.3588	+00.7752	0001.823
+02.3573	+00.7752	0001.824
+02.3552	+00.7752	0001.825
+02.3530	+00.7749	0001.826
+02.3509	+00.7755	0001.827
+02.3491	+00.7749	0001.828
+02.3472	+00.7749	0001.829
+02.3454	+00.7749	0001.830
+02.3433	+00.7749	0001.831
+02.3411	+00.7746	0001.832
+02.3390	+00.7749	0001.833
+02.3368	+00.7749	0001.834
+02.3347	+00.7749	0001.835
+02.3335	+00.7743	0001.836
+02.3314	+00.7749	0001.837
+02.3286	+00.7746	0001.838
+02.3274	+00.7746	0001.839
+02.3249	+00.7746	0001.840
+02.3231	+00.7749	0001.841
+02.3213	+00.7749	0001.842
+02.3191	+00.7749	0001.843
+02.3173	+00.7749	0001.844
+02.3155	+00.7746	0001.845
+02.3137	+00.7752	0001.846
+02.3106	+00.7746	0001.847
+02.3082	+00.7749	0001.848
+02.3072	+00.7749	0001.849
+02.3051	+00.7749	0001.850
+02.3030	+00.7746	0001.851
+02.3014	+00.7749	0001.852
+02.2990	+00.7749	0001.853
+02.2972	+00.7749	0001.854
+02.2953	+00.7749	0001.855
+02.2932	+00.7746	0001.856
+02.2914	+00.7749	0001.857
+02.2892	+00.7749	0001.858
+02.2868	+00.7743	0001.859
+02.2850	+00.7749	0001.860
+02.2828	+00.7743	0001.861
+02.2810	+00.7746	0001.862
+02.2795	+00.7743	0001.863
+02.2767	+00.7746	0001.864
+02.2752	+00.7746	0001.865
+02.2734	+00.7743	0001.866
+02.2706	+00.7749	0001.867
+02.2688	+00.7749	0001.868
+02.2673	+00.7743	0001.869
+02.2648	+00.7746	0001.870
+02.2627	+00.7746	0001.871
+02.2606	+00.7746	0001.872
+02.2593	+00.7743	0001.873
+02.2566	+00.7740	0001.874
+02.2548	+00.7746	0001.875
+02.2532	+00.7743	0001.876
+02.2508	+00.7749	0001.877
+02.2496	+00.7743	0001.878
+02.2468	+00.7746	0001.879
+02.2453	+00.7740	0001.880
+02.2429	+00.7743	0001.881
+02.2410	+00.7743	0001.882
+02.2392	+00.7749	0001.883
+02.2371	+00.7746	0001.884
+02.2349	+00.7746	0001.885
+02.2325	+00.7746	0001.886
+02.2306	+00.7743	0001.887
+02.2291	+00.7746	0001.888
+02.2270	+00.7746	0001.889
+02.2245	+00.7743	0001.890
+02.2230	+00.7743	0001.891
+02.2209	+00.7746	0001.892
+02.2197	+00.7743	0001.893
+02.2169	+00.7746	0001.894
+02.2145	+00.7743	0001.895
+02.2136	+00.7743	0001.896
+02.2111	+00.7743	0001.897
+02.2090	+00.7743	0001.898
+02.2071	+00.7743	0001.899
+02.2053	+00.7743	0001.900
+02.2029	+00.7746	0001.901
+02.2010	+00.7740	0001.902
+02.1992	+00.7749	0001.903
+02.1974	+00.7746	0001.904
+02.1955	+00.7743	0001.905
+02.1928	+00.7743	0001.906
+02.1916	+00.7740	0001.907
+02.1885	+00.7740	0001.908
+02.1870	+00.7740	0001.909
+02.1849	+00.7740	0001.910
+02.1827	+00.7743	0001.911
+02.1809	+00.7743	0001.912
+02.1794	+00.7737	0001.913
+02.1769	+00.7743	0001.914
+02.1748	+00.7743	0001.915
+02.1724	+00.7743	0001.916
+02.1705	+00.7740	0001.917
+02.1696	+00.7740	0001.918
+02.1669	+00.7743	0001.919
+02.1653	+00.7743	0001.920
+02.1623	+00.7743	0001.921
+02.1611	+00.7743	0001.922
+02.1592	+00.7740	0001.923
+02.1568	+00.7740	0001.924
+02.1547	+00.7743	0001.925
+02.1525	+00.7740	0001.926
+02.1507	+00.7740	0001.927
+02.1489	+00.7737	0001.928
+02.1473	+00.7740	0001.929
+02.1452	+00.7743	0001.930
+02.1431	+00.7740	0001.931
+02.1412	+00.7743	0001.932
+02.1388	+00.7740	0001.933
+02.1370	+00.7737	0001.934
+02.1348	+00.7740	0001.935
+02.1330	+00.7740	0001.936
+02.1309	+00.7743	0001.937
+02.1287	+00.7734	0001.938
+02.1266	+00.7737	0001.939
+02.1254	+00.7743	0001.940
+02.1226	+00.7740	0001.941
+02.1211	+00.7740	0001.942
+02.1193	+00.7743	0001.943
+02.1168	+00.7740	0001.944
+02.1150	+00.7737	0001.945
+02.1128	+00.7737	0001.946
+02.1113	+00.7740	0001.947
+02.1089	+00.7737	0001.948
+02.1070	+00.7740	0001.949
+02.1049	+00.7737	0001.950
+02.1025	+00.7743	0001.951
+02.1012	+00.7740	0001.952
+02.0985	+00.7743	0001.953
+02.0967	+00.7737	0001.954
+02.0945	+00.7737	0001.955
+02.0933	+00.7740	0001.956
+02.0909	+00.7734	0001.957
+02.0887	+00.7737	0001.958
+02.0866	+00.7737	0001.959
+02.0854	+00.7737	0001.960
+02.0826	+00.7740	0001.961
+02.0802	+00.7737	0001.962
+02.0787	+00.7734	0001.963
+02.0765	+00.7737	0001.964
+02.0750	+00.7740	0001.965
+02.0723	+00.7734	0001.966
+02.0707	+00.7740	0001.967
+02.0686	+00.7737	0001.968
+02.0668	+00.7737	0001.969
+02.0649	+00.7737	0001.970
+02.0622	+00.7737	0001.971
+02.0604	+00.7737	0001.972
+02.0585	+00.7737	0001.973
+02.0573	+00.7740	0001.974
+02.0546	+00.7730	0001.975
+02.0530	+00.7743	0001.976
+02.0506	+00.7737	0001.977
+02.0488	+00.7730	0001.978
+02.0469	+00.7740	0001.979
+02.0445	+00.7734	0001.980
+02.0424	+00.7740	0001.981
+02.0402	+00.7734	0001.982
+02.0393	+00.7734	0001.983
+02.0369	+00.7740	0001.984
+02.0347	+00.7734	0001.985
+02.0335	+00.7737	0001.986
+02.0311	+00.7734	0001.987
+02.0286	+00.7734	0001.988
+02.0265	+00.7734	0001.989
+02.0250	+00.7730	0001.990
+02.0225	+00.7734	0001.991
+02.0210	+00.7737	0001.992
+02.0189	+00.7737	0001.993
+02.0164	+00.7737	0001.994
+02.0149	+00.7737	0001.995
+02.0131	+00.7734	0001.996
+02.0106	+00.7740	0001.997
+02.0091	+00.7734	0001.998
+02.0066	+00.7730	0001.999
+02.0045	+00.7737	0002.000
+02.0030	+00.7734	0002.001
+02.0005	+00.7730	0002.002
+01.9987	+00.7737	0002.003
+01.9969	+00.7730	0002.004
+01.9947	+00.7734	0002.005
+01.9926	+00.7737	0002.006
+01.9905	+00.7730	0002.007
+01.9889	+00.7730	0002.008
+01.9865	+00.7734	0002.009
+01.9850	+00.7730	0002.010
+01.9825	+00.7734	0002.011
+01.9804	+00.7734	0002.012
+01.9792	+00.7730	0002.013
+01.9764	+00.7734	0002.014
+01.9743	+00.7730	0002.015
+01.9728	+00.7730	0002.016
+01.9703	+00.7737	0002.017
+01.9682	+00.7727	0002.018
+01.9667	+00.7730	0002.019
+01.9642	+00.7734	0002.020
+01.9627	+00.7730	0002.021
+01.9606	+00.7730	0002.022
+01.9587	+00.7734	0002.023
+01.9566	+00.7730	0002.024
+01.9551	+00.7730	0002.025
+01.9526	+00.7734	0002.026
+01.9502	+00.7730	0002.027
+01.9487	+00.7734	0002.028
+01.9468	+00.7730	0002.029
+01.9447	+00.7737	0002.030
+01.9429	+00.7734	0002.031
+01.9404	+00.7730	0002.032
+01.9386	+00.7730	0002.033
+01.9368	+00.7730	0002.034
+01.9346	+00.7730	0002.035
+01.9319	+00.7734	0002.036
+01.9307	+00.7730	0002.037
+01.9285	+00.7730	0002.038
+01.9264	+00.7730	0002.039
+01.9246	+00.7730	0002.040
+01.9224	+00.7727	0002.041
+01.9203	+00.7727	0002.042
+01.9191	+00.7730	0002.043
+01.9163	+00.7730	0002.044
+01.9145	+00.7727	0002.045
+01.9130	+00.7730	0002.046
+01.9108	+00.7730	0002.047
+01.9090	+00.7730	0002.048
+01.9065	+00.7724	0002.049
+01.9047	+00.7730	0002.050
+01.9026	+00.7730	0002.051
+01.9011	+00.7727	0002.052
+01.8983	+00.7727	0002.053
+01.8965	+00.7727	0002.054
+01.8943	+00.7727	0002.055
+01.8925	+00.7730	0002.056
+01.8907	+00.7727	0002.057
+01.8892	+00.7727	0002.058
+01.8861	+00.7730	0002.059
+01.8849	+00.7727	0002.060
+01.8815	+00.7724	0002.061
+01.8803	+00.7724	0002.062
+01.8785	+00.7730	0002.063
+01.8760	+00.7727	0002.064
+01.8742	+00.7730	0002.065
+01.8730	+00.7724	0002.066
+01.8699	+00.7727	0002.067
+01.8684	+00.7724	0002.068
+01.8669	+00.7727	0002.069
+01.8644	+00.7730	0002.070
+01.8626	+00.7730	0002.071
+01.8608	+00.7727	0002.072
+01.8586	+00.7730	0002.073
+01.8568	+00.7727	0002.074
+01.8544	+00.7724	0002.075
+01.8522	+00.7730	0002.076
+01.8504	+00.7724	0002.077
+01.8480	+00.7727	0002.078
+01.8464	+00.7727	0002.079
+01.8446	+00.7730	0002.080
+01.8428	+00.7730	0002.081
+01.8403	+00.7724	0002.082
+01.8382	+00.7724	0002.083
+01.8361	+00.7724	0002.084
+01.8348	+00.7724	0002.085
+01.8327	+00.7724	0002.086
+01.8306	+00.7727	0002.087
+01.8287	+00.7724	0002.088
+01.8272	+00.7724	0002.089
+01.8245	+00.7724	0002.090
+01.8223	+00.7727	0002.091
+01.8205	+00.7724	0002.092
+01.8190	+00.7724	0002.093
+01.8162	+00.7721	0002.094
+01.8144	+00.7721	0002.095
+01.8122	+00.7724	0002.096
+01.8101	+00.7721	0002.097
+01.8080	+00.7724	0002.098
+01.8068	+00.7721	0002.099
+01.8052	+00.7724	0002.100
+01.8022	+00.7721	0002.101
+01.8003	+00.7724	0002.102
+01.7982	+00.7721	0002.103
+01.7964	+00.7721	0002.104
+01.7942	+00.7724	0002.105
+01.7927	+00.7724	0002.106
+01.7903	+00.7724	0002.107
+01.7884	+00.7721	0002.108
+01.7857	+00.7721	0002.109
+01.7845	+00.7721	0002.110
+01.7826	+00.7718	0002.111
+01.7802	+00.7721	0002.112
+01.7787	+00.7727	0002.113
+01.7765	+00.7721	0002.114
+01.7750	+00.7724	0002.115
+01.7723	+00.7727	0002.116
+01.7704	+00.7721	0002.117
+01.7680	+00.7718	0002.118
+01.7665	+00.7721	0002.119
+01.7640	+00.7721	0002.120
+01.7622	+00.7718	0002.121
+01.7604	+00.7721	0002.122
+01.7576	+00.7718	0002.123
+01.7564	+00.7721	0002.124
+01.7543	+00.7721	0002.125
+01.7521	+00.7718	0002.126
+01.7503	+00.7721	0002.127
+01.7488	+00.7721	0002.128
+01.7457	+00.7721	0002.129
+01.7445	+00.7721	0002.130
+01.7424	+00.7718	0002.131
+01.7399	+00.7715	0002.132
+01.7384	+00.7718	0002.133
+01.7366	+00.7721	0002.134
+01.7350	+00.7721	0002.135
+01.7323	+00.7718	0002.136
+01.7302	+00.7718	0002.137
+01.7280	+00.7718	0002.138
+01.7265	+00.7721	0002.139
+01.7241	+00.7718	0002.140
+01.7219	+00.7721	0002.141
+01.7207	+00.7718	0002.142
+01.7186	+00.7721	0002.143
+01.7164	+00.7718	0002.144
+01.7146	+00.7724	0002.145
+01.7121	+00.7718	0002.146
+01.7106	+00.7715	0002.147
+01.7082	+00.7715	0002.148
+01.7067	+00.7721	0002.149
+01.7048	+00.7721	0002.150
+01.7024	+00.7718	0002.151
+01.7002	+00.7715	0002.152
+01.6984	+00.7715	0002.153
+01.6963	+00.7721	0002.154
+01.6944	+00.7718	0002.155
+01.6923	+00.7715	0002.156
+01.6905	+00.7721	0002.157
+01.6877	+00.7721	0002.158
+01.6859	+00.7715	0002.159
+01.6844	+00.7715	0002.160
+01.6825	+00.7715	0002.161
+01.6801	+00.7715	0002.162
+01.6783	+00.7718	0002.163
+01.6764	+00.7718	0002.164
+01.6743	+00.7715	0002.165
+01.6725	+00.7718	0002.166
+01.6697	+00.7715	0002.167
+01.6685	+00.7715	0002.168
+01.6655	+00.7712	0002.169
+01.6639	+00.7715	0002.170
+01.6624	+00.7715	0002.171
+01.6603	+00.7718	0002.172
+01.6584	+00.7715	0002.173
+01.6566	+00.7715	0002.174
+01.6545	+00.7712	0002.175
+01.6520	+00.7712	0002.176
+01.6502	+00.7718	0002.177
+01.6478	+00.7715	0002.178
+01.6462	+00.7715	0002.179
+01.6441	+00.7712	0002.180
+01.6420	+00.7718	0002.181
+01.6407	+00.7715	0002.182
+01.6383	+00.7715	0002.183
+01.6365	+00.7715	0002.184
+01.6340	+00.7715	0002.185
+01.6319	+00.7715	0002.186
+01.6304	+00.7715	0002.187
+01.6288	+00.7712	0002.188
+01.6258	+00.7712	0002.189
+01.6240	+00.7712	0002.190
+01.6221	+00.7709	0002.191
+01.6203	+00.7715	0002.192
+01.6188	+00.7715	0002.193
+01.6166	+00.7712	0002.194
+01.6136	+00.7712	0002.195
+01.6124	+00.7712	0002.196
+01.6099	+00.7712	0002.197
+01.6087	+00.7715	0002.198
+01.6059	+00.7712	0002.199
+01.6044	+00.7715	0002.200
+01.6014	+00.7712	0002.201
+01.6008	+00.7712	0002.202
+01.5977	+00.7715	0002.203
+01.5962	+00.7712	0002.204
+01.5944	+00.7715	0002.205
+01.5919	+00.7715	0002.206
+01.5898	+00.7712	0002.207
+01.5879	+00.7715	0002.208
+01.5861	+00.7706	0002.209
+01.5840	+00.7715	0002.210
+01.5825	+00.7715	0002.211
+01.5797	+00.7715	0002.212
+01.5782	+00.7709	0002.213
+01.5760	+00.7712	0002.214
+01.5745	+00.7709	0002.215
+01.5724	+00.7712	0002.216
+01.5699	+00.7712	0002.217
+01.5681	+00.7709	0002.218
+01.5657	+00.7712	0002.219
+01.5641	+00.7709	0002.220
+01.5617	+00.7709	0002.221
+01.5602	+00.7712	0002.222
+01.5583	+00.7712	0002.223
+01.5556	+00.7712	0002.224
+01.5544	+00.7709	0002.225
+01.5519	+00.7709	0002.226
+01.5501	+00.7706	0002.227
+01.5483	+00.7706	0002.228
+01.5458	+00.7712	0002.229
+01.5440	+00.7712	0002.230
+01.5428	+00.7706	0002.231
+01.5400	+00.7709	0002.232
+01.5382	+00.7712	0002.233
+01.5358	+00.7709	0002.234
+01.5342	+00.7706	0002.235
+01.5324	+00.7709	0002.236
+01.5306	+00.7706	0002.237
+01.5281	+00.7712	0002.238
+01.5260	+00.7709	0002.239
+01.5239	+00.7706	0002.240
+01.5220	+00.7712	0002.241
+01.5199	+00.7709	0002.242
+01.5178	+00.7703	0002.243
+01.5165	+00.7712	0002.244
+01.5144	+00.7709	0002.245
+01.5120	+00.7706	0002.246
+01.5101	+00.7712	0002.247
+01.5080	+00.7706	0002.248
+01.5062	+00.7709	0002.249
+01.5037	+00.7706	0002.250
+01.5019	+00.7709	0002.251
+01.5001	+00.7706	0002.252
+01.4982	+00.7709	0002.253
+01.4958	+00.7703	0002.254
+01.4936	+00.7706	0002.255
+01.4921	+00.7706	0002.256
+01.4900	+00.7706	0002.257
+01.4878	+00.7706	0002.258
+01.4857	+00.7706	0002.259
+01.4839	+00.7706	0002.260
+01.4817	+00.7706	0002.261
+01.4802	+00.7706	0002.262
+01.4787	+00.7706	0002.263
+01.4759	+00.7703	0002.264
+01.4741	+00.7703	0002.265
+01.4720	+00.7706	0002.266
+01.4701	+00.7703	0002.267
+01.4677	+00.7703	0002.268
+01.4662	+00.7706	0002.269
+01.4643	+00.7703	0002.270
+01.4613	+00.7703	0002.271
+01.4601	+00.7709	0002.272
+01.4579	+00.7700	0002.273
+01.4561	+00.7703	0002.274
+01.4543	+00.7700	0002.275
+01.4518	+00.7703	0002.276
+01.4497	+00.7703	0002.277
+01.4479	+00.7706	0002.278
+01.4454	+00.7706	0002.279
+01.4436	+00.7703	0002.280
+01.4415	+00.7700	0002.281
+01.4399	+00.7700	0002.282
+01.4384	+00.7703	0002.283
+01.4357	+00.7706	0002.284
+01.4341	+00.7706	0002.285
+01.4311	+00.7700	0002.286
+01.4299	+00.7700	0002.287
+01.4277	+00.7703	0002.288
+01.4256	+00.7700	0002.289
+01.4241	+00.7706	0002.290
+01.4222	+00.7703	0002.291
+01.4198	+00.7700	0002.292
+01.4177	+00.7703	0002.293
+01.4158	+00.7703	0002.294
+01.4137	+00.7700	0002.295
+01.4122	+00.7703	0002.296
+01.4097	+00.7700	0002.297
+01.4076	+00.7697	0002.298
+01.4058	+00.7700	0002.299
+01.4033	+00.7706	0002.300
+01.4021	+00.7697	0002.301
+01.3996	+00.7700	0002.302
+01.3984	+00.7700	0002.303
+01.3960	+00.7700	0002.304
+01.3939	+00.7697	0002.305
+01.3920	+00.7703	0002.306
+01.3899	+00.7700	0002.307
+01.3877	+00.7703	0002.308
+01.3856	+00.7694	0002.309
+01.3835	+00.7700	0002.310
+01.3823	+00.7700	0002.311
+01.3798	+00.7697	0002.312
+01.3780	+00.7700	0002.313
+01.3765	+00.7700	0002.314
+01.3734	+00.7706	0002.315
+01.3719	+00.7700	0002.316
+01.3704	+00.7697	0002.317
+01.3673	+00.7700	0002.318
+01.3661	+00.7700	0002.319
+01.3639	+00.7700	0002.320
+01.3615	+00.7700	0002.321
+01.3597	+00.7697	0002.322
+01.3578	+00.7700	0002.323
+01.3560	+00.7700	0002.324
+01.3539	+00.7697	0002.325
+01.3520	+00.7697	0002.326
+01.3499	+00.7697	0002.327
+01.3478	+00.7697	0002.328
+01.3453	+00.7700	0002.329
+01.3441	+00.7694	0002.330
+01.3414	+00.7697	0002.331
+01.3401	+00.7697	0002.332
+01.3380	+00.7697	0002.333
+01.3362	+00.7697	0002.334
+01.3340	+00.7691	0002.335
+01.3316	+00.7694	0002.336
+01.3298	+00.7694	0002.337
+01.3270	+00.7697	0002.338
+01.3261	+00.7700	0002.339
+01.3240	+00.7697	0002.340
+01.3218	+00.7697	0002.341
+01.3197	+00.7697	0002.342
+01.3176	+00.7694	0002.343
+01.3157	+00.7697	0002.344
+01.3130	+00.7694	0002.345
+01.3115	+00.7697	0002.346
+01.3096	+00.7691	0002.347
+01.3078	+00.7694	0002.348
+01.3054	+00.7691	0002.349
+01.3041	+00.7694	0002.350
+01.3017	+00.7694	0002.351
+01.2999	+00.7691	0002.352
+01.2977	+00.7694	0002.353
+01.2962	+00.7694	0002.354
+01.2938	+00.7697	0002.355
+01.2913	+00.7694	0002.356
+01.2898	+00.7694	0002.357
+01.2877	+00.7694	0002.358
+01.2858	+00.7691	0002.359
+01.2837	+00.7691	0002.360
+01.2815	+00.7694	0002.361
+01.2797	+00.7694	0002.362
+01.2773	+00.7691	0002.363
+01.2761	+00.7691	0002.364
+01.2736	+00.7688	0002.365
+01.2718	+00.7691	0002.366
+01.2700	+00.7694	0002.367
+01.2681	+00.7694	0002.368
+01.2657	+00.7694	0002.369
+01.2635	+00.7694	0002.370
+01.2614	+00.7688	0002.371
+01.2596	+00.7694	0002.372
+01.2577	+00.7694	0002.373
+01.2550	+00.7691	0002.374
+01.2535	+00.7691	0002.375
+01.2513	+00.7691	0002.376
+01.2501	+00.7691	0002.377
+01.2474	+00.7688	0002.378
+01.2455	+00.7691	0002.379
+01.2434	+00.7691	0002.380
+01.2419	+00.7691	0002.381
+01.2397	+00.7688	0002.382
+01.2376	+00.7691	0002.383
+01.2355	+00.7688	0002.384
+01.2339	+00.7688	0002.385
+01.2312	+00.7688	0002.386
+01.2297	+00.7688	0002.387
+01.2275	+00.7688	0002.388
+01.2257	+00.7688	0002.389
+01.2236	+00.7691	0002.390
+01.2217	+00.7691	0002.391
+01.2199	+00.7688	0002.392
+01.2172	+00.7691	0002.393
+01.2156	+00.7688	0002.394
+01.2138	+00.7685	0002.395
+01.2117	+00.7691	0002.396
+01.2095	+00.7685	0002.397
+01.2074	+00.7688	0002.398
+01.2059	+00.7688	0002.399
+01.2037	+00.7688	0002.400
+01.2013	+00.7688	0002.401
+01.1998	+00.7685	0002.402
+01.1976	+00.7685	0002.403
+01.1955	+00.7688	0002.404
+01.1930	+00.7688	0002.405
+01.1915	+00.7688	0002.406
+01.1897	+00.7688	0002.407
+01.1876	+00.7688	0002.408
+01.1851	+00.7688	0002.409
+01.1836	+00.7685	0002.410
+01.1814	+00.7682	0002.411
+01.1796	+00.7685	0002.412
+01.1781	+00.7685	0002.413
+01.1760	+00.7682	0002.414
+01.1738	+00.7688	0002.415
+01.1714	+00.7682	0002.416
+01.1695	+00.7682	0002.417
+01.1677	+00.7682	0002.418
+01.1656	+00.7685	0002.419
+01.1637	+00.7679	0002.420
+01.1613	+00.7682	0002.421
+01.1595	+00.7685	0002.422
+01.1573	+00.7685	0002.423
+01.1558	+00.7685	0002.424
+01.1540	+00.7685	0002.425
+01.1512	+00.7682	0002.426
+01.1497	+00.7682	0002.427
+01.1473	+00.7685	0002.428
+01.1454	+00.7676	0002.429
+01.1430	+00.7679	0002.430
+01.1418	+00.7682	0002.431
+01.1390	+00.7685	0002.432
+01.1375	+00.7679	0002.433
+01.1357	+00.7685	0002.434
+01.1332	+00.7679	0002.435
+01.1311	+00.7682	0002.436
+01.1299	+00.7682	0002.437
+01.1271	+00.7679	0002.438
+01.1256	+00.7682	0002.439
+01.1235	+00.7682	0002.440
+01.1213	+00.7682	0002.441
+01.1198	+00.7682	0002.442
+01.1174	+00.7679	0002.443
+01.1161	+00.7685	0002.444
+01.1134	+00.7679	0002.445
+01.1122	+00.7682	0002.446
+01.1097	+00.7682	0002.447
+01.1073	+00.7679	0002.448
+01.1055	+00.7682	0002.449
+01.1036	+00.7676	0002.450
+01.1015	+00.7676	0002.451
+01.0997	+00.7679	0002.452
+01.0975	+00.7679	0002.453
+01.0960	+00.7679	0002.454
+01.0936	+00.7679	0002.455
+01.0914	+00.7679	0002.456
+01.0896	+00.7676	0002.457
+01.0878	+00.7679	0002.458
+01.0856	+00.7672	0002.459
+01.0838	+00.7679	0002.460
+01.0814	+00.7679	0002.461
+01.0792	+00.7679	0002.462
+01.0774	+00.7679	0002.463
+01.0756	+00.7676	0002.464
+01.0734	+00.7679	0002.465
+01.0716	+00.7676	0002.466
+01.0698	+00.7679	0002.467
+01.0670	+00.7676	0002.468
+01.0655	+00.7676	0002.469
+01.0630	+00.7676	0002.470
+01.0615	+00.7679	0002.471
+01.0594	+00.7669	0002.472
+01.0579	+00.7679	0002.473
+01.0554	+00.7676	0002.474
+01.0533	+00.7679	0002.475
+01.0517	+00.7679	0002.476
+01.0496	+00.7672	0002.477
+01.0475	+00.7676	0002.478
+01.0453	+00.7676	0002.479
+01.0435	+00.7669	0002.480
+01.0414	+00.7679	0002.481
+01.0395	+00.7672	0002.482
+01.0377	+00.7676	0002.483
+01.0353	+00.7672	0002.484
+01.0331	+00.7672	0002.485
+01.0316	+00.7676	0002.486
+01.0292	+00.7676	0002.487
+01.0273	+00.7669	0002.488
+01.0255	+00.7672	0002.489
+01.0237	+00.7676	0002.490
+01.0209	+00.7672	0002.491
+01.0197	+00.7672	0002.492
+01.0179	+00.7676	0002.493
+01.0154	+00.7676	0002.494
+01.0136	+00.7672	0002.495
+01.0112	+00.7669	0002.496
+01.0090	+00.7669	0002.497
+01.0072	+00.7672	0002.498
+01.0051	+00.7672	0002.499
+01.0032	+00.7672	0002.500
+01.0011	+00.7669	0002.501
+00.9990	+00.7669	0002.502
+00.9971	+00.7672	0002.503
+00.9959	+00.7672	0002.504
+00.9938	+00.7672	0002.505
+00.9913	+00.7669	0002.506
+00.9895	+00.7669	0002.507
+00.9874	+00.7672	0002.508
+00.9849	+00.7672	0002.509
+00.9831	+00.7669	0002.510
+00.9816	+00.7669	0002.511
+00.9791	+00.7669	0002.512
+00.9773	+00.7672	0002.513
+00.9752	+00.7666	0002.514
+00.9730	+00.7669	0002.515
+00.9712	+00.7669	0002.516
+00.9690	+00.7669	0002.517
+00.9672	+00.7669	0002.518
+00.9651	+00.7669	0002.519
+00.9629	+00.7672	0002.520
+00.9611	+00.7666	0002.521
+00.9593	+00.7666	0002.522
+00.9571	+00.7672	0002.523
+00.9550	+00.7669	0002.524
+00.9535	+00.7669	0002.525
+00.9510	+00.7669	0002.526
+00.9486	+00.7669	0002.527
+00.9471	+00.7663	0002.528
+00.9455	+00.7666	0002.529
+00.9431	+00.7669	0002.530
+00.9413	+00.7663	0002.531
+00.9391	+00.7663	0002.532
+00.9373	+00.7666	0002.533
+00.9349	+00.7663	0002.534
+00.9330	+00.7666	0002.535
+00.9312	+00.7669	0002.536
+00.9291	+00.7666	0002.537
+00.9269	+00.7663	0002.538
+00.9251	+00.7666	0002.539
+00.9233	+00.7663	0002.540
+00.9211	+00.7666	0002.541
+00.9190	+00.7666	0002.542
+00.9172	+00.7663	0002.543
+00.9150	+00.7666	0002.544
+00.9132	+00.7666	0002.545
+00.9111	+00.7666	0002.546
+00.9092	+00.7666	0002.547
+00.9071	+00.7663	0002.548
+00.9053	+00.7660	0002.549
+00.9028	+00.7663	0002.550
+00.9010	+00.7666	0002.551
+00.8989	+00.7663	0002.552
+00.8970	+00.7663	0002.553
+00.8949	+00.7660	0002.554
+00.8934	+00.7663	0002.555
+00.8912	+00.7660	0002.556
+00.8888	+00.7663	0002.557
+00.8873	+00.7663	0002.558
+00.8848	+00.7663	0002.559
+00.8833	+00.7657	0002.560
+00.8809	+00.7663	0002.561
+00.8787	+00.7660	0002.562
+00.8775	+00.7660	0002.563
+00.8751	+00.7660	0002.564
+00.8732	+00.7663	0002.565
+00.8711	+00.7666	0002.566
+00.8693	+00.7657	0002.567
+00.8668	+00.7657	0002.568
+00.8653	+00.7663	0002.569
+00.8628	+00.7660	0002.570
+00.8607	+00.7660	0002.571
+00.8592	+00.7657	0002.572
+00.8567	+00.7657	0002.573
+00.8549	+00.7663	0002.574
+00.8531	+00.7657	0002.575
+00.8506	+00.7660	0002.576
+00.8488	+00.7657	0002.577
+00.8470	+00.7657	0002.578
+00.8451	+00.7660	0002.579
+00.8430	+00.7663	0002.580
+00.8412	+00.7660	0002.581
+00.8387	+00.7657	0002.582
+00.8369	+00.7660	0002.583
+00.8354	+00.7660	0002.584
+00.8329	+00.7657	0002.585
+00.8308	+00.7657	0002.586
+00.8290	+00.7660	0002.587
+00.8271	+00.7657	0002.588
+00.8247	+00.7657	0002.589
+00.8232	+00.7654	0002.590
+00.8204	+00.7657	0002.591
+00.8192	+00.7657	0002.592
+00.8168	+00.7657	0002.593
+00.8149	+00.7657	0002.594
+00.8131	+00.7660	0002.595
+00.8113	+00.7654	0002.596
+00.8085	+00.7651	0002.597
+00.8067	+00.7654	0002.598
+00.8049	+00.7654	0002.599
+00.8027	+00.7654	0002.600
+00.8012	+00.7657	0002.601
+00.7994	+00.7654	0002.602
+00.7969	+00.7657	0002.603
+00.7951	+00.7654	0002.604
+00.7930	+00.7657	0002.605
+00.7908	+00.7654	0002.606
+00.7893	+00.7654	0002.607
+00.7872	+00.7651	0002.608
+00.7847	+00.7657	0002.609
+00.7829	+00.7648	0002.610
+00.7811	+00.7651	0002.611
+00.7786	+00.7648	0002.612
+00.7768	+00.7651	0002.613
+00.7750	+00.7651	0002.614
+00.7731	+00.7651	0002.615
+00.7713	+00.7654	0002.616
+00.7682	+00.7648	0002.617
+00.7673	+00.7654	0002.618
+00.7652	+00.7651	0002.619
+00.7627	+00.7651	0002.620
+00.7615	+00.7651	0002.621
+00.7588	+00.7651	0002.622
+00.7573	+00.7648	0002.623
+00.7545	+00.7648	0002.624
+00.7533	+00.7651	0002.625
+00.7508	+00.7648	0002.626
+00.7487	+00.7648	0002.627
+00.7475	+00.7648	0002.628
+00.7450	+00.7651	0002.629
+00.7429	+00.7651	0002.630
+00.7411	+00.7648	0002.631
+00.7383	+00.7645	0002.632
+00.7365	+00.7645	0002.633
+00.7347	+00.7648	0002.634
+00.7331	+00.7645	0002.635
+00.7310	+00.7648	0002.636
+00.7289	+00.7648	0002.637
+00.7267	+00.7648	0002.638
+00.7249	+00.7642	0002.639
+00.7228	+00.7651	0002.640
+00.7212	+00.7645	0002.641
+00.7188	+00.7645	0002.642
+00.7173	+00.7648	0002.643
+00.7151	+00.7645	0002.644
+00.7127	+00.7651	0002.645
+00.7109	+00.7645	0002.646
+00.7087	+00.7642	0002.647
+00.7072	+00.7645	0002.648
+00.7045	+00.7648	0002.649
+00.7029	+00.7645	0002.650
+00.7008	+00.7645	0002.651
+00.6987	+00.7645	0002.652
+00.6971	+00.7645	0002.653
+00.6950	+00.7645	0002.654
+00.6932	+00.7645	0002.655
+00.6907	+00.7645	0002.656
+00.6892	+00.7645	0002.657
+00.6865	+00.7639	0002.658
+00.6852	+00.7642	0002.659
+00.6828	+00.7642	0002.660
+00.6813	+00.7639	0002.661
+00.6788	+00.7645	0002.662
+00.6776	+00.7645	0002.663
+00.6749	+00.7642	0002.664
+00.6727	+00.7645	0002.665
+00.6706	+00.7645	0002.666
+00.6691	+00.7639	0002.667
+00.6666	+00.7645	0002.668
+00.6645	+00.7642	0002.669
+00.6630	+00.7642	0002.670
+00.6608	+00.7639	0002.671
+00.6590	+00.7642	0002.672
+00.6569	+00.7639	0002.673
+00.6547	+00.7642	0002.674
+00.6529	+00.7642	0002.675
+00.6511	+00.7642	0002.676
+00.6489	+00.7639	0002.677
+00.6465	+00.7639	0002.678
+00.6450	+00.7642	0002.679
+00.6428	+00.7642	0002.680
+00.6407	+00.7639	0002.681
+00.6388	+00.7639	0002.682
+00.6361	+00.7639	0002.683
+00.6349	+00.7636	0002.684
+00.6327	+00.7636	0002.685
+00.6312	+00.7639	0002.686
+00.6288	+00.7639	0002.687
+00.6269	+00.7639	0002.688
+00.6248	+00.7639	0002.689
+00.6227	+00.7636	0002.690
+00.6208	+00.7633	0002.691
+00.6187	+00.7636	0002.692
+00.6166	+00.7636	0002.693
+00.6147	+00.7636	0002.694
+00.6126	+00.7636	0002.695
+00.6105	+00.7633	0002.696
+00.6086	+00.7636	0002.697
+00.6071	+00.7633	0002.698
+00.6047	+00.7639	0002.699
+00.6025	+00.7636	0002.700
+00.6004	+00.7630	0002.701
+00.5986	+00.7633	0002.702
+00.5970	+00.7633	0002.703
+00.5946	+00.7633	0002.704
+00.5928	+00.7636	0002.705
+00.5906	+00.7633	0002.706
+00.5882	+00.7633	0002.707
+00.5870	+00.7630	0002.708
+00.5848	+00.7633	0002.709
+00.5827	+00.7630	0002.710
+00.5806	+00.7636	0002.711
+00.5787	+00.7633	0002.712
+00.5772	+00.7636	0002.713
+00.5751	+00.7636	0002.714
+00.5729	+00.7630	0002.715
+00.5705	+00.7633	0002.716
+00.5687	+00.7636	0002.717
+00.5665	+00.7630	0002.718
+00.5650	+00.7633	0002.719
+00.5629	+00.7633	0002.720
+00.5607	+00.7630	0002.721
+00.5586	+00.7633	0002.722
+00.5564	+00.7633	0002.723
+00.5546	+00.7630	0002.724
+00.5525	+00.7630	0002.725
+00.5500	+00.7630	0002.726
+00.5485	+00.7630	0002.727
+00.5467	+00.7630	0002.728
+00.5449	+00.7627	0002.729
+00.5424	+00.7630	0002.730
+00.5403	+00.7627	0002.731
+00.5387	+00.7630	0002.732
+00.5369	+00.7627	0002.733
+00.5342	+00.7624	0002.734
+00.5326	+00.7630	0002.735
+00.5302	+00.7624	0002.736
+00.5284	+00.7630	0002.737
+00.5262	+00.7624	0002.738
+00.5250	+00.7627	0002.739
+00.5223	+00.7627	0002.740
+00.5207	+00.7627	0002.741
+00.5189	+00.7624	0002.742
+00.5165	+00.7624	0002.743
+00.5143	+00.7624	0002.744
+00.5125	+00.7624	0002.745
+00.5110	+00.7627	0002.746
+00.5088	+00.7627	0002.747
+00.5067	+00.7627	0002.748
+00.5046	+00.7624	0002.749
+00.5021	+00.7621	0002.750
+00.5003	+00.7627	0002.751
+00.4985	+00.7624	0002.752
+00.4966	+00.7618	0002.753
+00.4942	+00.7627	0002.754
+00.4927	+00.7624	0002.755
+00.4902	+00.7624	0002.756
+00.4890	+00.7624	0002.757
+00.4866	+00.7621	0002.758
+00.4841	+00.7621	0002.759
+00.4826	+00.7621	0002.760
+00.4805	+00.7621	0002.761
+00.4783	+00.7624	0002.762
+00.4765	+00.7621	0002.763
+00.4744	+00.7621	0002.764
+00.4728	+00.7621	0002.765
+00.4704	+00.7624	0002.766
+00.4686	+00.7618	0002.767
+00.4664	+00.7621	0002.768
+00.4643	+00.7624	0002.769
+00.4625	+00.7615	0002.770
+00.4609	+00.7621	0002.771
+00.4588	+00.7618	0002.772
+00.4570	+00.7618	0002.773
+00.4545	+00.7621	0002.774
+00.4524	+00.7618	0002.775
+00.4509	+00.7615	0002.776
+00.4484	+00.7621	0002.777
+00.4469	+00.7618	0002.778
+00.4444	+00.7611	0002.779
+00.4426	+00.7621	0002.780
+00.4405	+00.7615	0002.781
+00.4387	+00.7615	0002.782
+00.4365	+00.7618	0002.783
+00.4350	+00.7615	0002.784
+00.4325	+00.7615	0002.785
+00.4301	+00.7615	0002.786
+00.4286	+00.7615	0002.787
+00.4264	+00.7615	0002.788
+00.4246	+00.7615	0002.789
+00.4222	+00.7615	0002.790
+00.4206	+00.7615	0002.791
+00.4185	+00.7615	0002.792
+00.4167	+00.7615	0002.793
+00.4145	+00.7611	0002.794
+00.4124	+00.7611	0002.795
+00.4106	+00.7608	0002.796
+00.4087	+00.7611	0002.797
+00.4066	+00.7611	0002.798
+00.4045	+00.7608	0002.799
+00.4023	+00.7608	0002.800
+00.4005	+00.7611	0002.801
+00.3984	+00.7611	0002.802
+00.3965	+00.7611	0002.803
+00.3947	+00.7611	0002.804
+00.3920	+00.7608	0002.805
+00.3901	+00.7611	0002.806
+00.3886	+00.7608	0002.807
+00.3862	+00.7611	0002.808
+00.3846	+00.7608	0002.809
+00.3828	+00.7608	0002.810
+00.3807	+00.7608	0002.811
+00.3788	+00.7608	0002.812
+00.3764	+00.7608	0002.813
+00.3743	+00.7605	0002.814
+00.3724	+00.7602	0002.815
+00.3703	+00.7605	0002.816
+00.3685	+00.7605	0002.817
+00.3663	+00.7605	0002.818
+00.3642	+00.7602	0002.819
+00.3627	+00.7605	0002.820
+00.3599	+00.7599	0002.821
+00.3587	+00.7608	0002.822
+00.3566	+00.7608	0002.823
+00.3541	+00.7605	0002.824
+00.3523	+00.7605	0002.825
+00.3505	+00.7602	0002.826
+00.3486	+00.7602	0002.827
+00.3462	+00.7602	0002.828
+00.3444	+00.7605	0002.829
+00.3422	+00.7599	0002.830
+00.3404	+00.7602	0002.831
+00.3382	+00.7602	0002.832
+00.3364	+00.7602	0002.833
+00.3343	+00.7599	0002.834
+00.3325	+00.7599	0002.835
+00.3300	+00.7602	0002.836
+00.3282	+00.7602	0002.837
+00.3267	+00.7599	0002.838
+00.3239	+00.7599	0002.839
+00.3224	+00.7596	0002.840
+00.3209	+00.7599	0002.841
+00.3184	+00.7596	0002.842
+00.3163	+00.7596	0002.843
+00.3138	+00.7602	0002.844
+00.3126	+00.7596	0002.845
+00.3099	+00.7593	0002.846
+00.3083	+00.7596	0002.847
+00.3062	+00.7596	0002.848
+00.3047	+00.7599	0002.849
+00.3019	+00.7596	0002.850
+00.3001	+00.7593	0002.851
+00.2983	+00.7593	0002.852
+00.2964	+00.7596	0002.853
+00.2946	+00.7596	0002.854
+00.2919	+00.7593	0002.855
+00.2906	+00.7596	0002.856
+00.2882	+00.7593	0002.857
+00.2864	+00.7593	0002.858
+00.2842	+00.7590	0002.859
+00.2824	+00.7590	0002.860
+00.2803	+00.7596	0002.861
+00.2781	+00.7593	0002.862
+00.2766	+00.7590	0002.863
+00.2739	+00.7593	0002.864
+00.2723	+00.7590	0002.865
+00.2702	+00.7590	0002.866
+00.2684	+00.7590	0002.867
+00.2665	+00.7590	0002.868
+00.2644	+00.7590	0002.869
+00.2623	+00.7590	0002.870
+00.2604	+00.7587	0002.871
+00.2583	+00.7590	0002.872
+00.2562	+00.7587	0002.873
+00.2543	+00.7587	0002.874
+00.2522	+00.7587	0002.875
+00.2507	+00.7587	0002.876
+00.2476	+00.7578	0002.877
+00.2467	+00.7584	0002.878
+00.2439	+00.7584	0002.879
+00.2424	+00.7581	0002.880
+00.2403	+00.7587	0002.881
+00.2382	+00.7581	0002.882
+00.2363	+00.7587	0002.883
+00.2342	+00.7584	0002.884
+00.2327	+00.7584	0002.885
+00.2296	+00.7584	0002.886
+00.2287	+00.7584	0002.887
+00.2262	+00.7581	0002.888
+00.2241	+00.7578	0002.889
+00.2226	+00.7584	0002.890
+00.2198	+00.7581	0002.891
+00.2180	+00.7575	0002.892
+00.2159	+00.7584	0002.893
+00.2143	+00.7578	0002.894
+00.2122	+00.7575	0002.895
+00.2098	+00.7575	0002.896
+00.2082	+00.7575	0002.897
+00.2061	+00.7572	0002.898
+00.2043	+00.7578	0002.899
+00.2018	+00.7578	0002.900
+00.2006	+00.7578	0002.901
+00.1979	+00.7578	0002.902
+00.1963	+00.7572	0002.903
+00.1939	+00.7578	0002.904
+00.1921	+00.7575	0002.905
+00.1902	+00.7572	0002.906
+00.1884	+00.7572	0002.907
+00.1860	+00.7572	0002.908
+00.1841	+00.7572	0002.909
+00.1820	+00.7575	0002.910
+00.1799	+00.7572	0002.911
+00.1780	+00.7569	0002.912
+00.1762	+00.7569	0002.913
+00.1738	+00.7569	0002.914
+00.1722	+00.7572	0002.915
+00.1701	+00.7572	0002.916
+00.1677	+00.7566	0002.917
+00.1658	+00.7569	0002.918
+00.1640	+00.7566	0002.919
+00.1622	+00.7566	0002.920
+00.1603	+00.7566	0002.921
+00.1579	+00.7566	0002.922
+00.1564	+00.7566	0002.923
+00.1542	+00.7566	0002.924
+00.1518	+00.7566	0002.925
+00.1500	+00.7566	0002.926
+00.1478	+00.7560	0002.927
+00.1463	+00.7566	0002.928
+00.1442	+00.7563	0002.929
+00.1420	+00.7560	0002.930
+00.1399	+00.7563	0002.931
+00.1377	+00.7560	0002.932
+00.1359	+00.7566	0002.933
+00.1344	+00.7560	0002.934
+00.1323	+00.7557	0002.935
+00.1301	+00.7560	0002.936
+00.1280	+00.7557	0002.937
+00.1262	+00.7557	0002.938
+00.1243	+00.7557	0002.939
+00.1219	+00.7560	0002.940
+00.1200	+00.7560	0002.941
+00.1182	+00.7550	0002.942
+00.1164	+00.7560	0002.943
+00.1139	+00.7550	0002.944
+00.1115	+00.7553	0002.945
+00.1103	+00.7547	0002.946
+00.1081	+00.7550	0002.947
+00.1063	+00.7550	0002.948
+00.1042	+00.7550	0002.949
+00.1020	+00.7547	0002.950
+00.0999	+00.7550	0002.951
+00.0984	+00.7547	0002.952
+00.0956	+00.7547	0002.953
+00.0938	+00.7544	0002.954
+00.0920	+00.7544	0002.955
+00.0904	+00.7550	0002.956
+00.0877	+00.7541	0002.957
+00.0856	+00.7541	0002.958
+00.0843	+00.7547	0002.959
+00.0819	+00.7544	0002.960
+00.0801	+00.7541	0002.961
+00.0776	+00.7541	0002.962
+00.0761	+00.7541	0002.963
+00.0743	+00.7538	0002.964
+00.0718	+00.7532	0002.965
+00.0697	+00.7535	0002.966
+00.0676	+00.7538	0002.967
+00.0660	+00.7541	0002.968
+00.0645	+00.7535	0002.969
+00.0621	+00.7535	0002.970
+00.0596	+00.7532	0002.971
+00.0581	+00.7532	0002.972
+00.0557	+00.7535	0002.973
+00.0538	+00.7529	0002.974
+00.0520	+00.7529	0002.975
+00.0499	+00.7526	0002.976
+00.0477	+00.7523	0002.977
+00.0462	+00.7529	0002.978
+00.0444	+00.7529	0002.979
+00.0419	+00.7523	0002.980
+00.0401	+00.7523	0002.981
+00.0380	+00.7526	0002.982
+00.0358	+00.7523	0002.983
+00.0337	+00.7517	0002.984
+00.0322	+00.7523	0002.985
+00.0303	+00.7517	0002.986
+00.0276	+00.7520	0002.987
+00.0264	+00.7514	0002.988
+00.0236	+00.7514	0002.989
+00.0221	+00.7517	0002.990
+00.0200	+00.7511	0002.991
+00.0181	+00.7514	0002.992
+00.0160	+00.7514	0002.993
+00.0142	+00.7508	0002.994
+00.0120	+00.7508	0002.995
+00.0096	+00.7511	0002.996
+00.0077	+00.7505	0002.997
+00.0053	+00.7505	0002.998
+00.0041	+00.7505	0002.999
