R,Ohm	C,pF	Temp,C
0000000000	0000100000	+025.00
Ch1,V	Ch2,V	Time,s
-00.0002	-00.0006	0000.000
-00.0002	-00.0009	0000.001
+00.0053	-00.0003	0000.002
+00.0117	-00.0006	0000.003
+00.0175	-00.0003	0000.004
+00.0236	-00.0009	0000.005
+00.0294	-00.0006	0000.006
+00.0352	-00.0009	0000.007
+00.0416	-00.0006	0000.008
+00.0477	-00.0009	0000.009
+00.0535	-00.0006	0000.010
+00.0599	-00.0006	0000.011
+00.0660	-00.0006	0000.012
+00.0715	-00.0006	0000.013
+00.0776	-00.0006	0000.014
+00.0831	+00.0000	0000.015
+00.0895	-00.0006	0000.016
+00.0956	-00.0003	0000.017
+00.1014	-00.0003	0000.018
+00.1078	-00.0003	0000.019
+00.1136	-00.0006	0000.020
+00.1197	+00.0003	0000.021
+00.1255	+00.0000	0000.022
+00.1313	-00.0003	0000.023
+00.1381	-00.0003	0000.024
+00.1439	-00.0003	0000.025
+00.1503	-00.0003	0000.026
+00.1561	-00.0003	0000.027
+00.1612	-00.0003	0000.028
+00.1680	+00.0000	0000.029
+00.1741	+00.0000	0000.030
+00.1802	-00.0003	0000.031
+00.1860	-00.0003	0000.032
+00.1915	+00.0003	0000.033
+00.1979	+00.0000	0000.034
+00.2043	+00.0000	0000.035
+00.2101	+00.0003	0000.036
+00.2159	+00.0003	0000.037
+00.2220	+00.0003	0000.038
+00.2281	+00.0000	0000.039
+00.2342	+00.0000	0000.040
+00.2397	+00.0000	0000.041
+00.2458	+00.0000	0000.042
+00.2519	+00.0003	0000.043
+00.2583	+00.0000	0000.044
+00.2641	+00.0003	0000.045
+00.2699	+00.0003	0000.046
+00.2763	+00.0000	0000.047
+00.2818	+00.0003	0000.048
+00.2885	+00.0000	0000.049
+00.2940	-00.0003	0000.050
+00.3001	+00.0003	0000.051
+00.3062	+00.0006	0000.052
+00.3117	+00.0000	0000.053
+00.3178	+00.0003	0000.054
+00.3242	+00.0006	0000.055
+00.3297	+00.0006	0000.056
+00.3361	+00.0006	0000.057
+00.3422	+00.0010	0000.058
+00.3480	+00.0010	0000.059
+00.3538	+00.0003	0000.060
+00.3602	+00.0010	0000.061
+00.3657	+00.0006	0000.062
+00.3718	+00.0010	0000.063
+00.3785	+00.0010	0000.064
+00.3840	+00.0010	0000.065
+00.3904	+00.0010	0000.066
+00.3965	+00.0006	0000.067
+00.4026	+00.0006	0000.068
+00.4084	+00.0010	0000.069
+00.4142	+00.0010	0000.070
+00.4200	+00.0010	0000.071
+00.4264	+00.0013	0000.072
+00.4322	+00.0010	0000.073
+00.4383	+00.0013	0000.074
+00.4441	+00.0006	0000.075
+00.4502	+00.0010	0000.076
+00.4564	+00.0013	0000.077
+00.4618	+00.0016	0000.078
+00.4683	+00.0013	0000.079
+00.4744	+00.0016	0000.080
+00.4799	+00.0016	0000.081
+00.4863	+00.0019	0000.082
+00.4918	+00.0010	0000.083
+00.4979	+00.0016	0000.084
+00.5046	+00.0019	0000.085
+00.5101	+00.0016	0000.086
+00.5165	+00.0019	0000.087
+00.5226	+00.0016	0000.088
+00.5284	+00.0016	0000.089
+00.5342	+00.0016	0000.090
+00.5400	+00.0019	0000.091
+00.5467	+00.0019	0000.092
+00.5525	+00.0019	0000.093
+00.5589	+00.0019	0000.094
+00.5647	+00.0025	0000.095
+00.5702	+00.0019	0000.096
+00.5766	+00.0022	0000.097
+00.5827	+00.0022	0000.098
+00.5885	+00.0022	0000.099
+00.5949	+00.0022	0000.100
+00.6004	+00.0022	0000.101
+00.6062	+00.0025	0000.102
+00.6126	+00.0022	0000.103
+00.6181	+00.0028	0000.104
+00.6242	+00.0025	0000.105
+00.6303	+00.0025	0000.106
+00.6364	+00.0022	0000.107
+00.6425	+00.0028	0000.108
+00.6486	+00.0074	0000.109
+00.6541	+00.0077	0000.110
+00.6605	+00.0116	0000.111
+00.6666	+00.0132	0000.112
+00.6721	+00.0144	0000.113
+00.6788	+00.0174	0000.114
+00.6843	+00.0190	0000.115
+00.6901	+00.0202	0000.116
+00.6965	+00.0211	0000.117
+00.7029	+00.0223	0000.118
+00.7084	+00.0235	0000.119
+00.7148	+00.0254	0000.120
+00.7203	+00.0275	0000.121
+00.7264	+00.0296	0000.122
+00.7325	+00.0321	0000.123
+00.7389	+00.0455	0000.124
+00.7450	+00.0721	0000.125
+00.7508	+00.1813	0000.126
+00.7569	+00.2939	0000.127
+00.7631	+00.3861	0000.128
+00.7682	+00.4349	0000.129
+00.7743	+00.4703	0000.130
+00.7801	+00.5011	0000.131
+00.7866	+00.5234	0000.132
+00.7927	+00.5396	0000.133
+00.7981	+00.5512	0000.134
+00.8046	+00.5603	0000.135
+00.8107	+00.5680	0000.136
+00.8168	+00.5744	0000.137
+00.8226	+00.5799	0000.138
+00.8287	+00.5854	0000.139
+00.8345	+00.5902	0000.140
+00.8409	+00.5951	0000.141
+00.8470	+00.5997	0000.142
+00.8528	+00.6037	0000.143
+00.8586	+00.6079	0000.144
+00.8650	+00.6116	0000.145
+00.8705	+00.6150	0000.146
+00.8769	+00.6177	0000.147
+00.8830	+00.6214	0000.148
+00.8885	+00.6238	0000.149
+00.8952	+00.6266	0000.150
+00.9013	+00.6290	0000.151
+00.9068	+00.6314	0000.152
+00.9126	+00.6342	0000.153
+00.9187	+00.6366	0000.154
+00.9251	+00.6388	0000.155
+00.9315	+00.6409	0000.156
+00.9367	+00.6427	0000.157
+00.9428	+00.6455	0000.158
+00.9486	+00.6479	0000.159
+00.9550	+00.6504	0000.160
+00.9608	+00.6522	0000.161
+00.9672	+00.6540	0000.162
+00.9727	+00.6568	0000.163
+00.9788	+00.6583	0000.164
+00.9846	+00.6601	0000.165
+00.9910	+00.6620	0000.166
+00.9971	+00.6635	0000.167
+01.0032	+00.6653	0000.168
+01.0087	+00.6668	0000.169
+01.0148	+00.6690	0000.170
+01.0209	+00.6708	0000.171
+01.0273	+00.6729	0000.172
+01.0331	+00.6751	0000.173
+01.0392	+00.6766	0000.174
+01.0450	+00.6803	0000.175
+01.0514	+00.6845	0000.176
+01.0566	+00.6940	0000.177
+01.0630	+00.7029	0000.178
+01.0694	+00.7047	0000.179
+01.0749	+00.7071	0000.180
+01.0810	+00.7090	0000.181
+01.0871	+00.7114	0000.182
+01.0933	+00.7132	0000.183
+01.0991	+00.7151	0000.184
+01.1052	+00.7166	0000.185
+01.1116	+00.7184	0000.186
+01.1168	+00.7196	0000.187
+01.1232	+00.7206	0000.188
+01.1296	+00.7227	0000.189
+01.1348	+00.7236	0000.190
+01.1406	+00.7239	0000.191
+01.1473	+00.7248	0000.192
+01.1534	+00.7260	0000.193
+01.1595	+00.7270	0000.194
+01.1650	+00.7279	0000.195
+01.1711	+00.7285	0000.196
+01.1775	+00.7294	0000.197
+01.1833	+00.7297	0000.198
+01.1894	+00.7303	0000.199
+01.1955	+00.7309	0000.200
+01.2016	+00.7309	0000.201
+01.2074	+00.7322	0000.202
+01.2135	+00.7328	0000.203
+01.2193	+00.7334	0000.204
+01.2254	+00.7337	0000.205
+01.2315	+00.7337	0000.206
+01.2370	+00.7346	0000.207
+01.2431	+00.7349	0000.208
+01.2492	+00.7352	0000.209
+01.2550	+00.7361	0000.210
+01.2614	+00.7361	0000.211
+01.2675	+00.7367	0000.212
+01.2730	+00.7373	0000.213
+01.2794	+00.7373	0000.214
+01.2855	+00.7383	0000.215
+01.2910	+00.7386	0000.216
+01.2974	+00.7389	0000.217
+01.3032	+00.7398	0000.218
+01.3096	+00.7401	0000.219
+01.3154	+00.7407	0000.220
+01.3212	+00.7407	0000.221
+01.3276	+00.7416	0000.222
+01.3337	+00.7419	0000.223
+01.3398	+00.7425	0000.224
+01.3453	+00.7422	0000.225
+01.3511	+00.7434	0000.226
+01.3575	+00.7434	0000.227
+01.3639	+00.7434	0000.228
+01.3694	+00.7441	0000.229
+01.3755	+00.7444	0000.230
+01.3810	+00.7444	0000.231
+01.3877	+00.7453	0000.232
+01.3939	+00.7456	0000.233
+01.3996	+00.7456	0000.234
+01.4058	+00.7459	0000.235
+01.4116	+00.7462	0000.236
+01.4183	+00.7465	0000.237
+01.4231	+00.7471	0000.238
+01.4299	+00.7471	0000.239
+01.4354	+00.7477	0000.240
+01.4418	+00.7480	0000.241
+01.4479	+00.7486	0000.242
+01.4537	+00.7486	0000.243
+01.4598	+00.7489	0000.244
+01.4656	+00.7495	0000.245
+01.4717	+00.7495	0000.246
+01.4778	+00.7495	0000.247
+01.4833	+00.7502	0000.248
+01.4900	+00.7502	0000.249
+01.4955	+00.7508	0000.250
+01.5016	+00.7505	0000.251
+01.5074	+00.7511	0000.252
+01.5135	+00.7514	0000.253
+01.5196	+00.7517	0000.254
+01.5254	+00.7520	0000.255
+01.5321	+00.7523	0000.256
+01.5376	+00.7526	0000.257
+01.5437	+00.7520	0000.258
+01.5501	+00.7523	0000.259
+01.5556	+00.7529	0000.260
+01.5617	+00.7535	0000.261
+01.5684	+00.7532	0000.262
+01.5739	+00.7535	0000.263
+01.5797	+00.7538	0000.264
+01.5855	+00.7538	0000.265
+01.5922	+00.7541	0000.266
+01.5980	+00.7544	0000.267
+01.6035	+00.7547	0000.268
+01.6096	+00.7550	0000.269
+01.6157	+00.7550	0000.270
+01.6221	+00.7557	0000.271
+01.6276	+00.7560	0000.272
+01.6334	+00.7563	0000.273
+01.6398	+00.7563	0000.274
+01.6459	+00.7569	0000.275
+01.6520	+00.7566	0000.276
+01.6584	+00.7572	0000.277
+01.6639	+00.7569	0000.278
+01.6700	+00.7578	0000.279
+01.6758	+00.7572	0000.280
+01.6819	+00.7578	0000.281
+01.6877	+00.7581	0000.282
+01.6941	+00.7578	0000.283
+01.7002	+00.7581	0000.284
+01.7060	+00.7578	0000.285
+01.7125	+00.7584	0000.286
+01.7183	+00.7584	0000.287
+01.7241	+00.7587	0000.288
+01.7299	+00.7587	0000.289
+01.7363	+00.7584	0000.290
+01.7424	+00.7587	0000.291
+01.7482	+00.7590	0000.292
+01.7540	+00.7593	0000.293
+01.7604	+00.7593	0000.294
+01.7662	+00.7593	0000.295
+01.7723	+00.7590	0000.296
+01.7781	+00.7593	0000.297
+01.7839	+00.7593	0000.298
+01.7900	+00.7593	0000.299
+01.7961	+00.7602	0000.300
+01.8022	+00.7599	0000.301
+01.8077	+00.7599	0000.302
+01.8144	+00.7599	0000.303
+01.8199	+00.7602	0000.304
+01.8263	+00.7602	0000.305
+01.8324	+00.7602	0000.306
+01.8379	+00.7605	0000.307
+01.8443	+00.7605	0000.308
+01.8501	+00.7608	0000.309
+01.8562	+00.7608	0000.310
+01.8629	+00.7608	0000.311
+01.8684	+00.7611	0000.312
+01.8739	+00.7611	0000.313
+01.8803	+00.7608	0000.314
+01.8861	+00.7615	0000.315
+01.8916	+00.7615	0000.316
+01.8980	+00.7615	0000.317
+01.9047	+00.7618	0000.318
+01.9099	+00.7615	0000.319
+01.9157	+00.7621	0000.320
+01.9224	+00.7618	0000.321
+01.9282	+00.7618	0000.322
+01.9340	+00.7621	0000.323
+01.9404	+00.7621	0000.324
+01.9459	+00.7621	0000.325
+01.9520	+00.7624	0000.326
+01.9584	+00.7621	0000.327
+01.9645	+00.7630	0000.328
+01.9700	+00.7627	0000.329
+01.9767	+00.7627	0000.330
+01.9822	+00.7627	0000.331
+01.9883	+00.7630	0000.332
+01.9944	+00.7627	0000.333
+02.0002	+00.7633	0000.334
+02.0069	+00.7639	0000.335
+02.0124	+00.7627	0000.336
+02.0185	+00.7633	0000.337
+02.0250	+00.7633	0000.338
+02.0301	+00.7636	0000.339
+02.0359	+00.7633	0000.340
+02.0424	+00.7639	0000.341
+02.0488	+00.7636	0000.342
+02.0543	+00.7636	0000.343
+02.0607	+00.7639	0000.344
+02.0671	+00.7639	0000.345
+02.0723	+00.7639	0000.346
+02.0784	+00.7639	0000.347
+02.0845	+00.7642	0000.348
+02.0903	+00.7642	0000.349
+02.0964	+00.7642	0000.350
+02.1028	+00.7645	0000.351
+02.1086	+00.7645	0000.352
+02.1147	+00.7645	0000.353
+02.1202	+00.7648	0000.354
+02.1266	+00.7651	0000.355
+02.1324	+00.7645	0000.356
+02.1382	+00.7651	0000.357
+02.1446	+00.7648	0000.358
+02.1501	+00.7651	0000.359
+02.1565	+00.7651	0000.360
+02.1620	+00.7651	0000.361
+02.1687	+00.7654	0000.362
+02.1748	+00.7651	0000.363
+02.1806	+00.7654	0000.364
+02.1870	+00.7654	0000.365
+02.1922	+00.7654	0000.366
+02.1989	+00.7657	0000.367
+02.2050	+00.7657	0000.368
+02.2105	+00.7657	0000.369
+02.2166	+00.7657	0000.370
+02.2224	+00.7660	0000.371
+02.2288	+00.7663	0000.372
+02.2349	+00.7663	0000.373
+02.2407	+00.7666	0000.374
+02.2465	+00.7663	0000.375
+02.2523	+00.7663	0000.376
+02.2587	+00.7663	0000.377
+02.2648	+00.7663	0000.378
+02.2712	+00.7666	0000.379
+02.2767	+00.7666	0000.380
+02.2822	+00.7666	0000.381
+02.2895	+00.7672	0000.382
+02.2953	+00.7669	0000.383
+02.3002	+00.7672	0000.384
+02.3066	+00.7672	0000.385
+02.3130	+00.7672	0000.386
+02.3185	+00.7672	0000.387
+02.3249	+00.7676	0000.388
+02.3310	+00.7676	0000.389
+02.3365	+00.7679	0000.390
+02.3429	+00.7672	0000.391
+02.3491	+00.7676	0000.392
+02.3542	+00.7679	0000.393
+02.3610	+00.7682	0000.394
+02.3674	+00.7682	0000.395
+02.3722	+00.7682	0000.396
+02.3793	+00.7682	0000.397
+02.3848	+00.7685	0000.398
+02.3909	+00.7676	0000.399
+02.3967	+00.7685	0000.400
+02.4028	+00.7682	0000.401
+02.4089	+00.7688	0000.402
+02.4144	+00.7688	0000.403
+02.4211	+00.7685	0000.404
+02.4269	+00.7688	0000.405
+02.4327	+00.7688	0000.406
+02.4391	+00.7691	0000.407
+02.4446	+00.7685	0000.408
+02.4513	+00.7691	0000.409
+02.4571	+00.7691	0000.410
+02.4629	+00.7691	0000.411
+02.4690	+00.7694	0000.412
+02.4751	+00.7694	0000.413
+02.4809	+00.7691	0000.414
+02.4870	+00.7697	0000.415
+02.4931	+00.7694	0000.416
+02.4992	+00.7697	0000.417
+02.5053	+00.7700	0000.418
+02.5111	+00.7700	0000.419
+02.5169	+00.7697	0000.420
+02.5233	+00.7700	0000.421
+02.5288	+00.7700	0000.422
+02.5352	+00.7703	0000.423
+02.5404	+00.7700	0000.424
+02.5471	+00.7703	0000.425
+02.5529	+00.7703	0000.426
+02.5590	+00.7700	0000.427
+02.5651	+00.7700	0000.428
+02.5715	+00.7709	0000.429
+02.5773	+00.7706	0000.430
+02.5831	+00.7709	0000.431
+02.5892	+00.7709	0000.432
+02.5947	+00.7706	0000.433
+02.6011	+00.7709	0000.434
+02.6072	+00.7706	0000.435
+02.6133	+00.7712	0000.436
+02.6191	+00.7715	0000.437
+02.6255	+00.7712	0000.438
+02.6313	+00.7715	0000.439
+02.6371	+00.7715	0000.440
+02.6435	+00.7712	0000.441
+02.6490	+00.7718	0000.442
+02.6554	+00.7715	0000.443
+02.6616	+00.7712	0000.444
+02.6674	+00.7715	0000.445
+02.6728	+00.7715	0000.446
+02.6793	+00.7718	0000.447
+02.6854	+00.7718	0000.448
+02.6915	+00.7721	0000.449
+02.6970	+00.7715	0000.450
+02.7034	+00.7721	0000.451
+02.7092	+00.7721	0000.452
+02.7150	+00.7724	0000.453
+02.7211	+00.7727	0000.454
+02.7262	+00.7718	0000.455
+02.7333	+00.7727	0000.456
+02.7391	+00.7718	0000.457
+02.7455	+00.7727	0000.458
+02.7516	+00.7724	0000.459
+02.7574	+00.7724	0000.460
+02.7641	+00.7727	0000.461
+02.7699	+00.7730	0000.462
+02.7754	+00.7730	0000.463
+02.7818	+00.7727	0000.464
+02.7873	+00.7727	0000.465
+02.7934	+00.7730	0000.466
+02.7992	+00.7730	0000.467
+02.8053	+00.7737	0000.468
+02.8111	+00.7730	0000.469
+02.8181	+00.7730	0000.470
+02.8242	+00.7737	0000.471
+02.8291	+00.7734	0000.472
+02.8352	+00.7737	0000.473
+02.8419	+00.7740	0000.474
+02.8474	+00.7740	0000.475
+02.8541	+00.7740	0000.476
+02.8599	+00.7737	0000.477
+02.8651	+00.7737	0000.478
+02.8718	+00.7743	0000.479
+02.8776	+00.7743	0000.480
+02.8834	+00.7743	0000.481
+02.8895	+00.7743	0000.482
+02.8956	+00.7743	0000.483
+02.9020	+00.7746	0000.484
+02.9075	+00.7740	0000.485
+02.9139	+00.7749	0000.486
+02.9197	+00.7749	0000.487
+02.9258	+00.7749	0000.488
+02.9319	+00.7749	0000.489
+02.9377	+00.7746	0000.490
+02.9438	+00.7749	0000.491
+02.9499	+00.7752	0000.492
+02.9554	+00.7749	0000.493
+02.9618	+00.7755	0000.494
+02.9679	+00.7752	0000.495
+02.9737	+00.7752	0000.496
+02.9799	+00.7755	0000.497
+02.9856	+00.7755	0000.498
+02.9918	+00.7758	0000.499
+02.9979	+00.7755	0000.500
+03.0043	+00.7755	0000.501
+02.9979	+00.7755	0000.502
+02.9924	+00.7758	0000.503
+02.9866	+00.7755	0000.504
+02.9802	+00.7752	0000.505
+02.9744	+00.7755	0000.506
+02.9686	+00.7758	0000.507
+02.9618	+00.7752	0000.508
+02.9570	+00.7758	0000.509
+02.9502	+00.7755	0000.510
+02.9441	+00.7755	0000.511
+02.9383	+00.7755	0000.512
+02.9322	+00.7755	0000.513
+02.9264	+00.7758	0000.514
+02.9200	+00.7758	0000.515
+02.9139	+00.7755	0000.516
+02.9078	+00.7755	0000.517
+02.9020	+00.7755	0000.518
+02.8959	+00.7758	0000.519
+02.8895	+00.7758	0000.520
+02.8840	+00.7755	0000.521
+02.8782	+00.7755	0000.522
+02.8721	+00.7755	0000.523
+02.8654	+00.7761	0000.524
+02.8605	+00.7755	0000.525
+02.8544	+00.7758	0000.526
+02.8477	+00.7758	0000.527
+02.8419	+00.7752	0000.528
+02.8364	+00.7752	0000.529
+02.8300	+00.7752	0000.530
+02.8239	+00.7752	0000.531
+02.8178	+00.7749	0000.532
+02.8120	+00.7749	0000.533
+02.8056	+00.7758	0000.534
+02.7998	+00.7755	0000.535
+02.7937	+00.7752	0000.536
+02.7879	+00.7752	0000.537
+02.7818	+00.7749	0000.538
+02.7751	+00.7749	0000.539
+02.7702	+00.7755	0000.540
+02.7632	+00.7752	0000.541
+02.7574	+00.7746	0000.542
+02.7513	+00.7758	0000.543
+02.7455	+00.7755	0000.544
+02.7397	+00.7746	0000.545
+02.7339	+00.7749	0000.546
+02.7278	+00.7749	0000.547
+02.7217	+00.7749	0000.548
+02.7156	+00.7752	0000.549
+02.7098	+00.7749	0000.550
+02.7031	+00.7749	0000.551
+02.6973	+00.7749	0000.552
+02.6918	+00.7749	0000.553
+02.6854	+00.7749	0000.554
+02.6799	+00.7752	0000.555
+02.6731	+00.7749	0000.556
+02.6674	+00.7746	0000.557
+02.6616	+00.7749	0000.558
+02.6554	+00.7746	0000.559
+02.6496	+00.7749	0000.560
+02.6432	+00.7746	0000.561
+02.6384	+00.7746	0000.562
+02.6319	+00.7749	0000.563
+02.6255	+00.7746	0000.564
+02.6197	+00.7752	0000.565
+02.6139	+00.7743	0000.566
+02.6072	+00.7746	0000.567
+02.6011	+00.7746	0000.568
+02.5950	+00.7746	0000.569
+02.5892	+00.7749	0000.570
+02.5834	+00.7746	0000.571
+02.5779	+00.7743	0000.572
+02.5712	+00.7743	0000.573
+02.5651	+00.7746	0000.574
+02.5596	+00.7749	0000.575
+02.5532	+00.7743	0000.576
+02.5474	+00.7743	0000.577
+02.5416	+00.7743	0000.578
+02.5352	+00.7743	0000.579
+02.5291	+00.7746	0000.580
+02.5233	+00.7746	0000.581
+02.5175	+00.7740	0000.582
+02.5108	+00.7740	0000.583
+02.5047	+00.7740	0000.584
+02.4998	+00.7740	0000.585
+02.4934	+00.7743	0000.586
+02.4870	+00.7740	0000.587
+02.4809	+00.7740	0000.588
+02.4754	+00.7740	0000.589
+02.4693	+00.7737	0000.590
+02.4638	+00.7740	0000.591
+02.4577	+00.7740	0000.592
+02.4513	+00.7737	0000.593
+02.4455	+00.7740	0000.594
+02.4394	+00.7743	0000.595
+02.4333	+00.7740	0000.596
+02.4272	+00.7737	0000.597
+02.4211	+00.7737	0000.598
+02.4156	+00.7740	0000.599
+02.4089	+00.7734	0000.600
+02.4031	+00.7737	0000.601
+02.3967	+00.7737	0000.602
+02.3906	+00.7734	0000.603
+02.3857	+00.7737	0000.604
+02.3793	+00.7737	0000.605
+02.3726	+00.7737	0000.606
+02.3674	+00.7734	0000.607
+02.3613	+00.7737	0000.608
+02.3549	+00.7737	0000.609
+02.3491	+00.7734	0000.610
+02.3429	+00.7730	0000.611
+02.3371	+00.7734	0000.612
+02.3314	+00.7730	0000.613
+02.3256	+00.7734	0000.614
+02.3194	+00.7730	0000.615
+02.3133	+00.7730	0000.616
+02.3075	+00.7730	0000.617
+02.3008	+00.7730	0000.618
+02.2944	+00.7734	0000.619
+02.2892	+00.7730	0000.620
+02.2834	+00.7734	0000.621
+02.2773	+00.7734	0000.622
+02.2712	+00.7730	0000.623
+02.2642	+00.7737	0000.624
+02.2593	+00.7727	0000.625
+02.2532	+00.7727	0000.626
+02.2468	+00.7727	0000.627
+02.2410	+00.7727	0000.628
+02.2355	+00.7724	0000.629
+02.2288	+00.7730	0000.630
+02.2227	+00.7730	0000.631
+02.2175	+00.7730	0000.632
+02.2108	+00.7727	0000.633
+02.2050	+00.7727	0000.634
+02.1986	+00.7727	0000.635
+02.1931	+00.7724	0000.636
+02.1873	+00.7724	0000.637
+02.1803	+00.7727	0000.638
+02.1742	+00.7724	0000.639
+02.1687	+00.7727	0000.640
+02.1623	+00.7724	0000.641
+02.1574	+00.7721	0000.642
+02.1510	+00.7727	0000.643
+02.1452	+00.7718	0000.644
+02.1388	+00.7727	0000.645
+02.1330	+00.7724	0000.646
+02.1266	+00.7721	0000.647
+02.1211	+00.7727	0000.648
+02.1153	+00.7721	0000.649
+02.1092	+00.7724	0000.650
+02.1028	+00.7721	0000.651
+02.0967	+00.7721	0000.652
+02.0906	+00.7721	0000.653
+02.0851	+00.7718	0000.654
+02.0784	+00.7718	0000.655
+02.0732	+00.7721	0000.656
+02.0671	+00.7721	0000.657
+02.0607	+00.7718	0000.658
+02.0549	+00.7718	0000.659
+02.0491	+00.7718	0000.660
+02.0430	+00.7718	0000.661
+02.0366	+00.7721	0000.662
+02.0304	+00.7718	0000.663
+02.0246	+00.7715	0000.664
+02.0189	+00.7718	0000.665
+02.0127	+00.7718	0000.666
+02.0066	+00.7715	0000.667
+02.0008	+00.7715	0000.668
+01.9944	+00.7715	0000.669
+01.9889	+00.7712	0000.670
+01.9828	+00.7715	0000.671
+01.9767	+00.7712	0000.672
+01.9709	+00.7712	0000.673
+01.9639	+00.7715	0000.674
+01.9593	+00.7712	0000.675
+01.9526	+00.7712	0000.676
+01.9465	+00.7715	0000.677
+01.9410	+00.7709	0000.678
+01.9346	+00.7712	0000.679
+01.9285	+00.7715	0000.680
+01.9224	+00.7712	0000.681
+01.9163	+00.7712	0000.682
+01.9102	+00.7709	0000.683
+01.9047	+00.7712	0000.684
+01.8986	+00.7712	0000.685
+01.8922	+00.7709	0000.686
+01.8864	+00.7712	0000.687
+01.8803	+00.7712	0000.688
+01.8748	+00.7709	0000.689
+01.8693	+00.7709	0000.690
+01.8626	+00.7709	0000.691
+01.8568	+00.7709	0000.692
+01.8504	+00.7703	0000.693
+01.8443	+00.7706	0000.694
+01.8385	+00.7706	0000.695
+01.8330	+00.7706	0000.696
+01.8260	+00.7709	0000.697
+01.8205	+00.7706	0000.698
+01.8144	+00.7703	0000.699
+01.8083	+00.7706	0000.700
+01.8025	+00.7706	0000.701
+01.7964	+00.7703	0000.702
+01.7900	+00.7703	0000.703
+01.7845	+00.7700	0000.704
+01.7781	+00.7706	0000.705
+01.7726	+00.7703	0000.706
+01.7665	+00.7706	0000.707
+01.7610	+00.7700	0000.708
+01.7543	+00.7703	0000.709
+01.7485	+00.7700	0000.710
+01.7421	+00.7703	0000.711
+01.7366	+00.7703	0000.712
+01.7305	+00.7703	0000.713
+01.7241	+00.7700	0000.714
+01.7186	+00.7700	0000.715
+01.7121	+00.7700	0000.716
+01.7070	+00.7694	0000.717
+01.7002	+00.7697	0000.718
+01.6948	+00.7700	0000.719
+01.6883	+00.7697	0000.720
+01.6822	+00.7697	0000.721
+01.6764	+00.7694	0000.722
+01.6706	+00.7697	0000.723
+01.6642	+00.7697	0000.724
+01.6581	+00.7694	0000.725
+01.6520	+00.7697	0000.726
+01.6459	+00.7697	0000.727
+01.6401	+00.7694	0000.728
+01.6343	+00.7694	0000.729
+01.6279	+00.7697	0000.730
+01.6224	+00.7691	0000.731
+01.6160	+00.7691	0000.732
+01.6102	+00.7694	0000.733
+01.6038	+00.7694	0000.734
+01.5980	+00.7694	0000.735
+01.5922	+00.7691	0000.736
+01.5861	+00.7691	0000.737
+01.5800	+00.7688	0000.738
+01.5742	+00.7694	0000.739
+01.5681	+00.7688	0000.740
+01.5620	+00.7691	0000.741
+01.5559	+00.7688	0000.742
+01.5504	+00.7688	0000.743
+01.5443	+00.7691	0000.744
+01.5379	+00.7688	0000.745
+01.5324	+00.7688	0000.746
+01.5260	+00.7688	0000.747
+01.5202	+00.7688	0000.748
+01.5138	+00.7685	0000.749
+01.5083	+00.7688	0000.750
+01.5028	+00.7688	0000.751
+01.4958	+00.7685	0000.752
+01.4903	+00.7682	0000.753
+01.4842	+00.7688	0000.754
+01.4784	+00.7685	0000.755
+01.4717	+00.7682	0000.756
+01.4662	+00.7685	0000.757
+01.4604	+00.7682	0000.758
+01.4537	+00.7682	0000.759
+01.4476	+00.7682	0000.760
+01.4418	+00.7682	0000.761
+01.4354	+00.7679	0000.762
+01.4299	+00.7679	0000.763
+01.4241	+00.7676	0000.764
+01.4183	+00.7682	0000.765
+01.4116	+00.7679	0000.766
+01.4064	+00.7676	0000.767
+01.4000	+00.7676	0000.768
+01.3942	+00.7679	0000.769
+01.3881	+00.7672	0000.770
+01.3819	+00.7676	0000.771
+01.3758	+00.7679	0000.772
+01.3694	+00.7672	0000.773
+01.3639	+00.7672	0000.774
+01.3581	+00.7679	0000.775
+01.3520	+00.7672	0000.776
+01.3459	+00.7676	0000.777
+01.3398	+00.7672	0000.778
+01.3337	+00.7672	0000.779
+01.3279	+00.7669	0000.780
+01.3218	+00.7672	0000.781
+01.3160	+00.7672	0000.782
+01.3099	+00.7672	0000.783
+01.3038	+00.7672	0000.784
+01.2977	+00.7669	0000.785
+01.2919	+00.7669	0000.786
+01.2852	+00.7669	0000.787
+01.2794	+00.7669	0000.788
+01.2739	+00.7669	0000.789
+01.2678	+00.7669	0000.790
+01.2614	+00.7666	0000.791
+01.2559	+00.7663	0000.792
+01.2501	+00.7669	0000.793
+01.2437	+00.7669	0000.794
+01.2379	+00.7666	0000.795
+01.2321	+00.7663	0000.796
+01.2254	+00.7669	0000.797
+01.2199	+00.7660	0000.798
+01.2135	+00.7666	0000.799
+01.2074	+00.7657	0000.800
+01.2013	+00.7663	0000.801
+01.1958	+00.7666	0000.802
+01.1894	+00.7663	0000.803
+01.1836	+00.7663	0000.804
+01.1778	+00.7666	0000.805
+01.1714	+00.7660	0000.806
+01.1656	+00.7660	0000.807
+01.1598	+00.7657	0000.808
+01.1534	+00.7660	0000.809
+01.1476	+00.7660	0000.810
+01.1418	+00.7660	0000.811
+01.1357	+00.7654	0000.812
+01.1296	+00.7654	0000.813
+01.1235	+00.7660	0000.814
+01.1174	+00.7651	0000.815
+01.1116	+00.7651	0000.816
+01.1055	+00.7654	0000.817
+01.0994	+00.7654	0000.818
+01.0939	+00.7651	0000.819
+01.0881	+00.7651	0000.820
+01.0817	+00.7651	0000.821
+01.0752	+00.7651	0000.822
+01.0694	+00.7651	0000.823
+01.0637	+00.7651	0000.824
+01.0579	+00.7648	0000.825
+01.0514	+00.7648	0000.826
+01.0453	+00.7645	0000.827
+01.0395	+00.7645	0000.828
+01.0331	+00.7648	0000.829
+01.0270	+00.7645	0000.830
+01.0215	+00.7648	0000.831
+01.0157	+00.7645	0000.832
+01.0087	+00.7648	0000.833
+01.0035	+00.7645	0000.834
+00.9974	+00.7642	0000.835
+00.9907	+00.7648	0000.836
+00.9858	+00.7645	0000.837
+00.9791	+00.7642	0000.838
+00.9730	+00.7642	0000.839
+00.9675	+00.7645	0000.840
+00.9611	+00.7639	0000.841
+00.9550	+00.7639	0000.842
+00.9489	+00.7639	0000.843
+00.9434	+00.7639	0000.844
+00.9373	+00.7639	0000.845
+00.9312	+00.7642	0000.846
+00.9254	+00.7639	0000.847
+00.9193	+00.7639	0000.848
+00.9135	+00.7633	0000.849
+00.9074	+00.7639	0000.850
+00.9010	+00.7633	0000.851
+00.8952	+00.7639	0000.852
+00.8891	+00.7633	0000.853
+00.8827	+00.7630	0000.854
+00.8775	+00.7633	0000.855
+00.8705	+00.7633	0000.856
+00.8653	+00.7630	0000.857
+00.8595	+00.7627	0000.858
+00.8531	+00.7633	0000.859
+00.8470	+00.7627	0000.860
+00.8409	+00.7636	0000.861
+00.8351	+00.7627	0000.862
+00.8293	+00.7630	0000.863
+00.8232	+00.7627	0000.864
+00.8168	+00.7627	0000.865
+00.8113	+00.7624	0000.866
+00.8049	+00.7627	0000.867
+00.7994	+00.7624	0000.868
+00.7930	+00.7624	0000.869
+00.7875	+00.7627	0000.870
+00.7814	+00.7627	0000.871
+00.7753	+00.7624	0000.872
+00.7692	+00.7621	0000.873
+00.7627	+00.7624	0000.874
+00.7573	+00.7618	0000.875
+00.7508	+00.7618	0000.876
+00.7447	+00.7618	0000.877
+00.7392	+00.7621	0000.878
+00.7328	+00.7618	0000.879
+00.7267	+00.7615	0000.880
+00.7209	+00.7615	0000.881
+00.7148	+00.7615	0000.882
+00.7090	+00.7615	0000.883
+00.7029	+00.7615	0000.884
+00.6968	+00.7611	0000.885
+00.6910	+00.7618	0000.886
+00.6846	+00.7615	0000.887
+00.6788	+00.7608	0000.888
+00.6727	+00.7608	0000.889
+00.6669	+00.7611	0000.890
+00.6608	+00.7605	0000.891
+00.6550	+00.7608	0000.892
+00.6486	+00.7608	0000.893
+00.6428	+00.7605	0000.894
+00.6364	+00.7605	0000.895
+00.6306	+00.7608	0000.896
+00.6245	+00.7602	0000.897
+00.6187	+00.7605	0000.898
+00.6126	+00.7602	0000.899
+00.6074	+00.7599	0000.900
+00.6004	+00.7602	0000.901
+00.5946	+00.7602	0000.902
+00.5885	+00.7602	0000.903
+00.5830	+00.7602	0000.904
+00.5769	+00.7602	0000.905
+00.5708	+00.7596	0000.906
+00.5650	+00.7596	0000.907
+00.5589	+00.7593	0000.908
+00.5525	+00.7596	0000.909
+00.5464	+00.7596	0000.910
+00.5409	+00.7590	0000.911
+00.5345	+00.7593	0000.912
+00.5290	+00.7590	0000.913
+00.5226	+00.7593	0000.914
+00.5165	+00.7590	0000.915
+00.5107	+00.7590	0000.916
+00.5046	+00.7587	0000.917
+00.4985	+00.7590	0000.918
+00.4927	+00.7587	0000.919
+00.4869	+00.7587	0000.920
+00.4802	+00.7584	0000.921
+00.4744	+00.7587	0000.922
+00.4689	+00.7584	0000.923
+00.4628	+00.7584	0000.924
+00.4564	+00.7581	0000.925
+00.4509	+00.7578	0000.926
+00.4444	+00.7578	0000.927
+00.4380	+00.7584	0000.928
+00.4325	+00.7575	0000.929
+00.4261	+00.7578	0000.930
+00.4206	+00.7575	0000.931
+00.4145	+00.7575	0000.932
+00.4084	+00.7572	0000.933
+00.4026	+00.7575	0000.934
+00.3965	+00.7572	0000.935
+00.3904	+00.7566	0000.936
+00.3846	+00.7569	0000.937
+00.3785	+00.7569	0000.938
+00.3727	+00.7563	0000.939
+00.3666	+00.7566	0000.940
+00.3599	+00.7563	0000.941
+00.3541	+00.7560	0000.942
+00.3486	+00.7563	0000.943
+00.3422	+00.7560	0000.944
+00.3364	+00.7557	0000.945
+00.3300	+00.7557	0000.946
+00.3242	+00.7553	0000.947
+00.3181	+00.7550	0000.948
+00.3126	+00.7553	0000.949
+00.3062	+00.7553	0000.950
+00.3001	+00.7550	0000.951
+00.2946	+00.7547	0000.952
+00.2882	+00.7550	0000.953
+00.2824	+00.7547	0000.954
+00.2766	+00.7547	0000.955
+00.2702	+00.7541	0000.956
+00.2644	+00.7544	0000.957
+00.2586	+00.7535	0000.958
+00.2519	+00.7541	0000.959
+00.2467	+00.7535	0000.960
+00.2403	+00.7538	0000.961
+00.2339	+00.7532	0000.962
+00.2281	+00.7526	0000.963
+00.2223	+00.7529	0000.964
+00.2162	+00.7529	0000.965
+00.2107	+00.7523	0000.966
+00.2043	+00.7526	0000.967
+00.1982	+00.7517	0000.968
+00.1927	+00.7520	0000.969
+00.1860	+00.7514	0000.970
+00.1799	+00.7511	0000.971
+00.1738	+00.7511	0000.972
+00.1677	+00.7508	0000.973
+00.1619	+00.7508	0000.974
+00.1561	+00.7508	0000.975
+00.1503	+00.7505	0000.976
+00.1445	+00.7502	0000.977
+00.1377	+00.7499	0000.978
+00.1326	+00.7495	0000.979
+00.1258	+00.7492	0000.980
+00.1200	+00.7486	0000.981
+00.1139	+00.7486	0000.982
+00.1075	+00.7483	0000.983
+00.1023	+00.7483	0000.984
+00.0959	+00.7480	0000.985
+00.0901	+00.7474	0000.986
+00.0843	+00.7480	0000.987
+00.0779	+00.7474	0000.988
+00.0718	+00.7468	0000.989
+00.0663	+00.7465	0000.990
+00.0596	+00.7459	0000.991
+00.0538	+00.7456	0000.992
+00.0480	+00.7453	0000.993
+00.0419	+00.7447	0000.994
+00.0358	+00.7441	0000.995
+00.0297	+00.7441	0000.996
+00.0239	+00.7434	0000.997
+00.0175	+00.7425	0000.998
+00.0123	+00.7422	0000.999
