R,Ohm	C,pF	Temp,C
0000000000	0000100000	+025.00
Ch1,V	Ch2,V	Time,s
-00.0002	-00.0009	0000.000
+00.0001	-00.0012	0000.001
-00.0222	-00.0015	0000.002
-00.0447	-00.0015	0000.003
-00.0676	-00.0030	0000.004
-00.0899	-00.0033	0000.005
-00.1128	-00.0045	0000.006
-00.1354	-00.0061	0000.007
-00.1577	-00.0076	0000.008
-00.1799	-00.0094	0000.009
-00.2025	-00.0122	0000.010
-00.2251	-00.0146	0000.011
-00.2477	-00.0174	0000.012
-00.2700	-00.0210	0000.013
-00.2932	-00.0244	0000.014
-00.3154	-00.0283	0000.015
-00.3377	-00.0326	0000.016
-00.3603	-00.0366	0000.017
-00.3829	-00.0409	0000.018
-00.4058	-00.0451	0000.019
-00.4271	-00.0503	0000.020
-00.4500	-00.0555	0000.021
-00.4735	-00.0601	0000.022
-00.4958	-00.0653	0000.023
-00.5181	-00.0708	0000.024
-00.5404	-00.0760	0000.025
-00.5629	-00.0818	0000.026
-00.5855	-00.0875	0000.027
-00.6078	-00.0927	0000.028
-00.6307	-00.0988	0000.029
-00.6533	-00.1043	0000.030
-00.6759	-00.1104	0000.031
-00.6978	-00.1165	0000.032
-00.7207	-00.1220	0000.033
-00.7436	-00.1281	0000.034
-00.7659	-00.1339	0000.035
-00.7882	-00.1403	0000.036
-00.8107	-00.1458	0000.037
-00.8339	-00.1516	0000.038
-00.8562	-00.1580	0000.039
-00.8782	-00.1632	0000.040
-00.9014	-00.1693	0000.041
-00.9237	-00.1748	0000.042
-00.9453	-00.1806	0000.043
-00.9682	-00.1864	0000.044
-00.9908	-00.1916	0000.045
-01.0140	-00.1971	0000.046
-01.0363	-00.2026	0000.047
-01.0592	-00.2081	0000.048
-01.0811	-00.2139	0000.049
-01.1034	-00.2188	0000.050
-01.1266	-00.2234	0000.051
-01.1489	-00.2288	0000.052
-01.1715	-00.2340	0000.053
-01.1937	-00.2386	0000.054
-01.2166	-00.2438	0000.055
-01.2392	-00.2481	0000.056
-01.2612	-00.2530	0000.057
-01.2838	-00.2575	0000.058
-01.3066	-00.2624	0000.059
-01.3289	-00.2670	0000.060
-01.3518	-00.2713	0000.061
-01.3744	-00.2755	0000.062
-01.3967	-00.2795	0000.063
-01.4193	-00.2838	0000.064
-01.4415	-00.2877	0000.065
-01.4638	-00.2920	0000.066
-01.4867	-00.2960	0000.067
-01.5087	-00.2993	0000.068
-01.5313	-00.3030	0000.069
-01.5545	-00.3070	0000.070
-01.5773	-00.3106	0000.071
-01.5996	-00.3137	0000.072
-01.6222	-00.3173	0000.073
-01.6445	-00.3210	0000.074
-01.6677	-00.3247	0000.075
-01.6890	-00.3277	0000.076
-01.7122	-00.3308	0000.077
-01.7348	-00.3341	0000.078
-01.7568	-00.3369	0000.079
-01.7800	-00.3402	0000.080
-01.8019	-00.3430	0000.081
-01.8248	-00.3457	0000.082
-01.8474	-00.3488	0000.083
-01.8697	-00.3518	0000.084
-01.8926	-00.3537	0000.085
-01.9155	-00.3570	0000.086
-01.9374	-00.3601	0000.087
-01.9606	-00.3625	0000.088
-01.9826	-00.3646	0000.089
-02.0049	-00.3671	0000.090
-02.0275	-00.3698	0000.091
-02.0504	-00.3720	0000.092
-02.0726	-00.3744	0000.093
-02.0952	-00.3762	0000.094
-02.1178	-00.3790	0000.095
-02.1398	-00.3811	0000.096
-02.1627	-00.3836	0000.097
-02.1859	-00.3854	0000.098
-02.2081	-00.3869	0000.099
-02.2301	-00.3897	0000.100
-02.2536	-00.3915	0000.101
-02.2753	-00.3933	0000.102
-02.2979	-00.3955	0000.103
-02.3204	-00.3976	0000.104
-02.3427	-00.3988	0000.105
-02.3653	-00.4007	0000.106
-02.3882	-00.4028	0000.107
-02.4111	-00.4049	0000.108
-02.4331	-00.4065	0000.109
-02.4553	-00.4080	0000.110
-02.4779	-00.4098	0000.111
-02.5008	-00.4110	0000.112
-02.5231	-00.4135	0000.113
-02.5460	-00.4144	0000.114
-02.5682	-00.4159	0000.115
-02.5908	-00.4177	0000.116
-02.6134	-00.4196	0000.117
-02.6357	-00.4208	0000.118
-02.6583	-00.4223	0000.119
-02.6809	-00.4239	0000.120
-02.7031	-00.4248	0000.121
-02.7257	-00.4266	0000.122
-02.7486	-00.4278	0000.123
-02.7712	-00.4293	0000.124
-02.7935	-00.4309	0000.125
-02.8157	-00.4318	0000.126
-02.8386	-00.4327	0000.127
-02.8612	-00.4342	0000.128
-02.8844	-00.4361	0000.129
-02.9064	-00.4370	0000.130
-02.9290	-00.4385	0000.131
-02.9503	-00.4397	0000.132
-02.9738	-00.4406	0000.133
-02.9961	-00.4419	0000.134
-03.0184	-00.4431	0000.135
-03.0416	-00.4443	0000.136
-03.0639	-00.4452	0000.137
-03.0864	-00.4464	0000.138
-03.1093	-00.4480	0000.139
-03.1313	-00.4489	0000.140
-03.1542	-00.4498	0000.141
-03.1768	-00.4507	0000.142
-03.1993	-00.4519	0000.143
-03.2216	-00.4528	0000.144
-03.2442	-00.4541	0000.145
-03.2665	-00.4550	0000.146
-03.2888	-00.4565	0000.147
-03.3120	-00.4574	0000.148
-03.3345	-00.4583	0000.149
-03.3568	-00.4596	0000.150
-03.3794	-00.4602	0000.151
-03.4011	-00.4614	0000.152
-03.4240	-00.4620	0000.153
-03.4472	-00.4632	0000.154
-03.4694	-00.4647	0000.155
-03.4926	-00.4647	0000.156
-03.5146	-00.4663	0000.157
-03.5369	-00.4666	0000.158
-03.5598	-00.4678	0000.159
-03.5820	-00.4690	0000.160
-03.6046	-00.4699	0000.161
-03.6269	-00.4708	0000.162
-03.6498	-00.4712	0000.163
-03.6724	-00.4724	0000.164
-03.6953	-00.4736	0000.165
-03.7175	-00.4745	0000.166
-03.7398	-00.4754	0000.167
-03.7624	-00.4763	0000.168
-03.7856	-00.4773	0000.169
-03.8076	-00.4779	0000.170
-03.8301	-00.4791	0000.171
-03.8524	-00.4797	0000.172
-03.8750	-00.4809	0000.173
-03.8973	-00.4815	0000.174
-03.9202	-00.4824	0000.175
-03.9428	-00.4834	0000.176
-03.9647	-00.4843	0000.177
-03.9879	-00.4852	0000.178
-04.0105	-00.4861	0000.179
-04.0325	-00.4867	0000.180
-04.0548	-00.4876	0000.181
-04.0786	-00.4885	0000.182
-04.1005	-00.4895	0000.183
-04.1231	-00.4907	0000.184
-04.1457	-00.4916	0000.185
-04.1683	-00.4922	0000.186
-04.1899	-00.4928	0000.187
-04.2134	-00.4937	0000.188
-04.2360	-00.4947	0000.189
-04.2580	-00.4956	0000.190
-04.2800	-00.4962	0000.191
-04.3038	-00.4974	0000.192
-04.3264	-00.4980	0000.193
-04.3480	-00.4989	0000.194
-04.3715	-00.4998	0000.195
-04.3935	-00.5005	0000.196
-04.4161	-00.5020	0000.197
-04.4378	-00.5020	0000.198
-04.4609	-00.5035	0000.199
-04.4838	-00.5041	0000.200
-04.5064	-00.5050	0000.201
-04.4844	-00.5050	0000.202
-04.4609	-00.5047	0000.203
-04.4384	-00.5044	0000.204
-04.4161	-00.5044	0000.205
-04.3935	-00.5044	0000.206
-04.3712	-00.5044	0000.207
-04.3486	-00.5038	0000.208
-04.3258	-00.5038	0000.209
-04.3032	-00.5041	0000.210
-04.2812	-00.5032	0000.211
-04.2586	-00.5029	0000.212
-04.2360	-00.5029	0000.213
-04.2131	-00.5026	0000.214
-04.1909	-00.5023	0000.215
-04.1689	-00.5020	0000.216
-04.1463	-00.5017	0000.217
-04.1234	-00.5014	0000.218
-04.1005	-00.5014	0000.219
-04.0780	-00.5011	0000.220
-04.0554	-00.5001	0000.221
-04.0334	-00.4998	0000.222
-04.0108	-00.4995	0000.223
-03.9879	-00.4995	0000.224
-03.9660	-00.4989	0000.225
-03.9431	-00.4983	0000.226
-03.9208	-00.4977	0000.227
-03.8979	-00.4977	0000.228
-03.8753	-00.4974	0000.229
-03.8530	-00.4974	0000.230
-03.8301	-00.4968	0000.231
-03.8079	-00.4959	0000.232
-03.7853	-00.4959	0000.233
-03.7630	-00.4956	0000.234
-03.7398	-00.4953	0000.235
-03.7178	-00.4947	0000.236
-03.6943	-00.4943	0000.237
-03.6721	-00.4937	0000.238
-03.6504	-00.4931	0000.239
-03.6272	-00.4928	0000.240
-03.6046	-00.4922	0000.241
-03.5826	-00.4919	0000.242
-03.5601	-00.4913	0000.243
-03.5366	-00.4910	0000.244
-03.5149	-00.4910	0000.245
-03.4926	-00.4898	0000.246
-03.4700	-00.4898	0000.247
-03.4472	-00.4892	0000.248
-03.4243	-00.4885	0000.249
-03.4023	-00.4879	0000.250
-03.3791	-00.4873	0000.251
-03.3565	-00.4873	0000.252
-03.3342	-00.4867	0000.253
-03.3123	-00.4861	0000.254
-03.2897	-00.4855	0000.255
-03.2662	-00.4852	0000.256
-03.2442	-00.4846	0000.257
-03.2219	-00.4837	0000.258
-03.1987	-00.4834	0000.259
-03.1765	-00.4828	0000.260
-03.1545	-00.4821	0000.261
-03.1316	-00.4812	0000.262
-03.1093	-00.4812	0000.263
-03.0864	-00.4806	0000.264
-03.0642	-00.4794	0000.265
-03.0419	-00.4791	0000.266
-03.0196	-00.4785	0000.267
-02.9970	-00.4782	0000.268
-02.9741	-00.4773	0000.269
-02.9512	-00.4766	0000.270
-02.9290	-00.4763	0000.271
-02.9064	-00.4754	0000.272
-02.8838	-00.4748	0000.273
-02.8612	-00.4742	0000.274
-02.8383	-00.4736	0000.275
-02.8160	-00.4730	0000.276
-02.7941	-00.4718	0000.277
-02.7712	-00.4721	0000.278
-02.7486	-00.4702	0000.279
-02.7266	-00.4699	0000.280
-02.7034	-00.4693	0000.281
-02.6809	-00.4687	0000.282
-02.6586	-00.4678	0000.283
-02.6366	-00.4669	0000.284
-02.6137	-00.4666	0000.285
-02.5911	-00.4657	0000.286
-02.5686	-00.4651	0000.287
-02.5463	-00.4638	0000.288
-02.5234	-00.4629	0000.289
-02.5008	-00.4620	0000.290
-02.4785	-00.4614	0000.291
-02.4562	-00.4611	0000.292
-02.4337	-00.4599	0000.293
-02.4108	-00.4586	0000.294
-02.3885	-00.4580	0000.295
-02.3656	-00.4571	0000.296
-02.3430	-00.4565	0000.297
-02.3207	-00.4553	0000.298
-02.2979	-00.4544	0000.299
-02.2759	-00.4535	0000.300
-02.2533	-00.4528	0000.301
-02.2307	-00.4516	0000.302
-02.2078	-00.4507	0000.303
-02.1856	-00.4495	0000.304
-02.1630	-00.4486	0000.305
-02.1407	-00.4477	0000.306
-02.1181	-00.4467	0000.307
-02.0952	-00.4452	0000.308
-02.0726	-00.4443	0000.309
-02.0504	-00.4431	0000.310
-02.0278	-00.4428	0000.311
-02.0046	-00.4406	0000.312
-01.9832	-00.4397	0000.313
-01.9606	-00.4388	0000.314
-01.9378	-00.4370	0000.315
-01.9158	-00.4361	0000.316
-01.8926	-00.4348	0000.317
-01.8700	-00.4339	0000.318
-01.8471	-00.4330	0000.319
-01.8248	-00.4315	0000.320
-01.8026	-00.4300	0000.321
-01.7800	-00.4284	0000.322
-01.7574	-00.4269	0000.323
-01.7348	-00.4263	0000.324
-01.7128	-00.4242	0000.325
-01.6899	-00.4229	0000.326
-01.6677	-00.4214	0000.327
-01.6451	-00.4196	0000.328
-01.6222	-00.4177	0000.329
-01.5999	-00.4165	0000.330
-01.5776	-00.4147	0000.331
-01.5548	-00.4129	0000.332
-01.5322	-00.4113	0000.333
-01.5096	-00.4098	0000.334
-01.4870	-00.4083	0000.335
-01.4644	-00.4058	0000.336
-01.4415	-00.4043	0000.337
-01.4193	-00.4028	0000.338
-01.3970	-00.4007	0000.339
-01.3741	-00.3991	0000.340
-01.3518	-00.3970	0000.341
-01.3295	-00.3949	0000.342
-01.3066	-00.3930	0000.343
-01.2841	-00.3903	0000.344
-01.2618	-00.3888	0000.345
-01.2395	-00.3866	0000.346
-01.2169	-00.3845	0000.347
-01.1940	-00.3820	0000.348
-01.1718	-00.3796	0000.349
-01.1489	-00.3775	0000.350
-01.1266	-00.3753	0000.351
-01.1040	-00.3726	0000.352
-01.0817	-00.3698	0000.353
-01.0595	-00.3671	0000.354
-01.0363	-00.3646	0000.355
-01.0134	-00.3619	0000.356
-00.9917	-00.3592	0000.357
-00.9688	-00.3564	0000.358
-00.9459	-00.3534	0000.359
-00.9237	-00.3503	0000.360
-00.9014	-00.3476	0000.361
-00.8788	-00.3442	0000.362
-00.8562	-00.3411	0000.363
-00.8336	-00.3381	0000.364
-00.8113	-00.3347	0000.365
-00.7888	-00.3311	0000.366
-00.7662	-00.3280	0000.367
-00.7436	-00.3244	0000.368
-00.7210	-00.3207	0000.369
-00.6987	-00.3167	0000.370
-00.6762	-00.3134	0000.371
-00.6533	-00.3097	0000.372
-00.6307	-00.3051	0000.373
-00.6081	-00.3015	0000.374
-00.5858	-00.2972	0000.375
-00.5635	-00.2932	0000.376
-00.5410	-00.2884	0000.377
-00.5181	-00.2841	0000.378
-00.4958	-00.2798	0000.379
-00.4732	-00.2749	0000.380
-00.4509	-00.2700	0000.381
-00.4277	-00.2649	0000.382
-00.4058	-00.2603	0000.383
-00.3832	-00.2554	0000.384
-00.3603	-00.2499	0000.385
-00.3380	-00.2444	0000.386
-00.3157	-00.2389	0000.387
-00.2929	-00.2334	0000.388
-00.2709	-00.2273	0000.389
-00.2483	-00.2218	0000.390
-00.2251	-00.2157	0000.391
-00.2028	-00.2093	0000.392
-00.1802	-00.2029	0000.393
-00.1577	-00.1965	0000.394
-00.1354	-00.1898	0000.395
-00.1128	-00.1831	0000.396
-00.0899	-00.1760	0000.397
-00.0682	-00.1693	0000.398
-00.0454	-00.1614	0000.399
