R,Ohm	C,pF	Temp,C
0000000000	0000100000	+025.00
Ch1,V	Ch2,V	Time,s
+00.0001	-00.0009	0000.000
+00.0001	-00.0009	0000.001
-00.0039	-00.0006	0000.002
-00.0084	-00.0009	0000.003
-00.0118	-00.0003	0000.004
-00.0158	-00.0006	0000.005
-00.0200	-00.0009	0000.006
-00.0240	-00.0006	0000.007
-00.0280	-00.0006	0000.008
-00.0319	-00.0012	0000.009
-00.0362	-00.0009	0000.010
-00.0402	-00.0009	0000.011
-00.0444	-00.0009	0000.012
-00.0481	-00.0009	0000.013
-00.0524	-00.0012	0000.014
-00.0557	-00.0012	0000.015
-00.0597	-00.0009	0000.016
-00.0643	-00.0009	0000.017
-00.0679	-00.0012	0000.018
-00.0722	-00.0015	0000.019
-00.0762	-00.0012	0000.020
-00.0805	-00.0009	0000.021
-00.0844	-00.0009	0000.022
-00.0881	-00.0015	0000.023
-00.0924	-00.0015	0000.024
-00.0960	-00.0012	0000.025
-00.1000	-00.0012	0000.026
-00.1040	-00.0015	0000.027
-00.1079	-00.0015	0000.028
-00.1125	-00.0015	0000.029
-00.1162	-00.0015	0000.030
-00.1204	-00.0015	0000.031
-00.1244	-00.0015	0000.032
-00.1284	-00.0021	0000.033
-00.1320	-00.0018	0000.034
-00.1363	-00.0021	0000.035
-00.1403	-00.0015	0000.036
-00.1439	-00.0015	0000.037
-00.1482	-00.0018	0000.038
-00.1525	-00.0021	0000.039
-00.1564	-00.0018	0000.040
-00.1604	-00.0021	0000.041
-00.1638	-00.0018	0000.042
-00.1683	-00.0021	0000.043
-00.1723	-00.0021	0000.044
-00.1757	-00.0021	0000.045
-00.1802	-00.0027	0000.046
-00.1842	-00.0027	0000.047
-00.1885	-00.0024	0000.048
-00.1925	-00.0024	0000.049
-00.1967	-00.0024	0000.050
-00.2007	-00.0027	0000.051
-00.2044	-00.0027	0000.052
-00.2083	-00.0027	0000.053
-00.2123	-00.0030	0000.054
-00.2163	-00.0027	0000.055
-00.2202	-00.0033	0000.056
-00.2239	-00.0030	0000.057
-00.2282	-00.0030	0000.058
-00.2324	-00.0033	0000.059
-00.2361	-00.0036	0000.060
-00.2404	-00.0036	0000.061
-00.2443	-00.0036	0000.062
-00.2486	-00.0039	0000.063
-00.2523	-00.0036	0000.064
-00.2565	-00.0039	0000.065
-00.2605	-00.0039	0000.066
-00.2648	-00.0039	0000.067
-00.2684	-00.0039	0000.068
-00.2724	-00.0042	0000.069
-00.2764	-00.0039	0000.070
-00.2803	-00.0045	0000.071
-00.2843	-00.0045	0000.072
-00.2883	-00.0048	0000.073
-00.2925	-00.0045	0000.074
-00.2968	-00.0055	0000.075
-00.3005	-00.0048	0000.076
-00.3045	-00.0052	0000.077
-00.3084	-00.0052	0000.078
-00.3121	-00.0058	0000.079
-00.3164	-00.0058	0000.080
-00.3206	-00.0064	0000.081
-00.3246	-00.0058	0000.082
-00.3280	-00.0064	0000.083
-00.3322	-00.0064	0000.084
-00.3365	-00.0064	0000.085
-00.3408	-00.0064	0000.086
-00.3447	-00.0073	0000.087
-00.3484	-00.0073	0000.088
-00.3527	-00.0076	0000.089
-00.3566	-00.0079	0000.090
-00.3606	-00.0085	0000.091
-00.3646	-00.0088	0000.092
-00.3685	-00.0088	0000.093
-00.3722	-00.0091	0000.094
-00.3765	-00.0100	0000.095
-00.3804	-00.0097	0000.096
-00.3847	-00.0106	0000.097
-00.3890	-00.0113	0000.098
-00.3923	-00.0113	0000.099
-00.3966	-00.0116	0000.100
-00.4009	-00.0122	0000.101
-00.4039	-00.0134	0000.102
-00.4085	-00.0134	0000.103
-00.4125	-00.0140	0000.104
-00.4171	-00.0146	0000.105
-00.4207	-00.0155	0000.106
-00.4247	-00.0155	0000.107
-00.4290	-00.0167	0000.108
-00.4323	-00.0186	0000.109
-00.4366	-00.0198	0000.110
-00.4406	-00.0210	0000.111
-00.4448	-00.0216	0000.112
-00.4485	-00.0225	0000.113
-00.4531	-00.0238	0000.114
-00.4570	-00.0247	0000.115
-00.4610	-00.0259	0000.116
-00.4650	-00.0271	0000.117
-00.4686	-00.0280	0000.118
-00.4726	-00.0293	0000.119
-00.4766	-00.0305	0000.120
-00.4808	-00.0317	0000.121
-00.4845	-00.0348	0000.122
-00.4885	-00.0375	0000.123
-00.4931	-00.0409	0000.124
-00.4964	-00.0439	0000.125
-00.5010	-00.0473	0000.126
-00.5046	-00.0497	0000.127
-00.5086	-00.0537	0000.128
-00.5123	-00.0576	0000.129
-00.5165	-00.0604	0000.130
-00.5205	-00.0644	0000.131
-00.5245	-00.0680	0000.132
-00.5291	-00.0723	0000.133
-00.5324	-00.0766	0000.134
-00.5367	-00.0811	0000.135
-00.5410	-00.0894	0000.136
-00.5449	-00.0961	0000.137
-00.5483	-00.1025	0000.138
-00.5529	-00.1101	0000.139
-00.5568	-00.1172	0000.140
-00.5605	-00.1254	0000.141
-00.5648	-00.1333	0000.142
-00.5687	-00.1410	0000.143
-00.5727	-00.1504	0000.144
-00.5773	-00.1596	0000.145
-00.5809	-00.1696	0000.146
-00.5849	-00.1812	0000.147
-00.5886	-00.1971	0000.148
-00.5928	-00.2130	0000.149
-00.5965	-00.2313	0000.150
-00.6011	-00.2676	0000.151
-00.6050	-00.3061	0000.152
-00.6093	-00.3341	0000.153
-00.6133	-00.3598	0000.154
-00.6170	-00.3851	0000.155
-00.6209	-00.4062	0000.156
-00.6252	-00.4257	0000.157
-00.6289	-00.4434	0000.158
-00.6331	-00.4596	0000.159
-00.6365	-00.4785	0000.160
-00.6408	-00.4956	0000.161
-00.6447	-00.5142	0000.162
-00.6493	-00.5285	0000.163
-00.6530	-00.5410	0000.164
-00.6566	-00.5532	0000.165
-00.6615	-00.5645	0000.166
-00.6646	-00.5764	0000.167
-00.6688	-00.5865	0000.168
-00.6728	-00.5960	0000.169
-00.6768	-00.6057	0000.170
-00.6807	-00.6131	0000.171
-00.6853	-00.6182	0000.172
-00.6890	-00.6234	0000.173
-00.6929	-00.6280	0000.174
-00.6966	-00.6323	0000.175
-00.7015	-00.6359	0000.176
-00.7051	-00.6396	0000.177
-00.7088	-00.6430	0000.178
-00.7128	-00.6451	0000.179
-00.7170	-00.6482	0000.180
-00.7210	-00.6512	0000.181
-00.7253	-00.6533	0000.182
-00.7290	-00.6558	0000.183
-00.7326	-00.6582	0000.184
-00.7369	-00.6601	0000.185
-00.7409	-00.6619	0000.186
-00.7448	-00.6634	0000.187
-00.7491	-00.6659	0000.188
-00.7534	-00.6668	0000.189
-00.7573	-00.6686	0000.190
-00.7610	-00.6701	0000.191
-00.7653	-00.6720	0000.192
-00.7692	-00.6735	0000.193
-00.7732	-00.6747	0000.194
-00.7769	-00.6765	0000.195
-00.7811	-00.6771	0000.196
-00.7845	-00.6790	0000.197
-00.7897	-00.6802	0000.198
-00.7927	-00.6814	0000.199
-00.7973	-00.6829	0000.200
-00.8010	-00.6845	0000.201
-00.8049	-00.6860	0000.202
-00.8092	-00.6866	0000.203
-00.8132	-00.6884	0000.204
-00.8175	-00.6897	0000.205
-00.8214	-00.6906	0000.206
-00.8248	-00.6921	0000.207
-00.8294	-00.6927	0000.208
-00.8330	-00.6939	0000.209
-00.8370	-00.6948	0000.210
-00.8410	-00.6958	0000.211
-00.8452	-00.6964	0000.212
-00.8489	-00.6976	0000.213
-00.8532	-00.6985	0000.214
-00.8574	-00.6997	0000.215
-00.8608	-00.7010	0000.216
-00.8654	-00.7019	0000.217
-00.8693	-00.7025	0000.218
-00.8730	-00.7037	0000.219
-00.8776	-00.7040	0000.220
-00.8809	-00.7052	0000.221
-00.8852	-00.7055	0000.222
-00.8895	-00.7068	0000.223
-00.8931	-00.7077	0000.224
-00.8971	-00.7083	0000.225
-00.9017	-00.7095	0000.226
-00.9053	-00.7101	0000.227
-00.9096	-00.7110	0000.228
-00.9136	-00.7119	0000.229
-00.9172	-00.7125	0000.230
-00.9212	-00.7138	0000.231
-00.9252	-00.7144	0000.232
-00.9295	-00.7150	0000.233
-00.9334	-00.7156	0000.234
-00.9377	-00.7168	0000.235
-00.9414	-00.7174	0000.236
-00.9456	-00.7180	0000.237
-00.9493	-00.7187	0000.238
-00.9536	-00.7196	0000.239
-00.9575	-00.7199	0000.240
-00.9612	-00.7211	0000.241
-00.9652	-00.7220	0000.242
-00.9691	-00.7226	0000.243
-00.9734	-00.7238	0000.244
-00.9774	-00.7251	0000.245
-00.9816	-00.7260	0000.246
-00.9856	-00.7269	0000.247
-00.9893	-00.7281	0000.248
-00.9932	-00.7296	0000.249
-00.9972	-00.7299	0000.250
-01.0012	-00.7315	0000.251
-01.0054	-00.7342	0000.252
-01.0094	-00.7357	0000.253
-01.0131	-00.7370	0000.254
-01.0176	-00.7382	0000.255
-01.0216	-00.7388	0000.256
-01.0250	-00.7391	0000.257
-01.0295	-00.7397	0000.258
-01.0335	-00.7403	0000.259
-01.0372	-00.7400	0000.260
-01.0415	-00.7409	0000.261
-01.0457	-00.7412	0000.262
-01.0494	-00.7422	0000.263
-01.0540	-00.7422	0000.264
-01.0573	-00.7422	0000.265
-01.0616	-00.7425	0000.266
-01.0659	-00.7428	0000.267
-01.0692	-00.7431	0000.268
-01.0735	-00.7431	0000.269
-01.0775	-00.7437	0000.270
-01.0820	-00.7437	0000.271
-01.0854	-00.7443	0000.272
-01.0891	-00.7446	0000.273
-01.0939	-00.7443	0000.274
-01.0976	-00.7449	0000.275
-01.1016	-00.7443	0000.276
-01.1058	-00.7455	0000.277
-01.1095	-00.7455	0000.278
-01.1129	-00.7455	0000.279
-01.1177	-00.7461	0000.280
-01.1217	-00.7464	0000.281
-01.1251	-00.7467	0000.282
-01.1293	-00.7464	0000.283
-01.1342	-00.7470	0000.284
-01.1376	-00.7473	0000.285
-01.1419	-00.7479	0000.286
-01.1455	-00.7486	0000.287
-01.1495	-00.7479	0000.288
-01.1531	-00.7483	0000.289
-01.1574	-00.7486	0000.290
-01.1617	-00.7489	0000.291
-01.1660	-00.7495	0000.292
-01.1696	-00.7498	0000.293
-01.1736	-00.7501	0000.294
-01.1776	-00.7507	0000.295
-01.1818	-00.7510	0000.296
-01.1855	-00.7510	0000.297
-01.1898	-00.7516	0000.298
-01.1937	-00.7519	0000.299
-01.1974	-00.7525	0000.300
-01.2020	-00.7528	0000.301
-01.2056	-00.7525	0000.302
-01.2096	-00.7528	0000.303
-01.2136	-00.7531	0000.304
-01.2172	-00.7531	0000.305
-01.2221	-00.7534	0000.306
-01.2258	-00.7534	0000.307
-01.2297	-00.7534	0000.308
-01.2337	-00.7534	0000.309
-01.2380	-00.7541	0000.310
-01.2420	-00.7537	0000.311
-01.2459	-00.7541	0000.312
-01.2502	-00.7547	0000.313
-01.2535	-00.7544	0000.314
-01.2575	-00.7547	0000.315
-01.2615	-00.7547	0000.316
-01.2655	-00.7556	0000.317
-01.2697	-00.7550	0000.318
-01.2737	-00.7556	0000.319
-01.2780	-00.7559	0000.320
-01.2816	-00.7559	0000.321
-01.2859	-00.7562	0000.322
-01.2902	-00.7565	0000.323
-01.2935	-00.7568	0000.324
-01.2984	-00.7571	0000.325
-01.3018	-00.7568	0000.326
-01.3060	-00.7571	0000.327
-01.3094	-00.7571	0000.328
-01.3137	-00.7574	0000.329
-01.3179	-00.7574	0000.330
-01.3222	-00.7577	0000.331
-01.3262	-00.7577	0000.332
-01.3298	-00.7577	0000.333
-01.3338	-00.7577	0000.334
-01.3378	-00.7577	0000.335
-01.3420	-00.7577	0000.336
-01.3451	-00.7583	0000.337
-01.3500	-00.7580	0000.338
-01.3540	-00.7583	0000.339
-01.3576	-00.7580	0000.340
-01.3622	-00.7583	0000.341
-01.3662	-00.7583	0000.342
-01.3701	-00.7580	0000.343
-01.3741	-00.7586	0000.344
-01.3781	-00.7583	0000.345
-01.3817	-00.7589	0000.346
-01.3857	-00.7583	0000.347
-01.3900	-00.7589	0000.348
-01.3942	-00.7592	0000.349
-01.3982	-00.7586	0000.350
-01.4022	-00.7589	0000.351
-01.4061	-00.7592	0000.352
-01.4101	-00.7589	0000.353
-01.4138	-00.7592	0000.354
-01.4180	-00.7592	0000.355
-01.4217	-00.7599	0000.356
-01.4260	-00.7595	0000.357
-01.4299	-00.7592	0000.358
-01.4339	-00.7592	0000.359
-01.4385	-00.7589	0000.360
-01.4421	-00.7595	0000.361
-01.4461	-00.7595	0000.362
-01.4495	-00.7599	0000.363
-01.4544	-00.7595	0000.364
-01.4580	-00.7599	0000.365
-01.4617	-00.7595	0000.366
-01.4663	-00.7595	0000.367
-01.4699	-00.7599	0000.368
-01.4742	-00.7602	0000.369
-01.4785	-00.7602	0000.370
-01.4824	-00.7595	0000.371
-01.4864	-00.7602	0000.372
-01.4901	-00.7605	0000.373
-01.4937	-00.7599	0000.374
-01.4980	-00.7602	0000.375
-01.5026	-00.7602	0000.376
-01.5059	-00.7602	0000.377
-01.5102	-00.7599	0000.378
-01.5142	-00.7605	0000.379
-01.5181	-00.7605	0000.380
-01.5218	-00.7602	0000.381
-01.5258	-00.7602	0000.382
-01.5303	-00.7602	0000.383
-01.5337	-00.7605	0000.384
-01.5383	-00.7608	0000.385
-01.5422	-00.7602	0000.386
-01.5462	-00.7608	0000.387
-01.5502	-00.7605	0000.388
-01.5545	-00.7608	0000.389
-01.5587	-00.7608	0000.390
-01.5624	-00.7608	0000.391
-01.5664	-00.7608	0000.392
-01.5700	-00.7608	0000.393
-01.5743	-00.7608	0000.394
-01.5786	-00.7608	0000.395
-01.5825	-00.7611	0000.396
-01.5868	-00.7608	0000.397
-01.5902	-00.7614	0000.398
-01.5941	-00.7614	0000.399
-01.5981	-00.7611	0000.400
-01.6024	-00.7611	0000.401
-01.6063	-00.7614	0000.402
-01.6106	-00.7617	0000.403
-01.6140	-00.7614	0000.404
-01.6188	-00.7614	0000.405
-01.6222	-00.7614	0000.406
-01.6268	-00.7614	0000.407
-01.6307	-00.7614	0000.408
-01.6344	-00.7611	0000.409
-01.6390	-00.7620	0000.410
-01.6426	-00.7617	0000.411
-01.6463	-00.7620	0000.412
-01.6500	-00.7617	0000.413
-01.6542	-00.7620	0000.414
-01.6585	-00.7617	0000.415
-01.6625	-00.7617	0000.416
-01.6661	-00.7617	0000.417
-01.6710	-00.7620	0000.418
-01.6747	-00.7620	0000.419
-01.6790	-00.7620	0000.420
-01.6829	-00.7620	0000.421
-01.6863	-00.7620	0000.422
-01.6909	-00.7617	0000.423
-01.6948	-00.7620	0000.424
-01.6982	-00.7623	0000.425
-01.7025	-00.7620	0000.426
-01.7061	-00.7623	0000.427
-01.7107	-00.7626	0000.428
-01.7138	-00.7626	0000.429
-01.7189	-00.7620	0000.430
-01.7223	-00.7626	0000.431
-01.7263	-00.7620	0000.432
-01.7308	-00.7623	0000.433
-01.7345	-00.7626	0000.434
-01.7388	-00.7626	0000.435
-01.7424	-00.7626	0000.436
-01.7467	-00.7626	0000.437
-01.7501	-00.7629	0000.438
-01.7543	-00.7626	0000.439
-01.7586	-00.7626	0000.440
-01.7626	-00.7632	0000.441
-01.7662	-00.7626	0000.442
-01.7702	-00.7629	0000.443
-01.7748	-00.7629	0000.444
-01.7785	-00.7626	0000.445
-01.7824	-00.7626	0000.446
-01.7870	-00.7632	0000.447
-01.7904	-00.7629	0000.448
-01.7949	-00.7632	0000.449
-01.7989	-00.7629	0000.450
-01.8032	-00.7632	0000.451
-01.8068	-00.7629	0000.452
-01.8114	-00.7632	0000.453
-01.8148	-00.7635	0000.454
-01.8184	-00.7635	0000.455
-01.8230	-00.7635	0000.456
-01.8267	-00.7632	0000.457
-01.8303	-00.7638	0000.458
-01.8346	-00.7632	0000.459
-01.8389	-00.7635	0000.460
-01.8431	-00.7638	0000.461
-01.8468	-00.7635	0000.462
-01.8508	-00.7638	0000.463
-01.8547	-00.7632	0000.464
-01.8587	-00.7638	0000.465
-01.8630	-00.7635	0000.466
-01.8666	-00.7638	0000.467
-01.8709	-00.7638	0000.468
-01.8746	-00.7641	0000.469
-01.8789	-00.7638	0000.470
-01.8831	-00.7638	0000.471
-01.8868	-00.7641	0000.472
-01.8911	-00.7644	0000.473
-01.8944	-00.7635	0000.474
-01.8987	-00.7641	0000.475
-01.9030	-00.7641	0000.476
-01.9069	-00.7641	0000.477
-01.9109	-00.7638	0000.478
-01.9149	-00.7641	0000.479
-01.9188	-00.7641	0000.480
-01.9222	-00.7644	0000.481
-01.9271	-00.7647	0000.482
-01.9313	-00.7644	0000.483
-01.9347	-00.7641	0000.484
-01.9393	-00.7647	0000.485
-01.9429	-00.7647	0000.486
-01.9469	-00.7644	0000.487
-01.9506	-00.7644	0000.488
-01.9551	-00.7650	0000.489
-01.9591	-00.7647	0000.490
-01.9634	-00.7644	0000.491
-01.9667	-00.7647	0000.492
-01.9710	-00.7650	0000.493
-01.9747	-00.7650	0000.494
-01.9786	-00.7647	0000.495
-01.9826	-00.7653	0000.496
-01.9869	-00.7653	0000.497
-01.9915	-00.7650	0000.498
-01.9954	-00.7653	0000.499
-01.9994	-00.7650	0000.500
-02.0028	-00.7650	0000.501
-02.0070	-00.7653	0000.502
-02.0110	-00.7653	0000.503
-02.0150	-00.7650	0000.504
-02.0192	-00.7653	0000.505
-02.0232	-00.7660	0000.506
-02.0269	-00.7653	0000.507
-02.0321	-00.7656	0000.508
-02.0351	-00.7660	0000.509
-02.0391	-00.7653	0000.510
-02.0430	-00.7656	0000.511
-02.0470	-00.7653	0000.512
-02.0507	-00.7660	0000.513
-02.0549	-00.7656	0000.514
-02.0589	-00.7656	0000.515
-02.0629	-00.7656	0000.516
-02.0675	-00.7660	0000.517
-02.0717	-00.7656	0000.518
-02.0748	-00.7660	0000.519
-02.0794	-00.7660	0000.520
-02.0830	-00.7660	0000.521
-02.0870	-00.7660	0000.522
-02.0916	-00.7660	0000.523
-02.0949	-00.7660	0000.524
-02.0995	-00.7660	0000.525
-02.1029	-00.7663	0000.526
-02.1077	-00.7666	0000.527
-02.1114	-00.7663	0000.528
-02.1151	-00.7663	0000.529
-02.1190	-00.7663	0000.530
-02.1230	-00.7666	0000.531
-02.1270	-00.7663	0000.532
-02.1309	-00.7666	0000.533
-02.1349	-00.7663	0000.534
-02.1389	-00.7666	0000.535
-02.1434	-00.7663	0000.536
-02.1468	-00.7666	0000.537
-02.1511	-00.7669	0000.538
-02.1553	-00.7669	0000.539
-02.1593	-00.7669	0000.540
-02.1633	-00.7666	0000.541
-02.1675	-00.7669	0000.542
-02.1709	-00.7669	0000.543
-02.1749	-00.7669	0000.544
-02.1791	-00.7666	0000.545
-02.1828	-00.7669	0000.546
-02.1877	-00.7666	0000.547
-02.1914	-00.7675	0000.548
-02.1953	-00.7666	0000.549
-02.1993	-00.7669	0000.550
-02.2033	-00.7669	0000.551
-02.2072	-00.7672	0000.552
-02.2112	-00.7672	0000.553
-02.2145	-00.7672	0000.554
-02.2197	-00.7669	0000.555
-02.2237	-00.7669	0000.556
-02.2271	-00.7675	0000.557
-02.2316	-00.7669	0000.558
-02.2353	-00.7675	0000.559
-02.2396	-00.7675	0000.560
-02.2432	-00.7669	0000.561
-02.2475	-00.7678	0000.562
-02.2509	-00.7675	0000.563
-02.2557	-00.7678	0000.564
-02.2594	-00.7672	0000.565
-02.2634	-00.7675	0000.566
-02.2676	-00.7675	0000.567
-02.2713	-00.7675	0000.568
-02.2762	-00.7675	0000.569
-02.2795	-00.7678	0000.570
-02.2832	-00.7678	0000.571
-02.2872	-00.7678	0000.572
-02.2918	-00.7678	0000.573
-02.2951	-00.7681	0000.574
-02.3000	-00.7678	0000.575
-02.3034	-00.7675	0000.576
-02.3079	-00.7678	0000.577
-02.3116	-00.7681	0000.578
-02.3156	-00.7678	0000.579
-02.3198	-00.7681	0000.580
-02.3235	-00.7681	0000.581
-02.3275	-00.7681	0000.582
-02.3311	-00.7678	0000.583
-02.3354	-00.7678	0000.584
-02.3397	-00.7684	0000.585
-02.3439	-00.7681	0000.586
-02.3473	-00.7681	0000.587
-02.3516	-00.7684	0000.588
-02.3552	-00.7684	0000.589
-02.3595	-00.7684	0000.590
-02.3632	-00.7684	0000.591
-02.3677	-00.7684	0000.592
-02.3717	-00.7684	0000.593
-02.3763	-00.7687	0000.594
-02.3793	-00.7684	0000.595
-02.3839	-00.7681	0000.596
-02.3876	-00.7681	0000.597
-02.3915	-00.7684	0000.598
-02.3955	-00.7687	0000.599
-02.3992	-00.7684	0000.600
-02.4031	-00.7690	0000.601
-02.4074	-00.7690	0000.602
-02.4117	-00.7687	0000.603
-02.4160	-00.7687	0000.604
-02.4196	-00.7687	0000.605
-02.4236	-00.7690	0000.606
-02.4276	-00.7693	0000.607
-02.4315	-00.7684	0000.608
-02.4358	-00.7687	0000.609
-02.4398	-00.7690	0000.610
-02.4443	-00.7687	0000.611
-02.4477	-00.7690	0000.612
-02.4517	-00.7687	0000.613
-02.4556	-00.7690	0000.614
-02.4599	-00.7693	0000.615
-02.4636	-00.7690	0000.616
-02.4675	-00.7687	0000.617
-02.4718	-00.7693	0000.618
-02.4758	-00.7693	0000.619
-02.4800	-00.7693	0000.620
-02.4837	-00.7693	0000.621
-02.4883	-00.7693	0000.622
-02.4916	-00.7693	0000.623
-02.4956	-00.7690	0000.624
-02.4999	-00.7690	0000.625
-02.5035	-00.7693	0000.626
-02.5078	-00.7690	0000.627
-02.5115	-00.7696	0000.628
-02.5155	-00.7696	0000.629
-02.5197	-00.7693	0000.630
-02.5240	-00.7696	0000.631
-02.5274	-00.7696	0000.632
-02.5316	-00.7696	0000.633
-02.5362	-00.7693	0000.634
-02.5396	-00.7693	0000.635
-02.5435	-00.7699	0000.636
-02.5475	-00.7696	0000.637
-02.5515	-00.7696	0000.638
-02.5557	-00.7699	0000.639
-02.5603	-00.7696	0000.640
-02.5634	-00.7699	0000.641
-02.5679	-00.7702	0000.642
-02.5716	-00.7699	0000.643
-02.5756	-00.7699	0000.644
-02.5795	-00.7696	0000.645
-02.5835	-00.7699	0000.646
-02.5884	-00.7699	0000.647
-02.5920	-00.7702	0000.648
-02.5963	-00.7702	0000.649
-02.6003	-00.7699	0000.650
-02.6036	-00.7702	0000.651
-02.6073	-00.7699	0000.652
-02.6119	-00.7702	0000.653
-02.6159	-00.7699	0000.654
-02.6198	-00.7702	0000.655
-02.6235	-00.7699	0000.656
-02.6281	-00.7696	0000.657
-02.6317	-00.7702	0000.658
-02.6360	-00.7702	0000.659
-02.6400	-00.7708	0000.660
-02.6433	-00.7705	0000.661
-02.6485	-00.7702	0000.662
-02.6528	-00.7705	0000.663
-02.6558	-00.7702	0000.664
-02.6595	-00.7705	0000.665
-02.6638	-00.7705	0000.666
-02.6680	-00.7705	0000.667
-02.6720	-00.7705	0000.668
-02.6760	-00.7702	0000.669
-02.6796	-00.7705	0000.670
-02.6839	-00.7705	0000.671
-02.6876	-00.7708	0000.672
-02.6915	-00.7705	0000.673
-02.6958	-00.7705	0000.674
-02.6989	-00.7708	0000.675
-02.7037	-00.7705	0000.676
-02.7080	-00.7708	0000.677
-02.7120	-00.7711	0000.678
-02.7166	-00.7708	0000.679
-02.7202	-00.7711	0000.680
-02.7239	-00.7708	0000.681
-02.7285	-00.7714	0000.682
-02.7321	-00.7708	0000.683
-02.7358	-00.7708	0000.684
-02.7398	-00.7708	0000.685
-02.7443	-00.7711	0000.686
-02.7483	-00.7711	0000.687
-02.7523	-00.7708	0000.688
-02.7556	-00.7711	0000.689
-02.7596	-00.7711	0000.690
-02.7642	-00.7711	0000.691
-02.7678	-00.7708	0000.692
-02.7718	-00.7714	0000.693
-02.7758	-00.7711	0000.694
-02.7800	-00.7711	0000.695
-02.7843	-00.7711	0000.696
-02.7886	-00.7714	0000.697
-02.7925	-00.7711	0000.698
-02.7962	-00.7714	0000.699
-02.8005	-00.7714	0000.700
-02.8035	-00.7714	0000.701
-02.8075	-00.7714	0000.702
-02.8127	-00.7718	0000.703
-02.8157	-00.7714	0000.704
-02.8200	-00.7721	0000.705
-02.8243	-00.7714	0000.706
-02.8280	-00.7721	0000.707
-02.8322	-00.7718	0000.708
-02.8356	-00.7711	0000.709
-02.8402	-00.7714	0000.710
-02.8435	-00.7718	0000.711
-02.8475	-00.7714	0000.712
-02.8527	-00.7721	0000.713
-02.8563	-00.7718	0000.714
-02.8603	-00.7714	0000.715
-02.8643	-00.7718	0000.716
-02.8676	-00.7718	0000.717
-02.8722	-00.7721	0000.718
-02.8762	-00.7721	0000.719
-02.8801	-00.7721	0000.720
-02.8838	-00.7721	0000.721
-02.8875	-00.7721	0000.722
-02.8923	-00.7721	0000.723
-02.8963	-00.7724	0000.724
-02.9009	-00.7724	0000.725
-02.9039	-00.7718	0000.726
-02.9079	-00.7721	0000.727
-02.9122	-00.7724	0000.728
-02.9158	-00.7724	0000.729
-02.9201	-00.7718	0000.730
-02.9247	-00.7724	0000.731
-02.9274	-00.7727	0000.732
-02.9323	-00.7724	0000.733
-02.9366	-00.7721	0000.734
-02.9406	-00.7724	0000.735
-02.9439	-00.7724	0000.736
-02.9482	-00.7721	0000.737
-02.9525	-00.7724	0000.738
-02.9561	-00.7727	0000.739
-02.9601	-00.7724	0000.740
-02.9644	-00.7727	0000.741
-02.9680	-00.7727	0000.742
-02.9717	-00.7727	0000.743
-02.9760	-00.7727	0000.744
-02.9799	-00.7727	0000.745
-02.9839	-00.7724	0000.746
-02.9879	-00.7730	0000.747
-02.9921	-00.7727	0000.748
-02.9964	-00.7730	0000.749
-03.0004	-00.7724	0000.750
-03.0043	-00.7727	0000.751
-03.0004	-00.7730	0000.752
-02.9967	-00.7727	0000.753
-02.9924	-00.7724	0000.754
-02.9888	-00.7727	0000.755
-02.9848	-00.7727	0000.756
-02.9799	-00.7730	0000.757
-02.9766	-00.7730	0000.758
-02.9729	-00.7724	0000.759
-02.9686	-00.7730	0000.760
-02.9647	-00.7733	0000.761
-02.9607	-00.7727	0000.762
-02.9564	-00.7727	0000.763
-02.9525	-00.7727	0000.764
-02.9482	-00.7727	0000.765
-02.9451	-00.7730	0000.766
-02.9403	-00.7727	0000.767
-02.9366	-00.7724	0000.768
-02.9323	-00.7730	0000.769
-02.9284	-00.7727	0000.770
-02.9244	-00.7727	0000.771
-02.9207	-00.7730	0000.772
-02.9171	-00.7730	0000.773
-02.9128	-00.7727	0000.774
-02.9088	-00.7730	0000.775
-02.9045	-00.7730	0000.776
-02.9000	-00.7727	0000.777
-02.8960	-00.7724	0000.778
-02.8926	-00.7727	0000.779
-02.8881	-00.7727	0000.780
-02.8841	-00.7727	0000.781
-02.8801	-00.7724	0000.782
-02.8762	-00.7724	0000.783
-02.8725	-00.7727	0000.784
-02.8682	-00.7724	0000.785
-02.8643	-00.7727	0000.786
-02.8603	-00.7724	0000.787
-02.8566	-00.7724	0000.788
-02.8521	-00.7727	0000.789
-02.8481	-00.7727	0000.790
-02.8444	-00.7727	0000.791
-02.8402	-00.7724	0000.792
-02.8365	-00.7724	0000.793
-02.8322	-00.7727	0000.794
-02.8286	-00.7724	0000.795
-02.8249	-00.7727	0000.796
-02.8206	-00.7724	0000.797
-02.8157	-00.7724	0000.798
-02.8124	-00.7721	0000.799
-02.8087	-00.7724	0000.800
-02.8041	-00.7721	0000.801
-02.8008	-00.7721	0000.802
-02.7962	-00.7724	0000.803
-02.7922	-00.7721	0000.804
-02.7883	-00.7724	0000.805
-02.7846	-00.7724	0000.806
-02.7803	-00.7724	0000.807
-02.7758	-00.7724	0000.808
-02.7721	-00.7721	0000.809
-02.7684	-00.7718	0000.810
-02.7645	-00.7721	0000.811
-02.7602	-00.7724	0000.812
-02.7568	-00.7724	0000.813
-02.7523	-00.7721	0000.814
-02.7486	-00.7724	0000.815
-02.7446	-00.7724	0000.816
-02.7404	-00.7718	0000.817
-02.7361	-00.7721	0000.818
-02.7318	-00.7718	0000.819
-02.7285	-00.7724	0000.820
-02.7242	-00.7721	0000.821
-02.7205	-00.7721	0000.822
-02.7169	-00.7718	0000.823
-02.7123	-00.7718	0000.824
-02.7077	-00.7724	0000.825
-02.7040	-00.7724	0000.826
-02.7001	-00.7718	0000.827
-02.6961	-00.7724	0000.828
-02.6925	-00.7718	0000.829
-02.6882	-00.7718	0000.830
-02.6839	-00.7718	0000.831
-02.6802	-00.7721	0000.832
-02.6763	-00.7718	0000.833
-02.6723	-00.7718	0000.834
-02.6690	-00.7721	0000.835
-02.6638	-00.7711	0000.836
-02.6604	-00.7714	0000.837
-02.6558	-00.7718	0000.838
-02.6522	-00.7721	0000.839
-02.6488	-00.7721	0000.840
-02.6442	-00.7718	0000.841
-02.6400	-00.7721	0000.842
-02.6366	-00.7718	0000.843
-02.6326	-00.7714	0000.844
-02.6284	-00.7718	0000.845
-02.6241	-00.7714	0000.846
-02.6198	-00.7721	0000.847
-02.6159	-00.7718	0000.848
-02.6119	-00.7718	0000.849
-02.6082	-00.7718	0000.850
-02.6036	-00.7714	0000.851
-02.6000	-00.7718	0000.852
-02.5963	-00.7714	0000.853
-02.5924	-00.7721	0000.854
-02.5884	-00.7711	0000.855
-02.5838	-00.7718	0000.856
-02.5798	-00.7711	0000.857
-02.5762	-00.7718	0000.858
-02.5722	-00.7714	0000.859
-02.5679	-00.7718	0000.860
-02.5640	-00.7714	0000.861
-02.5600	-00.7714	0000.862
-02.5560	-00.7711	0000.863
-02.5518	-00.7711	0000.864
-02.5484	-00.7711	0000.865
-02.5435	-00.7714	0000.866
-02.5402	-00.7711	0000.867
-02.5362	-00.7714	0000.868
-02.5316	-00.7711	0000.869
-02.5280	-00.7711	0000.870
-02.5234	-00.7714	0000.871
-02.5206	-00.7711	0000.872
-02.5158	-00.7714	0000.873
-02.5118	-00.7714	0000.874
-02.5084	-00.7708	0000.875
-02.5039	-00.7714	0000.876
-02.5002	-00.7714	0000.877
-02.4965	-00.7711	0000.878
-02.4920	-00.7711	0000.879
-02.4880	-00.7711	0000.880
-02.4840	-00.7711	0000.881
-02.4797	-00.7708	0000.882
-02.4752	-00.7711	0000.883
-02.4718	-00.7708	0000.884
-02.4678	-00.7714	0000.885
-02.4639	-00.7708	0000.886
-02.4599	-00.7711	0000.887
-02.4556	-00.7711	0000.888
-02.4523	-00.7708	0000.889
-02.4480	-00.7708	0000.890
-02.4440	-00.7711	0000.891
-02.4395	-00.7711	0000.892
-02.4355	-00.7708	0000.893
-02.4315	-00.7711	0000.894
-02.4276	-00.7711	0000.895
-02.4239	-00.7705	0000.896
-02.4199	-00.7708	0000.897
-02.4157	-00.7708	0000.898
-02.4117	-00.7711	0000.899
-02.4080	-00.7708	0000.900
-02.4041	-00.7708	0000.901
-02.3995	-00.7708	0000.902
-02.3955	-00.7705	0000.903
-02.3915	-00.7705	0000.904
-02.3873	-00.7708	0000.905
-02.3839	-00.7711	0000.906
-02.3793	-00.7705	0000.907
-02.3760	-00.7702	0000.908
-02.3717	-00.7705	0000.909
-02.3671	-00.7708	0000.910
-02.3641	-00.7708	0000.911
-02.3598	-00.7705	0000.912
-02.3555	-00.7705	0000.913
-02.3516	-00.7702	0000.914
-02.3473	-00.7705	0000.915
-02.3436	-00.7705	0000.916
-02.3400	-00.7705	0000.917
-02.3363	-00.7702	0000.918
-02.3317	-00.7705	0000.919
-02.3275	-00.7705	0000.920
-02.3238	-00.7702	0000.921
-02.3198	-00.7708	0000.922
-02.3159	-00.7708	0000.923
-02.3116	-00.7708	0000.924
-02.3073	-00.7705	0000.925
-02.3034	-00.7702	0000.926
-02.2997	-00.7705	0000.927
-02.2957	-00.7702	0000.928
-02.2918	-00.7699	0000.929
-02.2875	-00.7699	0000.930
-02.2835	-00.7705	0000.931
-02.2792	-00.7702	0000.932
-02.2756	-00.7702	0000.933
-02.2716	-00.7702	0000.934
-02.2676	-00.7702	0000.935
-02.2637	-00.7705	0000.936
-02.2591	-00.7702	0000.937
-02.2557	-00.7699	0000.938
-02.2518	-00.7699	0000.939
-02.2472	-00.7702	0000.940
-02.2441	-00.7702	0000.941
-02.2402	-00.7699	0000.942
-02.2359	-00.7702	0000.943
-02.2316	-00.7699	0000.944
-02.2277	-00.7702	0000.945
-02.2240	-00.7702	0000.946
-02.2197	-00.7705	0000.947
-02.2152	-00.7699	0000.948
-02.2118	-00.7702	0000.949
-02.2075	-00.7702	0000.950
-02.2033	-00.7693	0000.951
-02.1996	-00.7702	0000.952
-02.1956	-00.7696	0000.953
-02.1914	-00.7699	0000.954
-02.1874	-00.7699	0000.955
-02.1834	-00.7699	0000.956
-02.1798	-00.7705	0000.957
-02.1752	-00.7696	0000.958
-02.1715	-00.7699	0000.959
-02.1672	-00.7699	0000.960
-02.1636	-00.7699	0000.961
-02.1590	-00.7696	0000.962
-02.1560	-00.7696	0000.963
-02.1517	-00.7699	0000.964
-02.1474	-00.7699	0000.965
-02.1437	-00.7699	0000.966
-02.1395	-00.7693	0000.967
-02.1352	-00.7696	0000.968
-02.1315	-00.7699	0000.969
-02.1279	-00.7693	0000.970
-02.1236	-00.7693	0000.971
-02.1199	-00.7699	0000.972
-02.1154	-00.7696	0000.973
-02.1117	-00.7696	0000.974
-02.1074	-00.7696	0000.975
-02.1038	-00.7693	0000.976
-02.0995	-00.7696	0000.977
-02.0949	-00.7696	0000.978
-02.0916	-00.7693	0000.979
-02.0873	-00.7696	0000.980
-02.0830	-00.7696	0000.981
-02.0790	-00.7693	0000.982
-02.0754	-00.7690	0000.983
-02.0711	-00.7699	0000.984
-02.0671	-00.7690	0000.985
-02.0632	-00.7693	0000.986
-02.0589	-00.7693	0000.987
-02.0552	-00.7690	0000.988
-02.0510	-00.7696	0000.989
-02.0479	-00.7693	0000.990
-02.0433	-00.7693	0000.991
-02.0397	-00.7690	0000.992
-02.0354	-00.7687	0000.993
-02.0321	-00.7690	0000.994
-02.0275	-00.7693	0000.995
-02.0229	-00.7693	0000.996
-02.0198	-00.7696	0000.997
-02.0150	-00.7690	0000.998
-02.0116	-00.7690	0000.999
-02.0073	-00.7687	0001.000
-02.0037	-00.7693	0001.001
-01.9991	-00.7693	0001.002
-01.9957	-00.7690	0001.003
-01.9912	-00.7687	0001.004
-01.9872	-00.7687	0001.005
-01.9835	-00.7693	0001.006
-01.9793	-00.7687	0001.007
-01.9753	-00.7690	0001.008
-01.9713	-00.7687	0001.009
-01.9670	-00.7687	0001.010
-01.9637	-00.7690	0001.011
-01.9594	-00.7690	0001.012
-01.9555	-00.7684	0001.013
-01.9512	-00.7687	0001.014
-01.9472	-00.7687	0001.015
-01.9436	-00.7687	0001.016
-01.9390	-00.7690	0001.017
-01.9347	-00.7684	0001.018
-01.9310	-00.7690	0001.019
-01.9271	-00.7687	0001.020
-01.9231	-00.7684	0001.021
-01.9191	-00.7684	0001.022
-01.9146	-00.7690	0001.023
-01.9109	-00.7684	0001.024
-01.9069	-00.7687	0001.025
-01.9036	-00.7684	0001.026
-01.8990	-00.7690	0001.027
-01.8953	-00.7681	0001.028
-01.8911	-00.7687	0001.029
-01.8874	-00.7687	0001.030
-01.8834	-00.7681	0001.031
-01.8785	-00.7684	0001.032
-01.8746	-00.7687	0001.033
-01.8709	-00.7684	0001.034
-01.8670	-00.7684	0001.035
-01.8633	-00.7684	0001.036
-01.8590	-00.7684	0001.037
-01.8547	-00.7684	0001.038
-01.8508	-00.7684	0001.039
-01.8477	-00.7681	0001.040
-01.8435	-00.7684	0001.041
-01.8389	-00.7684	0001.042
-01.8349	-00.7684	0001.043
-01.8309	-00.7681	0001.044
-01.8270	-00.7681	0001.045
-01.8227	-00.7684	0001.046
-01.8193	-00.7681	0001.047
-01.8148	-00.7681	0001.048
-01.8114	-00.7681	0001.049
-01.8071	-00.7678	0001.050
-01.8026	-00.7681	0001.051
-01.7986	-00.7681	0001.052
-01.7946	-00.7684	0001.053
-01.7913	-00.7678	0001.054
-01.7867	-00.7681	0001.055
-01.7827	-00.7684	0001.056
-01.7791	-00.7678	0001.057
-01.7751	-00.7687	0001.058
-01.7711	-00.7681	0001.059
-01.7669	-00.7675	0001.060
-01.7626	-00.7681	0001.061
-01.7589	-00.7681	0001.062
-01.7546	-00.7678	0001.063
-01.7510	-00.7678	0001.064
-01.7464	-00.7678	0001.065
-01.7431	-00.7678	0001.066
-01.7388	-00.7675	0001.067
-01.7351	-00.7678	0001.068
-01.7305	-00.7681	0001.069
-01.7266	-00.7678	0001.070
-01.7226	-00.7678	0001.071
-01.7189	-00.7678	0001.072
-01.7147	-00.7678	0001.073
-01.7110	-00.7678	0001.074
-01.7067	-00.7678	0001.075
-01.7025	-00.7681	0001.076
-01.6991	-00.7678	0001.077
-01.6948	-00.7675	0001.078
-01.6909	-00.7675	0001.079
-01.6869	-00.7678	0001.080
-01.6826	-00.7672	0001.081
-01.6790	-00.7675	0001.082
-01.6750	-00.7678	0001.083
-01.6707	-00.7675	0001.084
-01.6668	-00.7672	0001.085
-01.6628	-00.7675	0001.086
-01.6588	-00.7675	0001.087
-01.6549	-00.7675	0001.088
-01.6509	-00.7675	0001.089
-01.6466	-00.7675	0001.090
-01.6426	-00.7675	0001.091
-01.6387	-00.7672	0001.092
-01.6344	-00.7672	0001.093
-01.6307	-00.7672	0001.094
-01.6268	-00.7675	0001.095
-01.6228	-00.7675	0001.096
-01.6188	-00.7672	0001.097
-01.6146	-00.7672	0001.098
-01.6109	-00.7675	0001.099
-01.6069	-00.7669	0001.100
-01.6027	-00.7669	0001.101
-01.5981	-00.7669	0001.102
-01.5947	-00.7669	0001.103
-01.5908	-00.7672	0001.104
-01.5868	-00.7669	0001.105
-01.5828	-00.7672	0001.106
-01.5789	-00.7669	0001.107
-01.5746	-00.7669	0001.108
-01.5706	-00.7669	0001.109
-01.5670	-00.7666	0001.110
-01.5627	-00.7669	0001.111
-01.5587	-00.7669	0001.112
-01.5551	-00.7669	0001.113
-01.5505	-00.7669	0001.114
-01.5462	-00.7669	0001.115
-01.5429	-00.7669	0001.116
-01.5392	-00.7666	0001.117
-01.5349	-00.7669	0001.118
-01.5300	-00.7666	0001.119
-01.5261	-00.7672	0001.120
-01.5224	-00.7666	0001.121
-01.5187	-00.7669	0001.122
-01.5148	-00.7669	0001.123
-01.5108	-00.7666	0001.124
-01.5062	-00.7663	0001.125
-01.5026	-00.7669	0001.126
-01.4983	-00.7666	0001.127
-01.4940	-00.7663	0001.128
-01.4907	-00.7669	0001.129
-01.4867	-00.7666	0001.130
-01.4827	-00.7666	0001.131
-01.4785	-00.7666	0001.132
-01.4745	-00.7663	0001.133
-01.4705	-00.7666	0001.134
-01.4660	-00.7663	0001.135
-01.4620	-00.7663	0001.136
-01.4580	-00.7656	0001.137
-01.4544	-00.7663	0001.138
-01.4504	-00.7666	0001.139
-01.4464	-00.7660	0001.140
-01.4418	-00.7666	0001.141
-01.4385	-00.7663	0001.142
-01.4342	-00.7663	0001.143
-01.4306	-00.7663	0001.144
-01.4260	-00.7666	0001.145
-01.4226	-00.7660	0001.146
-01.4180	-00.7663	0001.147
-01.4144	-00.7660	0001.148
-01.4101	-00.7666	0001.149
-01.4064	-00.7663	0001.150
-01.4025	-00.7660	0001.151
-01.3982	-00.7663	0001.152
-01.3948	-00.7656	0001.153
-01.3906	-00.7663	0001.154
-01.3863	-00.7653	0001.155
-01.3820	-00.7663	0001.156
-01.3784	-00.7660	0001.157
-01.3741	-00.7660	0001.158
-01.3704	-00.7656	0001.159
-01.3665	-00.7660	0001.160
-01.3619	-00.7656	0001.161
-01.3585	-00.7663	0001.162
-01.3546	-00.7660	0001.163
-01.3500	-00.7660	0001.164
-01.3460	-00.7656	0001.165
-01.3424	-00.7653	0001.166
-01.3381	-00.7656	0001.167
-01.3341	-00.7656	0001.168
-01.3301	-00.7656	0001.169
-01.3262	-00.7653	0001.170
-01.3222	-00.7663	0001.171
-01.3182	-00.7656	0001.172
-01.3140	-00.7656	0001.173
-01.3094	-00.7653	0001.174
-01.3063	-00.7656	0001.175
-01.3021	-00.7653	0001.176
-01.2984	-00.7656	0001.177
-01.2941	-00.7650	0001.178
-01.2908	-00.7656	0001.179
-01.2862	-00.7653	0001.180
-01.2822	-00.7653	0001.181
-01.2783	-00.7653	0001.182
-01.2737	-00.7650	0001.183
-01.2700	-00.7653	0001.184
-01.2661	-00.7656	0001.185
-01.2621	-00.7650	0001.186
-01.2581	-00.7653	0001.187
-01.2542	-00.7650	0001.188
-01.2502	-00.7653	0001.189
-01.2462	-00.7653	0001.190
-01.2426	-00.7653	0001.191
-01.2380	-00.7650	0001.192
-01.2337	-00.7653	0001.193
-01.2304	-00.7650	0001.194
-01.2261	-00.7644	0001.195
-01.2218	-00.7650	0001.196
-01.2178	-00.7650	0001.197
-01.2142	-00.7653	0001.198
-01.2099	-00.7647	0001.199
-01.2062	-00.7653	0001.200
-01.2017	-00.7647	0001.201
-01.1980	-00.7650	0001.202
-01.1937	-00.7650	0001.203
-01.1895	-00.7650	0001.204
-01.1864	-00.7644	0001.205
-01.1821	-00.7644	0001.206
-01.1782	-00.7647	0001.207
-01.1739	-00.7647	0001.208
-01.1699	-00.7644	0001.209
-01.1663	-00.7650	0001.210
-01.1620	-00.7644	0001.211
-01.1577	-00.7647	0001.212
-01.1535	-00.7644	0001.213
-01.1498	-00.7644	0001.214
-01.1458	-00.7644	0001.215
-01.1415	-00.7644	0001.216
-01.1382	-00.7647	0001.217
-01.1339	-00.7644	0001.218
-01.1300	-00.7644	0001.219
-01.1254	-00.7644	0001.220
-01.1220	-00.7644	0001.221
-01.1174	-00.7644	0001.222
-01.1141	-00.7641	0001.223
-01.1098	-00.7641	0001.224
-01.1061	-00.7647	0001.225
-01.1022	-00.7641	0001.226
-01.0982	-00.7644	0001.227
-01.0942	-00.7644	0001.228
-01.0897	-00.7641	0001.229
-01.0854	-00.7644	0001.230
-01.0820	-00.7638	0001.231
-01.0775	-00.7638	0001.232
-01.0738	-00.7644	0001.233
-01.0698	-00.7641	0001.234
-01.0659	-00.7644	0001.235
-01.0625	-00.7644	0001.236
-01.0582	-00.7638	0001.237
-01.0540	-00.7638	0001.238
-01.0500	-00.7638	0001.239
-01.0454	-00.7638	0001.240
-01.0421	-00.7638	0001.241
-01.0375	-00.7638	0001.242
-01.0335	-00.7641	0001.243
-01.0295	-00.7641	0001.244
-01.0256	-00.7641	0001.245
-01.0219	-00.7635	0001.246
-01.0183	-00.7638	0001.247
-01.0137	-00.7638	0001.248
-01.0097	-00.7635	0001.249
-01.0057	-00.7638	0001.250
-01.0012	-00.7635	0001.251
-00.9975	-00.7638	0001.252
-00.9938	-00.7635	0001.253
-00.9896	-00.7635	0001.254
-00.9856	-00.7635	0001.255
-00.9819	-00.7635	0001.256
-00.9777	-00.7635	0001.257
-00.9734	-00.7632	0001.258
-00.9694	-00.7635	0001.259
-00.9652	-00.7635	0001.260
-00.9612	-00.7635	0001.261
-00.9578	-00.7635	0001.262
-00.9539	-00.7635	0001.263
-00.9499	-00.7638	0001.264
-00.9456	-00.7632	0001.265
-00.9414	-00.7635	0001.266
-00.9377	-00.7629	0001.267
-00.9334	-00.7638	0001.268
-00.9295	-00.7629	0001.269
-00.9255	-00.7632	0001.270
-00.9218	-00.7632	0001.271
-00.9175	-00.7632	0001.272
-00.9136	-00.7629	0001.273
-00.9093	-00.7632	0001.274
-00.9056	-00.7632	0001.275
-00.9017	-00.7632	0001.276
-00.8974	-00.7632	0001.277
-00.8934	-00.7629	0001.278
-00.8895	-00.7632	0001.279
-00.8855	-00.7629	0001.280
-00.8815	-00.7629	0001.281
-00.8779	-00.7629	0001.282
-00.8736	-00.7629	0001.283
-00.8696	-00.7626	0001.284
-00.8657	-00.7629	0001.285
-00.8614	-00.7632	0001.286
-00.8574	-00.7629	0001.287
-00.8541	-00.7632	0001.288
-00.8492	-00.7629	0001.289
-00.8455	-00.7626	0001.290
-00.8416	-00.7626	0001.291
-00.8373	-00.7626	0001.292
-00.8336	-00.7626	0001.293
-00.8294	-00.7626	0001.294
-00.8254	-00.7626	0001.295
-00.8211	-00.7629	0001.296
-00.8171	-00.7623	0001.297
-00.8132	-00.7626	0001.298
-00.8095	-00.7620	0001.299
-00.8056	-00.7623	0001.300
-00.8016	-00.7626	0001.301
-00.7976	-00.7626	0001.302
-00.7936	-00.7623	0001.303
-00.7894	-00.7626	0001.304
-00.7851	-00.7626	0001.305
-00.7817	-00.7620	0001.306
-00.7772	-00.7623	0001.307
-00.7735	-00.7623	0001.308
-00.7695	-00.7620	0001.309
-00.7653	-00.7620	0001.310
-00.7616	-00.7623	0001.311
-00.7570	-00.7623	0001.312
-00.7537	-00.7620	0001.313
-00.7494	-00.7623	0001.314
-00.7454	-00.7620	0001.315
-00.7418	-00.7617	0001.316
-00.7375	-00.7623	0001.317
-00.7335	-00.7620	0001.318
-00.7296	-00.7614	0001.319
-00.7253	-00.7617	0001.320
-00.7213	-00.7620	0001.321
-00.7174	-00.7614	0001.322
-00.7131	-00.7620	0001.323
-00.7091	-00.7620	0001.324
-00.7051	-00.7617	0001.325
-00.7012	-00.7617	0001.326
-00.6969	-00.7617	0001.327
-00.6936	-00.7617	0001.328
-00.6893	-00.7617	0001.329
-00.6853	-00.7617	0001.330
-00.6813	-00.7617	0001.331
-00.6771	-00.7614	0001.332
-00.6734	-00.7614	0001.333
-00.6691	-00.7617	0001.334
-00.6655	-00.7614	0001.335
-00.6618	-00.7614	0001.336
-00.6572	-00.7614	0001.337
-00.6536	-00.7614	0001.338
-00.6496	-00.7614	0001.339
-00.6456	-00.7614	0001.340
-00.6414	-00.7614	0001.341
-00.6368	-00.7611	0001.342
-00.6331	-00.7611	0001.343
-00.6292	-00.7611	0001.344
-00.6255	-00.7614	0001.345
-00.6212	-00.7608	0001.346
-00.6170	-00.7614	0001.347
-00.6136	-00.7608	0001.348
-00.6093	-00.7614	0001.349
-00.6050	-00.7608	0001.350
-00.6011	-00.7608	0001.351
-00.5971	-00.7608	0001.352
-00.5931	-00.7611	0001.353
-00.5889	-00.7611	0001.354
-00.5852	-00.7608	0001.355
-00.5812	-00.7605	0001.356
-00.5770	-00.7608	0001.357
-00.5727	-00.7605	0001.358
-00.5693	-00.7605	0001.359
-00.5651	-00.7608	0001.360
-00.5614	-00.7608	0001.361
-00.5571	-00.7605	0001.362
-00.5529	-00.7605	0001.363
-00.5492	-00.7608	0001.364
-00.5452	-00.7602	0001.365
-00.5410	-00.7605	0001.366
-00.5367	-00.7608	0001.367
-00.5333	-00.7605	0001.368
-00.5288	-00.7608	0001.369
-00.5251	-00.7602	0001.370
-00.5208	-00.7602	0001.371
-00.5169	-00.7605	0001.372
-00.5129	-00.7605	0001.373
-00.5092	-00.7605	0001.374
-00.5053	-00.7602	0001.375
-00.5013	-00.7599	0001.376
-00.4973	-00.7602	0001.377
-00.4927	-00.7599	0001.378
-00.4891	-00.7602	0001.379
-00.4848	-00.7602	0001.380
-00.4808	-00.7602	0001.381
-00.4772	-00.7602	0001.382
-00.4726	-00.7595	0001.383
-00.4689	-00.7599	0001.384
-00.4650	-00.7602	0001.385
-00.4610	-00.7595	0001.386
-00.4570	-00.7599	0001.387
-00.4528	-00.7599	0001.388
-00.4488	-00.7602	0001.389
-00.4448	-00.7599	0001.390
-00.4409	-00.7595	0001.391
-00.4369	-00.7599	0001.392
-00.4329	-00.7599	0001.393
-00.4290	-00.7595	0001.394
-00.4253	-00.7599	0001.395
-00.4210	-00.7592	0001.396
-00.4177	-00.7595	0001.397
-00.4128	-00.7595	0001.398
-00.4088	-00.7595	0001.399
-00.4052	-00.7595	0001.400
-00.4009	-00.7595	0001.401
-00.3972	-00.7592	0001.402
-00.3926	-00.7595	0001.403
-00.3893	-00.7595	0001.404
-00.3847	-00.7589	0001.405
-00.3811	-00.7589	0001.406
-00.3774	-00.7592	0001.407
-00.3731	-00.7592	0001.408
-00.3688	-00.7589	0001.409
-00.3649	-00.7589	0001.410
-00.3612	-00.7589	0001.411
-00.3569	-00.7586	0001.412
-00.3527	-00.7586	0001.413
-00.3487	-00.7589	0001.414
-00.3447	-00.7583	0001.415
-00.3408	-00.7586	0001.416
-00.3368	-00.7586	0001.417
-00.3328	-00.7586	0001.418
-00.3286	-00.7583	0001.419
-00.3252	-00.7583	0001.420
-00.3206	-00.7583	0001.421
-00.3170	-00.7583	0001.422
-00.3130	-00.7586	0001.423
-00.3093	-00.7583	0001.424
-00.3048	-00.7586	0001.425
-00.3008	-00.7583	0001.426
-00.2965	-00.7580	0001.427
-00.2922	-00.7583	0001.428
-00.2886	-00.7580	0001.429
-00.2846	-00.7589	0001.430
-00.2803	-00.7580	0001.431
-00.2767	-00.7580	0001.432
-00.2727	-00.7583	0001.433
-00.2687	-00.7580	0001.434
-00.2651	-00.7580	0001.435
-00.2605	-00.7577	0001.436
-00.2565	-00.7583	0001.437
-00.2526	-00.7580	0001.438
-00.2489	-00.7577	0001.439
-00.2446	-00.7577	0001.440
-00.2407	-00.7577	0001.441
-00.2361	-00.7577	0001.442
-00.2330	-00.7577	0001.443
-00.2288	-00.7571	0001.444
-00.2242	-00.7571	0001.445
-00.2202	-00.7574	0001.446
-00.2166	-00.7574	0001.447
-00.2126	-00.7577	0001.448
-00.2083	-00.7577	0001.449
-00.2044	-00.7577	0001.450
-00.2007	-00.7574	0001.451
-00.1964	-00.7574	0001.452
-00.1925	-00.7571	0001.453
-00.1888	-00.7568	0001.454
-00.1848	-00.7568	0001.455
-00.1806	-00.7571	0001.456
-00.1763	-00.7568	0001.457
-00.1726	-00.7571	0001.458
-00.1686	-00.7571	0001.459
-00.1650	-00.7568	0001.460
-00.1607	-00.7574	0001.461
-00.1567	-00.7565	0001.462
-00.1531	-00.7568	0001.463
-00.1485	-00.7565	0001.464
-00.1442	-00.7565	0001.465
-00.1406	-00.7568	0001.466
-00.1366	-00.7565	0001.467
-00.1326	-00.7565	0001.468
-00.1287	-00.7565	0001.469
-00.1250	-00.7565	0001.470
-00.1207	-00.7565	0001.471
-00.1165	-00.7562	0001.472
-00.1131	-00.7565	0001.473
-00.1085	-00.7559	0001.474
-00.1040	-00.7562	0001.475
-00.1006	-00.7559	0001.476
-00.0963	-00.7562	0001.477
-00.0927	-00.7559	0001.478
-00.0884	-00.7559	0001.479
-00.0844	-00.7562	0001.480
-00.0808	-00.7559	0001.481
-00.0768	-00.7556	0001.482
-00.0725	-00.7559	0001.483
-00.0682	-00.7556	0001.484
-00.0646	-00.7553	0001.485
-00.0606	-00.7556	0001.486
-00.0563	-00.7562	0001.487
-00.0527	-00.7556	0001.488
-00.0484	-00.7553	0001.489
-00.0444	-00.7556	0001.490
-00.0405	-00.7553	0001.491
-00.0359	-00.7553	0001.492
-00.0322	-00.7553	0001.493
-00.0289	-00.7547	0001.494
-00.0240	-00.7550	0001.495
-00.0209	-00.7550	0001.496
-00.0167	-00.7547	0001.497
-00.0127	-00.7550	0001.498
-00.0081	-00.7550	0001.499
