R,Ohm	C,pF	Temp,C
0000000000	0000100000	+025.00
Ch1,V	Ch2,V	Time,s
-00.0008	-00.0006	0000.000
-00.0005	-00.0006	0000.001
+00.0013	-00.0012	0000.002
+00.0035	-00.0006	0000.003
+00.0050	-00.0006	0000.004
+00.0080	-00.0009	0000.005
+00.0099	-00.0003	0000.006
+00.0117	-00.0006	0000.007
+00.0129	-00.0003	0000.008
+00.0157	-00.0006	0000.009
+00.0175	-00.0009	0000.010
+00.0196	-00.0009	0000.011
+00.0215	-00.0009	0000.012
+00.0236	-00.0009	0000.013
+00.0254	-00.0006	0000.014
+00.0273	-00.0009	0000.015
+00.0297	-00.0006	0000.016
+00.0315	-00.0006	0000.017
+00.0340	-00.0006	0000.018
+00.0352	-00.0006	0000.019
+00.0373	-00.0003	0000.020
+00.0401	-00.0006	0000.021
+00.0416	-00.0003	0000.022
+00.0441	-00.0006	0000.023
+00.0453	-00.0006	0000.024
+00.0477	-00.0009	0000.025
+00.0492	-00.0003	0000.026
+00.0520	-00.0003	0000.027
+00.0538	-00.0006	0000.028
+00.0560	-00.0006	0000.029
+00.0578	-00.0009	0000.030
+00.0596	-00.0006	0000.031
+00.0615	-00.0009	0000.032
+00.0633	-00.0003	0000.033
+00.0657	-00.0003	0000.034
+00.0679	-00.0003	0000.035
+00.0700	-00.0003	0000.036
+00.0718	-00.0003	0000.037
+00.0740	-00.0003	0000.038
+00.0758	-00.0006	0000.039
+00.0776	+00.0000	0000.040
+00.0795	-00.0003	0000.041
+00.0819	-00.0003	0000.042
+00.0834	-00.0006	0000.043
+00.0859	-00.0006	0000.044
+00.0874	-00.0003	0000.045
+00.0898	+00.0000	0000.046
+00.0923	-00.0003	0000.047
+00.0938	-00.0003	0000.048
+00.0959	+00.0000	0000.049
+00.0984	-00.0003	0000.050
+00.0996	+00.0000	0000.051
+00.1017	-00.0006	0000.052
+00.1036	-00.0006	0000.053
+00.1054	-00.0003	0000.054
+00.1072	+00.0000	0000.055
+00.1094	+00.0003	0000.056
+00.1115	-00.0003	0000.057
+00.1139	+00.0000	0000.058
+00.1161	+00.0000	0000.059
+00.1176	+00.0003	0000.060
+00.1194	+00.0000	0000.061
+00.1219	-00.0003	0000.062
+00.1237	+00.0000	0000.063
+00.1255	+00.0000	0000.064
+00.1283	+00.0003	0000.065
+00.1295	+00.0000	0000.066
+00.1319	+00.0000	0000.067
+00.1341	+00.0003	0000.068
+00.1356	+00.0003	0000.069
+00.1381	+00.0000	0000.070
+00.1396	+00.0000	0000.071
+00.1414	+00.0003	0000.072
+00.1435	+00.0003	0000.073
+00.1460	+00.0003	0000.074
+00.1478	-00.0003	0000.075
+00.1503	+00.0006	0000.076
+00.1518	+00.0003	0000.077
+00.1539	+00.0003	0000.078
+00.1564	+00.0006	0000.079
+00.1573	+00.0006	0000.080
+00.1594	+00.0003	0000.081
+00.1616	+00.0003	0000.082
+00.1637	+00.0003	0000.083
+00.1658	+00.0003	0000.084
+00.1677	+00.0006	0000.085
+00.1701	+00.0006	0000.086
+00.1719	+00.0000	0000.087
+00.1738	+00.0006	0000.088
+00.1759	+00.0003	0000.089
+00.1780	+00.0006	0000.090
+00.1799	+00.0006	0000.091
+00.1817	+00.0006	0000.092
+00.1835	+00.0006	0000.093
+00.1854	+00.0006	0000.094
+00.1881	+00.0003	0000.095
+00.1896	+00.0013	0000.096
+00.1915	+00.0006	0000.097
+00.1936	+00.0006	0000.098
+00.1957	+00.0006	0000.099
+00.1976	+00.0010	0000.100
+00.2003	+00.0013	0000.101
+00.2015	+00.0010	0000.102
+00.2037	+00.0006	0000.103
+00.2058	+00.0010	0000.104
+00.2076	+00.0010	0000.105
+00.2098	+00.0006	0000.106
+00.2116	+00.0010	0000.107
+00.2140	+00.0016	0000.108
+00.2156	+00.0010	0000.109
+00.2177	+00.0013	0000.110
+00.2195	+00.0010	0000.111
+00.2223	+00.0010	0000.112
+00.2232	+00.0013	0000.113
+00.2256	+00.0010	0000.114
+00.2278	+00.0010	0000.115
+00.2299	+00.0013	0000.116
+00.2320	+00.0013	0000.117
+00.2336	+00.0013	0000.118
+00.2360	+00.0013	0000.119
+00.2378	+00.0016	0000.120
+00.2397	+00.0019	0000.121
+00.2418	+00.0016	0000.122
+00.2439	+00.0019	0000.123
+00.2464	+00.0019	0000.124
+00.2476	+00.0013	0000.125
+00.2497	+00.0019	0000.126
+00.2519	+00.0022	0000.127
+00.2540	+00.0022	0000.128
+00.2559	+00.0025	0000.129
+00.2580	+00.0019	0000.130
+00.2598	+00.0022	0000.131
+00.2620	+00.0025	0000.132
+00.2647	+00.0022	0000.133
+00.2662	+00.0025	0000.134
+00.2678	+00.0025	0000.135
+00.2696	+00.0022	0000.136
+00.2720	+00.0028	0000.137
+00.2732	+00.0028	0000.138
+00.2760	+00.0028	0000.139
+00.2778	+00.0028	0000.140
+00.2800	+00.0028	0000.141
+00.2821	+00.0031	0000.142
+00.2836	+00.0028	0000.143
+00.2864	+00.0034	0000.144
+00.2876	+00.0028	0000.145
+00.2900	+00.0031	0000.146
+00.2919	+00.0034	0000.147
+00.2943	+00.0034	0000.148
+00.2955	+00.0034	0000.149
+00.2980	+00.0034	0000.150
+00.3007	+00.0034	0000.151
+00.3022	+00.0037	0000.152
+00.3041	+00.0034	0000.153
+00.3062	+00.0037	0000.154
+00.3083	+00.0040	0000.155
+00.3099	+00.0043	0000.156
+00.3123	+00.0037	0000.157
+00.3138	+00.0043	0000.158
+00.3160	+00.0043	0000.159
+00.3181	+00.0046	0000.160
+00.3202	+00.0046	0000.161
+00.3221	+00.0049	0000.162
+00.3239	+00.0046	0000.163
+00.3263	+00.0052	0000.164
+00.3279	+00.0052	0000.165
+00.3300	+00.0055	0000.166
+00.3321	+00.0055	0000.167
+00.3337	+00.0055	0000.168
+00.3361	+00.0055	0000.169
+00.3379	+00.0052	0000.170
+00.3401	+00.0058	0000.171
+00.3419	+00.0061	0000.172
+00.3444	+00.0058	0000.173
+00.3456	+00.0064	0000.174
+00.3480	+00.0064	0000.175
+00.3502	+00.0068	0000.176
+00.3520	+00.0064	0000.177
+00.3538	+00.0074	0000.178
+00.3556	+00.0068	0000.179
+00.3587	+00.0071	0000.180
+00.3599	+00.0077	0000.181
+00.3624	+00.0080	0000.182
+00.3645	+00.0077	0000.183
+00.3663	+00.0083	0000.184
+00.3682	+00.0083	0000.185
+00.3700	+00.0083	0000.186
+00.3724	+00.0083	0000.187
+00.3743	+00.0095	0000.188
+00.3764	+00.0089	0000.189
+00.3782	+00.0095	0000.190
+00.3801	+00.0098	0000.191
+00.3819	+00.0098	0000.192
+00.3843	+00.0098	0000.193
+00.3859	+00.0101	0000.194
+00.3880	+00.0110	0000.195
+00.3901	+00.0110	0000.196
+00.3923	+00.0110	0000.197
+00.3941	+00.0113	0000.198
+00.3965	+00.0119	0000.199
+00.3984	+00.0122	0000.200
+00.3999	+00.0125	0000.201
+00.4023	+00.0129	0000.202
+00.4039	+00.0132	0000.203
+00.4063	+00.0135	0000.204
+00.4084	+00.0159	0000.205
+00.4103	+00.0168	0000.206
+00.4121	+00.0174	0000.207
+00.4136	+00.0180	0000.208
+00.4164	+00.0193	0000.209
+00.4182	+00.0199	0000.210
+00.4203	+00.0211	0000.211
+00.4219	+00.0214	0000.212
+00.4243	+00.0223	0000.213
+00.4258	+00.0226	0000.214
+00.4283	+00.0235	0000.215
+00.4301	+00.0241	0000.216
+00.4319	+00.0248	0000.217
+00.4341	+00.0251	0000.218
+00.4359	+00.0263	0000.219
+00.4383	+00.0272	0000.220
+00.4402	+00.0281	0000.221
+00.4423	+00.0287	0000.222
+00.4441	+00.0293	0000.223
+00.4460	+00.0299	0000.224
+00.4481	+00.0312	0000.225
+00.4499	+00.0318	0000.226
+00.4524	+00.0321	0000.227
+00.4545	+00.0333	0000.228
+00.4564	+00.0333	0000.229
+00.4582	+00.0351	0000.230
+00.4606	+00.0351	0000.231
+00.4625	+00.0357	0000.232
+00.4646	+00.0364	0000.233
+00.4664	+00.0376	0000.234
+00.4686	+00.0379	0000.235
+00.4701	+00.0385	0000.236
+00.4722	+00.0391	0000.237
+00.4744	+00.0415	0000.238
+00.4762	+00.0428	0000.239
+00.4783	+00.0440	0000.240
+00.4802	+00.0449	0000.241
+00.4826	+00.0455	0000.242
+00.4844	+00.0467	0000.243
+00.4860	+00.0476	0000.244
+00.4884	+00.0483	0000.245
+00.4899	+00.0489	0000.246
+00.4924	+00.0498	0000.247
+00.4942	+00.0507	0000.248
+00.4963	+00.0516	0000.249
+00.4979	+00.0537	0000.250
+00.5006	+00.0547	0000.251
+00.5021	+00.0559	0000.252
+00.5046	+00.0565	0000.253
+00.5064	+00.0583	0000.254
+00.5079	+00.0592	0000.255
+00.5101	+00.0595	0000.256
+00.5122	+00.0611	0000.257
+00.5146	+00.0617	0000.258
+00.5165	+00.0632	0000.259
+00.5186	+00.0641	0000.260
+00.5201	+00.0656	0000.261
+00.5223	+00.0666	0000.262
+00.5241	+00.0675	0000.263
+00.5262	+00.0687	0000.264
+00.5284	+00.0699	0000.265
+00.5299	+00.0711	0000.266
+00.5326	+00.0730	0000.267
+00.5339	+00.0785	0000.268
+00.5366	+00.0818	0000.269
+00.5384	+00.0849	0000.270
+00.5403	+00.0864	0000.271
+00.5421	+00.0888	0000.272
+00.5442	+00.0910	0000.273
+00.5461	+00.0928	0000.274
+00.5482	+00.0953	0000.275
+00.5510	+00.0971	0000.276
+00.5522	+00.0992	0000.277
+00.5546	+00.1154	0000.278
+00.5561	+00.1230	0000.279
+00.5583	+00.1303	0000.280
+00.5601	+00.1368	0000.281
+00.5626	+00.1419	0000.282
+00.5644	+00.1474	0000.283
+00.5665	+00.1520	0000.284
+00.5684	+00.1566	0000.285
+00.5702	+00.1615	0000.286
+00.5723	+00.1661	0000.287
+00.5745	+00.1706	0000.288
+00.5766	+00.1783	0000.289
+00.5781	+00.1847	0000.290
+00.5809	+00.1899	0000.291
+00.5821	+00.1950	0000.292
+00.5842	+00.2018	0000.293
+00.5861	+00.2097	0000.294
+00.5882	+00.2155	0000.295
+00.5900	+00.2213	0000.296
+00.5925	+00.2265	0000.297
+00.5940	+00.2307	0000.298
+00.5961	+00.2353	0000.299
+00.5986	+00.2405	0000.300
+00.6004	+00.2454	0000.301
+00.6028	+00.2497	0000.302
+00.6047	+00.2542	0000.303
+00.6065	+00.2588	0000.304
+00.6083	+00.2668	0000.305
+00.6105	+00.2765	0000.306
+00.6123	+00.2842	0000.307
+00.6141	+00.2900	0000.308
+00.6163	+00.2945	0000.309
+00.6184	+00.2997	0000.310
+00.6205	+00.3049	0000.311
+00.6230	+00.3110	0000.312
+00.6242	+00.3165	0000.313
+00.6266	+00.3232	0000.314
+00.6282	+00.3421	0000.315
+00.6309	+00.3653	0000.316
+00.6321	+00.3891	0000.317
+00.6346	+00.4084	0000.318
+00.6361	+00.4261	0000.319
+00.6385	+00.4398	0000.320
+00.6410	+00.4511	0000.321
+00.6425	+00.4596	0000.322
+00.6443	+00.4682	0000.323
+00.6462	+00.4770	0000.324
+00.6480	+00.4834	0000.325
+00.6504	+00.4892	0000.326
+00.6523	+00.4956	0000.327
+00.6544	+00.5002	0000.328
+00.6569	+00.5051	0000.329
+00.6581	+00.5091	0000.330
+00.6608	+00.5140	0000.331
+00.6627	+00.5198	0000.332
+00.6642	+00.5240	0000.333
+00.6666	+00.5292	0000.334
+00.6681	+00.5332	0000.335
+00.6706	+00.5378	0000.336
+00.6721	+00.5417	0000.337
+00.6746	+00.5460	0000.338
+00.6764	+00.5497	0000.339
+00.6782	+00.5545	0000.340
+00.6804	+00.5594	0000.341
+00.6825	+00.5667	0000.342
+00.6843	+00.5722	0000.343
+00.6865	+00.5765	0000.344
+00.6889	+00.5796	0000.345
+00.6907	+00.5829	0000.346
+00.6929	+00.5863	0000.347
+00.6947	+00.5887	0000.348
+00.6965	+00.5912	0000.349
+00.6990	+00.5945	0000.350
+00.7005	+00.5964	0000.351
+00.7023	+00.5988	0000.352
+00.7048	+00.6009	0000.353
+00.7069	+00.6040	0000.354
+00.7087	+00.6070	0000.355
+00.7106	+00.6092	0000.356
+00.7127	+00.6110	0000.357
+00.7142	+00.6147	0000.358
+00.7167	+00.6177	0000.359
+00.7185	+00.6205	0000.360
+00.7206	+00.6229	0000.361
+00.7225	+00.6247	0000.362
+00.7249	+00.6269	0000.363
+00.7264	+00.6284	0000.364
+00.7292	+00.6305	0000.365
+00.7304	+00.6324	0000.366
+00.7328	+00.6336	0000.367
+00.7347	+00.6354	0000.368
+00.7368	+00.6369	0000.369
+00.7383	+00.6385	0000.370
+00.7405	+00.6397	0000.371
+00.7426	+00.6412	0000.372
+00.7444	+00.6427	0000.373
+00.7472	+00.6433	0000.374
+00.7484	+00.6446	0000.375
+00.7508	+00.6464	0000.376
+00.7530	+00.6470	0000.377
+00.7548	+00.6482	0000.378
+00.7569	+00.6491	0000.379
+00.7585	+00.6504	0000.380
+00.7606	+00.6510	0000.381
+00.7624	+00.6525	0000.382
+00.7649	+00.6531	0000.383
+00.7661	+00.6543	0000.384
+00.7689	+00.6552	0000.385
+00.7710	+00.6562	0000.386
+00.7728	+00.6568	0000.387
+00.7746	+00.6574	0000.388
+00.7768	+00.6583	0000.389
+00.7786	+00.6595	0000.390
+00.7801	+00.6598	0000.391
+00.7820	+00.6610	0000.392
+00.7847	+00.6614	0000.393
+00.7869	+00.6626	0000.394
+00.7884	+00.6632	0000.395
+00.7905	+00.6638	0000.396
+00.7927	+00.6644	0000.397
+00.7945	+00.6653	0000.398
+00.7966	+00.6656	0000.399
+00.7985	+00.6672	0000.400
+00.8006	+00.6668	0000.401
+00.8024	+00.6678	0000.402
+00.8046	+00.6687	0000.403
+00.8067	+00.6696	0000.404
+00.8082	+00.6696	0000.405
+00.8107	+00.6705	0000.406
+00.8128	+00.6708	0000.407
+00.8146	+00.6708	0000.408
+00.8165	+00.6720	0000.409
+00.8186	+00.6723	0000.410
+00.8207	+00.6739	0000.411
+00.8226	+00.6733	0000.412
+00.8247	+00.6745	0000.413
+00.8268	+00.6748	0000.414
+00.8290	+00.6751	0000.415
+00.8305	+00.6754	0000.416
+00.8329	+00.6760	0000.417
+00.8345	+00.6769	0000.418
+00.8369	+00.6772	0000.419
+00.8384	+00.6778	0000.420
+00.8409	+00.6784	0000.421
+00.8430	+00.6784	0000.422
+00.8451	+00.6797	0000.423
+00.8470	+00.6806	0000.424
+00.8488	+00.6803	0000.425
+00.8506	+00.6803	0000.426
+00.8528	+00.6815	0000.427
+00.8546	+00.6824	0000.428
+00.8570	+00.6824	0000.429
+00.8592	+00.6830	0000.430
+00.8604	+00.6836	0000.431
+00.8628	+00.6839	0000.432
+00.8653	+00.6849	0000.433
+00.8662	+00.6852	0000.434
+00.8689	+00.6864	0000.435
+00.8705	+00.6870	0000.436
+00.8732	+00.6873	0000.437
+00.8751	+00.6882	0000.438
+00.8769	+00.6882	0000.439
+00.8781	+00.6885	0000.440
+00.8809	+00.6894	0000.441
+00.8830	+00.6900	0000.442
+00.8845	+00.6906	0000.443
+00.8870	+00.6916	0000.444
+00.8885	+00.6922	0000.445
+00.8909	+00.6928	0000.446
+00.8928	+00.6937	0000.447
+00.8946	+00.6946	0000.448
+00.8964	+00.6952	0000.449
+00.8989	+00.6961	0000.450
+00.9010	+00.6971	0000.451
+00.9025	+00.6977	0000.452
+00.9047	+00.6992	0000.453
+00.9065	+00.7001	0000.454
+00.9089	+00.7032	0000.455
+00.9105	+00.7041	0000.456
+00.9126	+00.7059	0000.457
+00.9147	+00.7065	0000.458
+00.9169	+00.7080	0000.459
+00.9184	+00.7099	0000.460
+00.9208	+00.7117	0000.461
+00.9233	+00.7126	0000.462
+00.9248	+00.7129	0000.463
+00.9272	+00.7132	0000.464
+00.9288	+00.7135	0000.465
+00.9303	+00.7132	0000.466
+00.9321	+00.7138	0000.467
+00.9355	+00.7145	0000.468
+00.9367	+00.7141	0000.469
+00.9385	+00.7148	0000.470
+00.9410	+00.7148	0000.471
+00.9431	+00.7157	0000.472
+00.9452	+00.7160	0000.473
+00.9471	+00.7157	0000.474
+00.9489	+00.7160	0000.475
+00.9504	+00.7163	0000.476
+00.9532	+00.7169	0000.477
+00.9550	+00.7172	0000.478
+00.9571	+00.7175	0000.479
+00.9590	+00.7175	0000.480
+00.9608	+00.7178	0000.481
+00.9629	+00.7175	0000.482
+00.9651	+00.7181	0000.483
+00.9666	+00.7184	0000.484
+00.9690	+00.7184	0000.485
+00.9715	+00.7184	0000.486
+00.9727	+00.7187	0000.487
+00.9752	+00.7196	0000.488
+00.9770	+00.7190	0000.489
+00.9791	+00.7196	0000.490
+00.9806	+00.7199	0000.491
+00.9825	+00.7199	0000.492
+00.9849	+00.7206	0000.493
+00.9867	+00.7206	0000.494
+00.9895	+00.7209	0000.495
+00.9913	+00.7212	0000.496
+00.9925	+00.7218	0000.497
+00.9953	+00.7218	0000.498
+00.9965	+00.7218	0000.499
+00.9993	+00.7221	0000.500
+01.0011	+00.7224	0000.501
+01.0032	+00.7224	0000.502
+01.0051	+00.7224	0000.503
+01.0072	+00.7227	0000.504
+01.0093	+00.7227	0000.505
+01.0109	+00.7230	0000.506
+01.0127	+00.7233	0000.507
+01.0148	+00.7230	0000.508
+01.0173	+00.7236	0000.509
+01.0191	+00.7239	0000.510
+01.0212	+00.7245	0000.511
+01.0228	+00.7242	0000.512
+01.0252	+00.7242	0000.513
+01.0270	+00.7245	0000.514
+01.0292	+00.7251	0000.515
+01.0307	+00.7248	0000.516
+01.0331	+00.7254	0000.517
+01.0353	+00.7251	0000.518
+01.0374	+00.7248	0000.519
+01.0386	+00.7257	0000.520
+01.0405	+00.7254	0000.521
+01.0429	+00.7257	0000.522
+01.0447	+00.7260	0000.523
+01.0466	+00.7273	0000.524
+01.0490	+00.7264	0000.525
+01.0508	+00.7267	0000.526
+01.0533	+00.7267	0000.527
+01.0551	+00.7270	0000.528
+01.0572	+00.7276	0000.529
+01.0591	+00.7273	0000.530
+01.0612	+00.7273	0000.531
+01.0627	+00.7276	0000.532
+01.0655	+00.7279	0000.533
+01.0670	+00.7276	0000.534
+01.0694	+00.7285	0000.535
+01.0713	+00.7288	0000.536
+01.0740	+00.7285	0000.537
+01.0749	+00.7285	0000.538
+01.0771	+00.7285	0000.539
+01.0789	+00.7288	0000.540
+01.0807	+00.7291	0000.541
+01.0832	+00.7291	0000.542
+01.0850	+00.7294	0000.543
+01.0871	+00.7297	0000.544
+01.0893	+00.7297	0000.545
+01.0914	+00.7297	0000.546
+01.0939	+00.7306	0000.547
+01.0954	+00.7300	0000.548
+01.0972	+00.7306	0000.549
+01.0987	+00.7303	0000.550
+01.1012	+00.7306	0000.551
+01.1033	+00.7306	0000.552
+01.1052	+00.7309	0000.553
+01.1070	+00.7309	0000.554
+01.1091	+00.7312	0000.555
+01.1113	+00.7312	0000.556
+01.1131	+00.7309	0000.557
+01.1155	+00.7315	0000.558
+01.1171	+00.7318	0000.559
+01.1192	+00.7315	0000.560
+01.1210	+00.7318	0000.561
+01.1232	+00.7322	0000.562
+01.1253	+00.7325	0000.563
+01.1271	+00.7322	0000.564
+01.1290	+00.7328	0000.565
+01.1308	+00.7325	0000.566
+01.1332	+00.7325	0000.567
+01.1351	+00.7331	0000.568
+01.1375	+00.7334	0000.569
+01.1384	+00.7331	0000.570
+01.1412	+00.7328	0000.571
+01.1427	+00.7337	0000.572
+01.1454	+00.7334	0000.573
+01.1473	+00.7337	0000.574
+01.1491	+00.7337	0000.575
+01.1512	+00.7343	0000.576
+01.1531	+00.7343	0000.577
+01.1558	+00.7340	0000.578
+01.1570	+00.7340	0000.579
+01.1592	+00.7343	0000.580
+01.1616	+00.7340	0000.581
+01.1637	+00.7349	0000.582
+01.1659	+00.7343	0000.583
+01.1674	+00.7346	0000.584
+01.1699	+00.7346	0000.585
+01.1711	+00.7349	0000.586
+01.1729	+00.7346	0000.587
+01.1750	+00.7349	0000.588
+01.1775	+00.7349	0000.589
+01.1790	+00.7355	0000.590
+01.1814	+00.7355	0000.591
+01.1833	+00.7352	0000.592
+01.1851	+00.7355	0000.593
+01.1872	+00.7358	0000.594
+01.1900	+00.7364	0000.595
+01.1915	+00.7364	0000.596
+01.1927	+00.7361	0000.597
+01.1949	+00.7358	0000.598
+01.1970	+00.7364	0000.599
+01.1998	+00.7364	0000.600
+01.2016	+00.7367	0000.601
+01.2028	+00.7370	0000.602
+01.2056	+00.7370	0000.603
+01.2071	+00.7367	0000.604
+01.2089	+00.7367	0000.605
+01.2117	+00.7373	0000.606
+01.2132	+00.7370	0000.607
+01.2153	+00.7373	0000.608
+01.2168	+00.7370	0000.609
+01.2190	+00.7376	0000.610
+01.2214	+00.7376	0000.611
+01.2236	+00.7380	0000.612
+01.2248	+00.7376	0000.613
+01.2275	+00.7380	0000.614
+01.2291	+00.7383	0000.615
+01.2312	+00.7386	0000.616
+01.2330	+00.7383	0000.617
+01.2358	+00.7389	0000.618
+01.2376	+00.7386	0000.619
+01.2391	+00.7389	0000.620
+01.2416	+00.7389	0000.621
+01.2428	+00.7392	0000.622
+01.2449	+00.7392	0000.623
+01.2471	+00.7392	0000.624
+01.2498	+00.7389	0000.625
+01.2513	+00.7395	0000.626
+01.2535	+00.7395	0000.627
+01.2550	+00.7398	0000.628
+01.2574	+00.7395	0000.629
+01.2590	+00.7401	0000.630
+01.2614	+00.7404	0000.631
+01.2632	+00.7395	0000.632
+01.2654	+00.7401	0000.633
+01.2669	+00.7404	0000.634
+01.2693	+00.7401	0000.635
+01.2712	+00.7404	0000.636
+01.2730	+00.7404	0000.637
+01.2754	+00.7407	0000.638
+01.2776	+00.7407	0000.639
+01.2791	+00.7407	0000.640
+01.2812	+00.7410	0000.641
+01.2831	+00.7410	0000.642
+01.2855	+00.7407	0000.643
+01.2877	+00.7413	0000.644
+01.2895	+00.7413	0000.645
+01.2910	+00.7419	0000.646
+01.2938	+00.7416	0000.647
+01.2947	+00.7413	0000.648
+01.2974	+00.7416	0000.649
+01.2992	+00.7416	0000.650
+01.3014	+00.7416	0000.651
+01.3035	+00.7419	0000.652
+01.3054	+00.7419	0000.653
+01.3075	+00.7419	0000.654
+01.3090	+00.7419	0000.655
+01.3111	+00.7422	0000.656
+01.3133	+00.7425	0000.657
+01.3157	+00.7425	0000.658
+01.3179	+00.7425	0000.659
+01.3194	+00.7425	0000.660
+01.3221	+00.7428	0000.661
+01.3231	+00.7425	0000.662
+01.3258	+00.7428	0000.663
+01.3270	+00.7428	0000.664
+01.3298	+00.7428	0000.665
+01.3310	+00.7428	0000.666
+01.3334	+00.7425	0000.667
+01.3356	+00.7431	0000.668
+01.3377	+00.7437	0000.669
+01.3398	+00.7434	0000.670
+01.3417	+00.7437	0000.671
+01.3441	+00.7434	0000.672
+01.3450	+00.7434	0000.673
+01.3475	+00.7437	0000.674
+01.3493	+00.7437	0000.675
+01.3511	+00.7437	0000.676
+01.3536	+00.7437	0000.677
+01.3557	+00.7441	0000.678
+01.3575	+00.7441	0000.679
+01.3594	+00.7441	0000.680
+01.3615	+00.7437	0000.681
+01.3633	+00.7441	0000.682
+01.3652	+00.7444	0000.683
+01.3673	+00.7447	0000.684
+01.3694	+00.7441	0000.685
+01.3719	+00.7444	0000.686
+01.3731	+00.7444	0000.687
+01.3758	+00.7447	0000.688
+01.3780	+00.7450	0000.689
+01.3798	+00.7447	0000.690
+01.3813	+00.7450	0000.691
+01.3838	+00.7450	0000.692
+01.3859	+00.7453	0000.693
+01.3877	+00.7453	0000.694
+01.3896	+00.7453	0000.695
+01.3911	+00.7456	0000.696
+01.3935	+00.7456	0000.697
+01.3957	+00.7453	0000.698
+01.3975	+00.7453	0000.699
+01.3996	+00.7453	0000.700
+01.4015	+00.7456	0000.701
+01.4030	+00.7456	0000.702
+01.4051	+00.7456	0000.703
+01.4076	+00.7456	0000.704
+01.4097	+00.7459	0000.705
+01.4116	+00.7462	0000.706
+01.4131	+00.7462	0000.707
+01.4158	+00.7459	0000.708
+01.4170	+00.7462	0000.709
+01.4201	+00.7468	0000.710
+01.4213	+00.7465	0000.711
+01.4231	+00.7465	0000.712
+01.4256	+00.7468	0000.713
+01.4280	+00.7468	0000.714
+01.4293	+00.7465	0000.715
+01.4317	+00.7468	0000.716
+01.4335	+00.7468	0000.717
+01.4357	+00.7471	0000.718
+01.4381	+00.7468	0000.719
+01.4390	+00.7471	0000.720
+01.4418	+00.7471	0000.721
+01.4436	+00.7474	0000.722
+01.4457	+00.7471	0000.723
+01.4476	+00.7474	0000.724
+01.4497	+00.7474	0000.725
+01.4518	+00.7474	0000.726
+01.4537	+00.7477	0000.727
+01.4561	+00.7474	0000.728
+01.4576	+00.7477	0000.729
+01.4598	+00.7471	0000.730
+01.4619	+00.7477	0000.731
+01.4643	+00.7483	0000.732
+01.4656	+00.7480	0000.733
+01.4674	+00.7480	0000.734
+01.4695	+00.7483	0000.735
+01.4714	+00.7474	0000.736
+01.4738	+00.7480	0000.737
+01.4753	+00.7480	0000.738
+01.4775	+00.7486	0000.739
+01.4793	+00.7483	0000.740
+01.4820	+00.7486	0000.741
+01.4839	+00.7486	0000.742
+01.4854	+00.7486	0000.743
+01.4878	+00.7486	0000.744
+01.4897	+00.7492	0000.745
+01.4918	+00.7486	0000.746
+01.4939	+00.7486	0000.747
+01.4955	+00.7486	0000.748
+01.4973	+00.7489	0000.749
+01.4997	+00.7489	0000.750
+01.5019	+00.7492	0000.751
+01.5037	+00.7492	0000.752
+01.5059	+00.7489	0000.753
+01.5077	+00.7495	0000.754
+01.5098	+00.7492	0000.755
+01.5116	+00.7495	0000.756
+01.5138	+00.7489	0000.757
+01.5159	+00.7499	0000.758
+01.5178	+00.7495	0000.759
+01.5196	+00.7492	0000.760
+01.5214	+00.7495	0000.761
+01.5239	+00.7492	0000.762
+01.5257	+00.7502	0000.763
+01.5281	+00.7499	0000.764
+01.5297	+00.7502	0000.765
+01.5315	+00.7502	0000.766
+01.5336	+00.7502	0000.767
+01.5358	+00.7499	0000.768
+01.5373	+00.7505	0000.769
+01.5397	+00.7499	0000.770
+01.5419	+00.7505	0000.771
+01.5440	+00.7502	0000.772
+01.5458	+00.7502	0000.773
+01.5474	+00.7505	0000.774
+01.5498	+00.7502	0000.775
+01.5519	+00.7505	0000.776
+01.5541	+00.7508	0000.777
+01.5550	+00.7508	0000.778
+01.5580	+00.7505	0000.779
+01.5599	+00.7511	0000.780
+01.5620	+00.7508	0000.781
+01.5638	+00.7514	0000.782
+01.5663	+00.7511	0000.783
+01.5678	+00.7508	0000.784
+01.5696	+00.7508	0000.785
+01.5718	+00.7514	0000.786
+01.5739	+00.7508	0000.787
+01.5760	+00.7508	0000.788
+01.5779	+00.7514	0000.789
+01.5797	+00.7508	0000.790
+01.5821	+00.7517	0000.791
+01.5834	+00.7514	0000.792
+01.5861	+00.7511	0000.793
+01.5876	+00.7517	0000.794
+01.5904	+00.7517	0000.795
+01.5916	+00.7517	0000.796
+01.5944	+00.7517	0000.797
+01.5962	+00.7517	0000.798
+01.5977	+00.7523	0000.799
+01.5998	+00.7517	0000.800
+01.6020	+00.7517	0000.801
+01.6041	+00.7520	0000.802
+01.6056	+00.7520	0000.803
+01.6081	+00.7517	0000.804
+01.6096	+00.7520	0000.805
+01.6117	+00.7520	0000.806
+01.6136	+00.7520	0000.807
+01.6160	+00.7520	0000.808
+01.6185	+00.7526	0000.809
+01.6203	+00.7523	0000.810
+01.6218	+00.7526	0000.811
+01.6243	+00.7523	0000.812
+01.6261	+00.7526	0000.813
+01.6276	+00.7526	0000.814
+01.6301	+00.7523	0000.815
+01.6316	+00.7526	0000.816
+01.6340	+00.7529	0000.817
+01.6359	+00.7526	0000.818
+01.6380	+00.7526	0000.819
+01.6404	+00.7529	0000.820
+01.6420	+00.7529	0000.821
+01.6438	+00.7532	0000.822
+01.6462	+00.7529	0000.823
+01.6481	+00.7529	0000.824
+01.6499	+00.7529	0000.825
+01.6523	+00.7529	0000.826
+01.6545	+00.7529	0000.827
+01.6566	+00.7529	0000.828
+01.6578	+00.7532	0000.829
+01.6597	+00.7529	0000.830
+01.6624	+00.7532	0000.831
+01.6642	+00.7532	0000.832
+01.6661	+00.7532	0000.833
+01.6679	+00.7535	0000.834
+01.6697	+00.7532	0000.835
+01.6719	+00.7532	0000.836
+01.6740	+00.7535	0000.837
+01.6758	+00.7538	0000.838
+01.6783	+00.7535	0000.839
+01.6804	+00.7535	0000.840
+01.6816	+00.7538	0000.841
+01.6844	+00.7538	0000.842
+01.6856	+00.7538	0000.843
+01.6880	+00.7535	0000.844
+01.6899	+00.7541	0000.845
+01.6923	+00.7538	0000.846
+01.6941	+00.7541	0000.847
+01.6960	+00.7538	0000.848
+01.6981	+00.7541	0000.849
+01.6996	+00.7541	0000.850
+01.7024	+00.7544	0000.851
+01.7039	+00.7538	0000.852
+01.7057	+00.7538	0000.853
+01.7079	+00.7544	0000.854
+01.7100	+00.7547	0000.855
+01.7125	+00.7547	0000.856
+01.7140	+00.7541	0000.857
+01.7164	+00.7544	0000.858
+01.7183	+00.7541	0000.859
+01.7195	+00.7547	0000.860
+01.7213	+00.7550	0000.861
+01.7241	+00.7550	0000.862
+01.7259	+00.7541	0000.863
+01.7280	+00.7550	0000.864
+01.7305	+00.7550	0000.865
+01.7323	+00.7547	0000.866
+01.7344	+00.7547	0000.867
+01.7363	+00.7544	0000.868
+01.7384	+00.7550	0000.869
+01.7405	+00.7550	0000.870
+01.7418	+00.7547	0000.871
+01.7436	+00.7547	0000.872
+01.7460	+00.7547	0000.873
+01.7479	+00.7550	0000.874
+01.7500	+00.7550	0000.875
+01.7518	+00.7550	0000.876
+01.7543	+00.7553	0000.877
+01.7558	+00.7553	0000.878
+01.7579	+00.7553	0000.879
+01.7598	+00.7557	0000.880
+01.7619	+00.7550	0000.881
+01.7637	+00.7553	0000.882
+01.7665	+00.7550	0000.883
+01.7677	+00.7557	0000.884
+01.7707	+00.7560	0000.885
+01.7720	+00.7553	0000.886
+01.7741	+00.7553	0000.887
+01.7759	+00.7560	0000.888
+01.7781	+00.7560	0000.889
+01.7799	+00.7560	0000.890
+01.7814	+00.7560	0000.891
+01.7839	+00.7560	0000.892
+01.7860	+00.7563	0000.893
+01.7884	+00.7563	0000.894
+01.7903	+00.7560	0000.895
+01.7927	+00.7560	0000.896
+01.7939	+00.7560	0000.897
+01.7964	+00.7566	0000.898
+01.7979	+00.7560	0000.899
+01.8000	+00.7560	0000.900
+01.8019	+00.7563	0000.901
+01.8043	+00.7560	0000.902
+01.8064	+00.7560	0000.903
+01.8080	+00.7563	0000.904
+01.8104	+00.7563	0000.905
+01.8119	+00.7563	0000.906
+01.8141	+00.7566	0000.907
+01.8162	+00.7566	0000.908
+01.8180	+00.7566	0000.909
+01.8199	+00.7566	0000.910
+01.8223	+00.7566	0000.911
+01.8241	+00.7566	0000.912
+01.8263	+00.7566	0000.913
+01.8281	+00.7569	0000.914
+01.8303	+00.7566	0000.915
+01.8324	+00.7569	0000.916
+01.8339	+00.7563	0000.917
+01.8367	+00.7563	0000.918
+01.8379	+00.7569	0000.919
+01.8400	+00.7569	0000.920
+01.8425	+00.7566	0000.921
+01.8440	+00.7569	0000.922
+01.8461	+00.7569	0000.923
+01.8483	+00.7575	0000.924
+01.8507	+00.7569	0000.925
+01.8525	+00.7572	0000.926
+01.8544	+00.7572	0000.927
+01.8559	+00.7572	0000.928
+01.8580	+00.7569	0000.929
+01.8608	+00.7569	0000.930
+01.8623	+00.7572	0000.931
+01.8641	+00.7572	0000.932
+01.8663	+00.7572	0000.933
+01.8681	+00.7572	0000.934
+01.8702	+00.7575	0000.935
+01.8724	+00.7578	0000.936
+01.8739	+00.7575	0000.937
+01.8763	+00.7575	0000.938
+01.8788	+00.7572	0000.939
+01.8800	+00.7575	0000.940
+01.8821	+00.7572	0000.941
+01.8843	+00.7578	0000.942
+01.8867	+00.7578	0000.943
+01.8882	+00.7581	0000.944
+01.8901	+00.7575	0000.945
+01.8916	+00.7578	0000.946
+01.8940	+00.7578	0000.947
+01.8959	+00.7575	0000.948
+01.8980	+00.7578	0000.949
+01.9004	+00.7578	0000.950
+01.9014	+00.7575	0000.951
+01.9041	+00.7578	0000.952
+01.9062	+00.7581	0000.953
+01.9084	+00.7581	0000.954
+01.9102	+00.7578	0000.955
+01.9120	+00.7581	0000.956
+01.9142	+00.7584	0000.957
+01.9163	+00.7581	0000.958
+01.9181	+00.7581	0000.959
+01.9203	+00.7581	0000.960
+01.9224	+00.7581	0000.961
+01.9236	+00.7584	0000.962
+01.9270	+00.7584	0000.963
+01.9282	+00.7581	0000.964
+01.9304	+00.7581	0000.965
+01.9322	+00.7584	0000.966
+01.9343	+00.7584	0000.967
+01.9368	+00.7587	0000.968
+01.9386	+00.7584	0000.969
+01.9401	+00.7584	0000.970
+01.9419	+00.7584	0000.971
+01.9447	+00.7584	0000.972
+01.9459	+00.7587	0000.973
+01.9477	+00.7587	0000.974
+01.9502	+00.7587	0000.975
+01.9523	+00.7587	0000.976
+01.9545	+00.7587	0000.977
+01.9563	+00.7587	0000.978
+01.9590	+00.7590	0000.979
+01.9603	+00.7587	0000.980
+01.9627	+00.7587	0000.981
+01.9645	+00.7590	0000.982
+01.9667	+00.7593	0000.983
+01.9679	+00.7590	0000.984
+01.9697	+00.7590	0000.985
+01.9725	+00.7590	0000.986
+01.9743	+00.7590	0000.987
+01.9764	+00.7593	0000.988
+01.9786	+00.7590	0000.989
+01.9810	+00.7590	0000.990
+01.9822	+00.7596	0000.991
+01.9841	+00.7593	0000.992
+01.9862	+00.7593	0000.993
+01.9883	+00.7593	0000.994
+01.9902	+00.7593	0000.995
+01.9926	+00.7593	0000.996
+01.9944	+00.7587	0000.997
+01.9963	+00.7593	0000.998
+01.9987	+00.7593	0000.999
+02.0002	+00.7593	0001.000
+02.0027	+00.7596	0001.001
+02.0039	+00.7593	0001.002
+02.0069	+00.7599	0001.003
+02.0085	+00.7596	0001.004
+02.0103	+00.7596	0001.005
+02.0121	+00.7596	0001.006
+02.0146	+00.7599	0001.007
+02.0164	+00.7596	0001.008
+02.0182	+00.7599	0001.009
+02.0201	+00.7599	0001.010
+02.0222	+00.7599	0001.011
+02.0243	+00.7599	0001.012
+02.0265	+00.7602	0001.013
+02.0283	+00.7599	0001.014
+02.0308	+00.7602	0001.015
+02.0326	+00.7602	0001.016
+02.0347	+00.7602	0001.017
+02.0362	+00.7599	0001.018
+02.0384	+00.7602	0001.019
+02.0405	+00.7602	0001.020
+02.0420	+00.7605	0001.021
+02.0439	+00.7602	0001.022
+02.0463	+00.7602	0001.023
+02.0485	+00.7602	0001.024
+02.0503	+00.7602	0001.025
+02.0521	+00.7605	0001.026
+02.0546	+00.7602	0001.027
+02.0564	+00.7605	0001.028
+02.0588	+00.7602	0001.029
+02.0613	+00.7602	0001.030
+02.0619	+00.7605	0001.031
+02.0640	+00.7605	0001.032
+02.0662	+00.7605	0001.033
+02.0686	+00.7605	0001.034
+02.0707	+00.7605	0001.035
+02.0723	+00.7605	0001.036
+02.0747	+00.7605	0001.037
+02.0762	+00.7602	0001.038
+02.0784	+00.7611	0001.039
+02.0802	+00.7605	0001.040
+02.0820	+00.7605	0001.041
+02.0845	+00.7611	0001.042
+02.0863	+00.7611	0001.043
+02.0884	+00.7605	0001.044
+02.0906	+00.7615	0001.045
+02.0927	+00.7605	0001.046
+02.0942	+00.7611	0001.047
+02.0967	+00.7608	0001.048
+02.0982	+00.7608	0001.049
+02.1003	+00.7611	0001.050
+02.1025	+00.7608	0001.051
+02.1043	+00.7611	0001.052
+02.1064	+00.7611	0001.053
+02.1083	+00.7611	0001.054
+02.1107	+00.7608	0001.055
+02.1122	+00.7611	0001.056
+02.1150	+00.7611	0001.057
+02.1165	+00.7608	0001.058
+02.1183	+00.7615	0001.059
+02.1205	+00.7611	0001.060
+02.1226	+00.7615	0001.061
+02.1241	+00.7615	0001.062
+02.1263	+00.7618	0001.063
+02.1284	+00.7618	0001.064
+02.1305	+00.7611	0001.065
+02.1324	+00.7615	0001.066
+02.1348	+00.7611	0001.067
+02.1360	+00.7615	0001.068
+02.1382	+00.7615	0001.069
+02.1409	+00.7611	0001.070
+02.1421	+00.7618	0001.071
+02.1446	+00.7615	0001.072
+02.1464	+00.7618	0001.073
+02.1482	+00.7615	0001.074
+02.1504	+00.7621	0001.075
+02.1525	+00.7618	0001.076
+02.1543	+00.7618	0001.077
+02.1562	+00.7615	0001.078
+02.1586	+00.7621	0001.079
+02.1608	+00.7624	0001.080
+02.1620	+00.7618	0001.081
+02.1647	+00.7618	0001.082
+02.1663	+00.7618	0001.083
+02.1693	+00.7624	0001.084
+02.1708	+00.7618	0001.085
+02.1733	+00.7618	0001.086
+02.1742	+00.7621	0001.087
+02.1769	+00.7624	0001.088
+02.1788	+00.7621	0001.089
+02.1809	+00.7618	0001.090
+02.1830	+00.7621	0001.091
+02.1843	+00.7624	0001.092
+02.1867	+00.7618	0001.093
+02.1885	+00.7621	0001.094
+02.1910	+00.7621	0001.095
+02.1928	+00.7624	0001.096
+02.1946	+00.7621	0001.097
+02.1968	+00.7621	0001.098
+02.1980	+00.7624	0001.099
+02.2004	+00.7627	0001.100
+02.2032	+00.7624	0001.101
+02.2047	+00.7627	0001.102
+02.2065	+00.7624	0001.103
+02.2087	+00.7624	0001.104
+02.2105	+00.7624	0001.105
+02.2129	+00.7621	0001.106
+02.2145	+00.7627	0001.107
+02.2166	+00.7624	0001.108
+02.2194	+00.7630	0001.109
+02.2209	+00.7627	0001.110
+02.2227	+00.7627	0001.111
+02.2245	+00.7627	0001.112
+02.2267	+00.7624	0001.113
+02.2285	+00.7627	0001.114
+02.2303	+00.7627	0001.115
+02.2328	+00.7627	0001.116
+02.2349	+00.7630	0001.117
+02.2367	+00.7630	0001.118
+02.2386	+00.7627	0001.119
+02.2404	+00.7630	0001.120
+02.2425	+00.7630	0001.121
+02.2444	+00.7630	0001.122
+02.2471	+00.7627	0001.123
+02.2483	+00.7630	0001.124
+02.2508	+00.7630	0001.125
+02.2526	+00.7630	0001.126
+02.2548	+00.7627	0001.127
+02.2566	+00.7633	0001.128
+02.2584	+00.7630	0001.129
+02.2602	+00.7630	0001.130
+02.2630	+00.7633	0001.131
+02.2648	+00.7636	0001.132
+02.2667	+00.7630	0001.133
+02.2685	+00.7630	0001.134
+02.2712	+00.7633	0001.135
+02.2728	+00.7639	0001.136
+02.2749	+00.7633	0001.137
+02.2773	+00.7633	0001.138
+02.2789	+00.7633	0001.139
+02.2807	+00.7633	0001.140
+02.2828	+00.7636	0001.141
+02.2850	+00.7633	0001.142
+02.2871	+00.7636	0001.143
+02.2886	+00.7633	0001.144
+02.2911	+00.7633	0001.145
+02.2929	+00.7636	0001.146
+02.2944	+00.7639	0001.147
+02.2966	+00.7636	0001.148
+02.2984	+00.7636	0001.149
+02.3002	+00.7639	0001.150
+02.3027	+00.7639	0001.151
+02.3045	+00.7636	0001.152
+02.3072	+00.7636	0001.153
+02.3082	+00.7636	0001.154
+02.3106	+00.7636	0001.155
+02.3130	+00.7636	0001.156
+02.3146	+00.7639	0001.157
+02.3164	+00.7639	0001.158
+02.3191	+00.7642	0001.159
+02.3213	+00.7639	0001.160
+02.3225	+00.7639	0001.161
+02.3246	+00.7642	0001.162
+02.3265	+00.7636	0001.163
+02.3289	+00.7636	0001.164
+02.3307	+00.7639	0001.165
+02.3326	+00.7642	0001.166
+02.3353	+00.7642	0001.167
+02.3368	+00.7639	0001.168
+02.3393	+00.7642	0001.169
+02.3408	+00.7639	0001.170
+02.3433	+00.7642	0001.171
+02.3445	+00.7642	0001.172
+02.3466	+00.7639	0001.173
+02.3487	+00.7642	0001.174
+02.3509	+00.7639	0001.175
+02.3533	+00.7645	0001.176
+02.3545	+00.7645	0001.177
+02.3573	+00.7642	0001.178
+02.3588	+00.7645	0001.179
+02.3606	+00.7642	0001.180
+02.3628	+00.7645	0001.181
+02.3649	+00.7642	0001.182
+02.3668	+00.7642	0001.183
+02.3686	+00.7642	0001.184
+02.3710	+00.7642	0001.185
+02.3729	+00.7645	0001.186
+02.3750	+00.7645	0001.187
+02.3765	+00.7645	0001.188
+02.3783	+00.7651	0001.189
+02.3805	+00.7645	0001.190
+02.3826	+00.7645	0001.191
+02.3848	+00.7645	0001.192
+02.3866	+00.7645	0001.193
+02.3887	+00.7645	0001.194
+02.3909	+00.7651	0001.195
+02.3930	+00.7645	0001.196
+02.3954	+00.7648	0001.197
+02.3967	+00.7648	0001.198
+02.3988	+00.7648	0001.199
+02.4015	+00.7648	0001.200
+02.4031	+00.7648	0001.201
+02.4043	+00.7645	0001.202
+02.4067	+00.7651	0001.203
+02.4089	+00.7648	0001.204
+02.4107	+00.7654	0001.205
+02.4125	+00.7651	0001.206
+02.4150	+00.7648	0001.207
+02.4165	+00.7648	0001.208
+02.4195	+00.7651	0001.209
+02.4208	+00.7651	0001.210
+02.4232	+00.7648	0001.211
+02.4253	+00.7651	0001.212
+02.4272	+00.7648	0001.213
+02.4287	+00.7651	0001.214
+02.4305	+00.7654	0001.215
+02.4324	+00.7651	0001.216
+02.4354	+00.7651	0001.217
+02.4369	+00.7651	0001.218
+02.4388	+00.7651	0001.219
+02.4412	+00.7654	0001.220
+02.4434	+00.7654	0001.221
+02.4452	+00.7654	0001.222
+02.4470	+00.7654	0001.223
+02.4488	+00.7654	0001.224
+02.4513	+00.7654	0001.225
+02.4531	+00.7654	0001.226
+02.4553	+00.7654	0001.227
+02.4565	+00.7654	0001.228
+02.4595	+00.7657	0001.229
+02.4611	+00.7657	0001.230
+02.4626	+00.7657	0001.231
+02.4650	+00.7657	0001.232
+02.4668	+00.7657	0001.233
+02.4690	+00.7657	0001.234
+02.4705	+00.7657	0001.235
+02.4730	+00.7657	0001.236
+02.4745	+00.7657	0001.237
+02.4772	+00.7654	0001.238
+02.4791	+00.7654	0001.239
+02.4806	+00.7657	0001.240
+02.4836	+00.7660	0001.241
+02.4845	+00.7660	0001.242
+02.4867	+00.7660	0001.243
+02.4894	+00.7657	0001.244
+02.4907	+00.7660	0001.245
+02.4934	+00.7657	0001.246
+02.4952	+00.7654	0001.247
+02.4971	+00.7663	0001.248
+02.4989	+00.7660	0001.249
+02.5010	+00.7657	0001.250
+02.5029	+00.7663	0001.251
+02.5053	+00.7660	0001.252
+02.5065	+00.7657	0001.253
+02.5093	+00.7657	0001.254
+02.5111	+00.7663	0001.255
+02.5135	+00.7660	0001.256
+02.5148	+00.7663	0001.257
+02.5169	+00.7660	0001.258
+02.5196	+00.7663	0001.259
+02.5209	+00.7663	0001.260
+02.5233	+00.7666	0001.261
+02.5248	+00.7663	0001.262
+02.5279	+00.7669	0001.263
+02.5285	+00.7660	0001.264
+02.5312	+00.7663	0001.265
+02.5328	+00.7663	0001.266
+02.5355	+00.7669	0001.267
+02.5380	+00.7660	0001.268
+02.5389	+00.7666	0001.269
+02.5413	+00.7666	0001.270
+02.5428	+00.7663	0001.271
+02.5453	+00.7663	0001.272
+02.5471	+00.7663	0001.273
+02.5486	+00.7666	0001.274
+02.5508	+00.7663	0001.275
+02.5532	+00.7666	0001.276
+02.5554	+00.7666	0001.277
+02.5566	+00.7666	0001.278
+02.5593	+00.7666	0001.279
+02.5608	+00.7663	0001.280
+02.5633	+00.7663	0001.281
+02.5657	+00.7666	0001.282
+02.5673	+00.7672	0001.283
+02.5694	+00.7669	0001.284
+02.5709	+00.7666	0001.285
+02.5731	+00.7666	0001.286
+02.5749	+00.7666	0001.287
+02.5776	+00.7669	0001.288
+02.5795	+00.7669	0001.289
+02.5813	+00.7669	0001.290
+02.5831	+00.7672	0001.291
+02.5850	+00.7672	0001.292
+02.5877	+00.7669	0001.293
+02.5892	+00.7669	0001.294
+02.5914	+00.7672	0001.295
+02.5932	+00.7676	0001.296
+02.5953	+00.7669	0001.297
+02.5972	+00.7672	0001.298
+02.5993	+00.7672	0001.299
+02.6014	+00.7666	0001.300
+02.6030	+00.7666	0001.301
+02.6054	+00.7676	0001.302
+02.6075	+00.7676	0001.303
+02.6097	+00.7672	0001.304
+02.6112	+00.7676	0001.305
+02.6127	+00.7669	0001.306
+02.6149	+00.7679	0001.307
+02.6176	+00.7672	0001.308
+02.6191	+00.7672	0001.309
+02.6213	+00.7669	0001.310
+02.6231	+00.7672	0001.311
+02.6255	+00.7672	0001.312
+02.6271	+00.7672	0001.313
+02.6295	+00.7676	0001.314
+02.6316	+00.7676	0001.315
+02.6341	+00.7676	0001.316
+02.6356	+00.7676	0001.317
+02.6371	+00.7676	0001.318
+02.6393	+00.7676	0001.319
+02.6408	+00.7676	0001.320
+02.6432	+00.7676	0001.321
+02.6451	+00.7679	0001.322
+02.6472	+00.7676	0001.323
+02.6493	+00.7676	0001.324
+02.6512	+00.7672	0001.325
+02.6530	+00.7672	0001.326
+02.6554	+00.7679	0001.327
+02.6570	+00.7682	0001.328
+02.6600	+00.7685	0001.329
+02.6616	+00.7679	0001.330
+02.6637	+00.7679	0001.331
+02.6652	+00.7679	0001.332
+02.6674	+00.7679	0001.333
+02.6692	+00.7679	0001.334
+02.6716	+00.7679	0001.335
+02.6735	+00.7679	0001.336
+02.6756	+00.7676	0001.337
+02.6774	+00.7679	0001.338
+02.6793	+00.7679	0001.339
+02.6811	+00.7682	0001.340
+02.6832	+00.7685	0001.341
+02.6854	+00.7679	0001.342
+02.6872	+00.7679	0001.343
+02.6896	+00.7679	0001.344
+02.6921	+00.7682	0001.345
+02.6933	+00.7685	0001.346
+02.6948	+00.7682	0001.347
+02.6979	+00.7682	0001.348
+02.6988	+00.7685	0001.349
+02.7012	+00.7682	0001.350
+02.7034	+00.7685	0001.351
+02.7052	+00.7682	0001.352
+02.7079	+00.7682	0001.353
+02.7092	+00.7685	0001.354
+02.7116	+00.7685	0001.355
+02.7137	+00.7682	0001.356
+02.7150	+00.7685	0001.357
+02.7171	+00.7685	0001.358
+02.7201	+00.7682	0001.359
+02.7217	+00.7685	0001.360
+02.7226	+00.7685	0001.361
+02.7253	+00.7688	0001.362
+02.7269	+00.7685	0001.363
+02.7296	+00.7685	0001.364
+02.7308	+00.7688	0001.365
+02.7336	+00.7688	0001.366
+02.7354	+00.7688	0001.367
+02.7369	+00.7685	0001.368
+02.7391	+00.7691	0001.369
+02.7412	+00.7682	0001.370
+02.7433	+00.7688	0001.371
+02.7452	+00.7685	0001.372
+02.7470	+00.7694	0001.373
+02.7491	+00.7688	0001.374
+02.7516	+00.7688	0001.375
+02.7528	+00.7688	0001.376
+02.7555	+00.7688	0001.377
+02.7574	+00.7691	0001.378
+02.7592	+00.7688	0001.379
+02.7616	+00.7691	0001.380
+02.7641	+00.7688	0001.381
+02.7653	+00.7691	0001.382
+02.7671	+00.7691	0001.383
+02.7690	+00.7691	0001.384
+02.7714	+00.7691	0001.385
+02.7732	+00.7688	0001.386
+02.7751	+00.7694	0001.387
+02.7775	+00.7691	0001.388
+02.7793	+00.7691	0001.389
+02.7818	+00.7691	0001.390
+02.7833	+00.7694	0001.391
+02.7855	+00.7697	0001.392
+02.7870	+00.7694	0001.393
+02.7897	+00.7691	0001.394
+02.7913	+00.7694	0001.395
+02.7937	+00.7694	0001.396
+02.7958	+00.7691	0001.397
+02.7983	+00.7691	0001.398
+02.7992	+00.7694	0001.399
+02.8016	+00.7694	0001.400
+02.8038	+00.7694	0001.401
+02.8050	+00.7694	0001.402
+02.8068	+00.7697	0001.403
+02.8099	+00.7694	0001.404
+02.8114	+00.7691	0001.405
+02.8132	+00.7694	0001.406
+02.8157	+00.7700	0001.407
+02.8172	+00.7694	0001.408
+02.8196	+00.7694	0001.409
+02.8215	+00.7697	0001.410
+02.8236	+00.7694	0001.411
+02.8257	+00.7697	0001.412
+02.8279	+00.7700	0001.413
+02.8300	+00.7700	0001.414
+02.8318	+00.7700	0001.415
+02.8337	+00.7694	0001.416
+02.8352	+00.7697	0001.417
+02.8379	+00.7694	0001.418
+02.8398	+00.7700	0001.419
+02.8422	+00.7697	0001.420
+02.8431	+00.7697	0001.421
+02.8453	+00.7700	0001.422
+02.8480	+00.7700	0001.423
+02.8502	+00.7700	0001.424
+02.8517	+00.7697	0001.425
+02.8538	+00.7697	0001.426
+02.8563	+00.7697	0001.427
+02.8578	+00.7700	0001.428
+02.8602	+00.7703	0001.429
+02.8621	+00.7700	0001.430
+02.8636	+00.7700	0001.431
+02.8654	+00.7703	0001.432
+02.8675	+00.7700	0001.433
+02.8700	+00.7700	0001.434
+02.8718	+00.7700	0001.435
+02.8733	+00.7700	0001.436
+02.8758	+00.7706	0001.437
+02.8779	+00.7700	0001.438
+02.8794	+00.7703	0001.439
+02.8825	+00.7700	0001.440
+02.8834	+00.7703	0001.441
+02.8856	+00.7700	0001.442
+02.8880	+00.7703	0001.443
+02.8895	+00.7703	0001.444
+02.8917	+00.7703	0001.445
+02.8938	+00.7706	0001.446
+02.8959	+00.7703	0001.447
+02.8978	+00.7703	0001.448
+02.9002	+00.7703	0001.449
+02.9014	+00.7703	0001.450
+02.9039	+00.7700	0001.451
+02.9054	+00.7703	0001.452
+02.9081	+00.7706	0001.453
+02.9090	+00.7709	0001.454
+02.9112	+00.7703	0001.455
+02.9139	+00.7706	0001.456
+02.9152	+00.7706	0001.457
+02.9182	+00.7703	0001.458
+02.9203	+00.7703	0001.459
+02.9216	+00.7706	0001.460
+02.9234	+00.7709	0001.461
+02.9261	+00.7703	0001.462
+02.9277	+00.7706	0001.463
+02.9295	+00.7709	0001.464
+02.9322	+00.7709	0001.465
+02.9341	+00.7712	0001.466
+02.9359	+00.7706	0001.467
+02.9374	+00.7709	0001.468
+02.9402	+00.7709	0001.469
+02.9420	+00.7712	0001.470
+02.9444	+00.7706	0001.471
+02.9451	+00.7709	0001.472
+02.9484	+00.7706	0001.473
+02.9499	+00.7709	0001.474
+02.9518	+00.7712	0001.475
+02.9539	+00.7712	0001.476
+02.9557	+00.7709	0001.477
+02.9582	+00.7709	0001.478
+02.9594	+00.7706	0001.479
+02.9625	+00.7712	0001.480
+02.9634	+00.7712	0001.481
+02.9664	+00.7715	0001.482
+02.9676	+00.7709	0001.483
+02.9704	+00.7712	0001.484
+02.9719	+00.7706	0001.485
+02.9737	+00.7712	0001.486
+02.9759	+00.7715	0001.487
+02.9777	+00.7709	0001.488
+02.9799	+00.7712	0001.489
+02.9820	+00.7709	0001.490
+02.9838	+00.7712	0001.491
+02.9860	+00.7712	0001.492
+02.9875	+00.7712	0001.493
+02.9899	+00.7712	0001.494
+02.9918	+00.7712	0001.495
+02.9939	+00.7712	0001.496
+02.9957	+00.7715	0001.497
+02.9985	+00.7712	0001.498
+02.9994	+00.7718	0001.499
+03.0018	+00.7712	0001.500
+03.0040	+00.7718	0001.501
+03.0021	+00.7712	0001.502
+03.0006	+00.7715	0001.503
+02.9979	+00.7712	0001.504
+02.9963	+00.7712	0001.505
+02.9942	+00.7718	0001.506
+02.9921	+00.7715	0001.507
+02.9905	+00.7715	0001.508
+02.9881	+00.7709	0001.509
+02.9863	+00.7721	0001.510
+02.9844	+00.7712	0001.511
+02.9817	+00.7718	0001.512
+02.9808	+00.7718	0001.513
+02.9777	+00.7718	0001.514
+02.9759	+00.7715	0001.515
+02.9741	+00.7715	0001.516
+02.9722	+00.7715	0001.517
+02.9704	+00.7712	0001.518
+02.9683	+00.7718	0001.519
+02.9661	+00.7721	0001.520
+02.9646	+00.7712	0001.521
+02.9615	+00.7712	0001.522
+02.9600	+00.7718	0001.523
+02.9582	+00.7715	0001.524
+02.9560	+00.7715	0001.525
+02.9548	+00.7718	0001.526
+02.9518	+00.7712	0001.527
+02.9506	+00.7718	0001.528
+02.9478	+00.7718	0001.529
+02.9457	+00.7715	0001.530
+02.9441	+00.7715	0001.531
+02.9420	+00.7718	0001.532
+02.9408	+00.7718	0001.533
+02.9380	+00.7718	0001.534
+02.9362	+00.7712	0001.535
+02.9347	+00.7715	0001.536
+02.9319	+00.7715	0001.537
+02.9301	+00.7715	0001.538
+02.9280	+00.7715	0001.539
+02.9264	+00.7715	0001.540
+02.9240	+00.7715	0001.541
+02.9225	+00.7715	0001.542
+02.9197	+00.7715	0001.543
+02.9179	+00.7721	0001.544
+02.9164	+00.7712	0001.545
+02.9142	+00.7715	0001.546
+02.9121	+00.7715	0001.547
+02.9097	+00.7715	0001.548
+02.9081	+00.7715	0001.549
+02.9057	+00.7715	0001.550
+02.9042	+00.7712	0001.551
+02.9017	+00.7718	0001.552
+02.9002	+00.7718	0001.553
+02.8981	+00.7718	0001.554
+02.8959	+00.7715	0001.555
+02.8941	+00.7715	0001.556
+02.8929	+00.7718	0001.557
+02.8898	+00.7718	0001.558
+02.8880	+00.7718	0001.559
+02.8862	+00.7715	0001.560
+02.8840	+00.7715	0001.561
+02.8819	+00.7712	0001.562
+02.8804	+00.7718	0001.563
+02.8785	+00.7721	0001.564
+02.8755	+00.7715	0001.565
+02.8740	+00.7712	0001.566
+02.8724	+00.7715	0001.567
+02.8706	+00.7715	0001.568
+02.8682	+00.7712	0001.569
+02.8657	+00.7718	0001.570
+02.8642	+00.7715	0001.571
+02.8624	+00.7715	0001.572
+02.8599	+00.7715	0001.573
+02.8584	+00.7718	0001.574
+02.8559	+00.7718	0001.575
+02.8541	+00.7715	0001.576
+02.8517	+00.7715	0001.577
+02.8502	+00.7718	0001.578
+02.8480	+00.7712	0001.579
+02.8462	+00.7715	0001.580
+02.8434	+00.7712	0001.581
+02.8416	+00.7712	0001.582
+02.8401	+00.7712	0001.583
+02.8379	+00.7715	0001.584
+02.8361	+00.7715	0001.585
+02.8340	+00.7712	0001.586
+02.8325	+00.7709	0001.587
+02.8300	+00.7715	0001.588
+02.8282	+00.7718	0001.589
+02.8260	+00.7712	0001.590
+02.8242	+00.7712	0001.591
+02.8215	+00.7715	0001.592
+02.8205	+00.7715	0001.593
+02.8187	+00.7715	0001.594
+02.8157	+00.7715	0001.595
+02.8141	+00.7715	0001.596
+02.8120	+00.7718	0001.597
+02.8099	+00.7712	0001.598
+02.8080	+00.7715	0001.599
+02.8062	+00.7712	0001.600
+02.8041	+00.7712	0001.601
+02.8022	+00.7715	0001.602
+02.8001	+00.7715	0001.603
+02.7980	+00.7712	0001.604
+02.7964	+00.7715	0001.605
+02.7940	+00.7712	0001.606
+02.7919	+00.7715	0001.607
+02.7900	+00.7712	0001.608
+02.7879	+00.7712	0001.609
+02.7855	+00.7715	0001.610
+02.7842	+00.7712	0001.611
+02.7818	+00.7715	0001.612
+02.7800	+00.7712	0001.613
+02.7778	+00.7715	0001.614
+02.7760	+00.7715	0001.615
+02.7739	+00.7712	0001.616
+02.7717	+00.7715	0001.617
+02.7699	+00.7712	0001.618
+02.7678	+00.7715	0001.619
+02.7656	+00.7715	0001.620
+02.7638	+00.7712	0001.621
+02.7620	+00.7712	0001.622
+02.7592	+00.7712	0001.623
+02.7577	+00.7712	0001.624
+02.7555	+00.7715	0001.625
+02.7531	+00.7712	0001.626
+02.7516	+00.7712	0001.627
+02.7497	+00.7715	0001.628
+02.7470	+00.7715	0001.629
+02.7458	+00.7715	0001.630
+02.7436	+00.7712	0001.631
+02.7412	+00.7712	0001.632
+02.7397	+00.7712	0001.633
+02.7375	+00.7715	0001.634
+02.7354	+00.7709	0001.635
+02.7333	+00.7712	0001.636
+02.7317	+00.7712	0001.637
+02.7299	+00.7712	0001.638
+02.7275	+00.7715	0001.639
+02.7253	+00.7712	0001.640
+02.7232	+00.7712	0001.641
+02.7217	+00.7712	0001.642
+02.7195	+00.7715	0001.643
+02.7180	+00.7709	0001.644
+02.7159	+00.7712	0001.645
+02.7137	+00.7709	0001.646
+02.7119	+00.7712	0001.647
+02.7101	+00.7712	0001.648
+02.7076	+00.7712	0001.649
+02.7058	+00.7712	0001.650
+02.7037	+00.7715	0001.651
+02.7018	+00.7709	0001.652
+02.6994	+00.7712	0001.653
+02.6970	+00.7712	0001.654
+02.6954	+00.7712	0001.655
+02.6939	+00.7709	0001.656
+02.6915	+00.7712	0001.657
+02.6893	+00.7709	0001.658
+02.6872	+00.7712	0001.659
+02.6860	+00.7712	0001.660
+02.6835	+00.7712	0001.661
+02.6811	+00.7712	0001.662
+02.6796	+00.7712	0001.663
+02.6774	+00.7709	0001.664
+02.6753	+00.7709	0001.665
+02.6738	+00.7709	0001.666
+02.6716	+00.7709	0001.667
+02.6695	+00.7709	0001.668
+02.6674	+00.7709	0001.669
+02.6658	+00.7709	0001.670
+02.6634	+00.7706	0001.671
+02.6612	+00.7715	0001.672
+02.6594	+00.7712	0001.673
+02.6579	+00.7712	0001.674
+02.6554	+00.7709	0001.675
+02.6539	+00.7706	0001.676
+02.6512	+00.7712	0001.677
+02.6500	+00.7709	0001.678
+02.6475	+00.7706	0001.679
+02.6454	+00.7712	0001.680
+02.6435	+00.7709	0001.681
+02.6417	+00.7709	0001.682
+02.6396	+00.7709	0001.683
+02.6368	+00.7706	0001.684
+02.6359	+00.7712	0001.685
+02.6335	+00.7706	0001.686
+02.6319	+00.7712	0001.687
+02.6295	+00.7709	0001.688
+02.6274	+00.7709	0001.689
+02.6252	+00.7712	0001.690
+02.6237	+00.7706	0001.691
+02.6213	+00.7712	0001.692
+02.6194	+00.7712	0001.693
+02.6176	+00.7709	0001.694
+02.6152	+00.7703	0001.695
+02.6136	+00.7706	0001.696
+02.6118	+00.7712	0001.697
+02.6094	+00.7709	0001.698
+02.6072	+00.7706	0001.699
+02.6057	+00.7709	0001.700
+02.6033	+00.7709	0001.701
+02.6014	+00.7709	0001.702
+02.5996	+00.7709	0001.703
+02.5978	+00.7709	0001.704
+02.5956	+00.7706	0001.705
+02.5941	+00.7706	0001.706
+02.5920	+00.7709	0001.707
+02.5892	+00.7706	0001.708
+02.5880	+00.7703	0001.709
+02.5856	+00.7706	0001.710
+02.5831	+00.7712	0001.711
+02.5816	+00.7706	0001.712
+02.5798	+00.7709	0001.713
+02.5776	+00.7712	0001.714
+02.5758	+00.7706	0001.715
+02.5734	+00.7706	0001.716
+02.5718	+00.7709	0001.717
+02.5697	+00.7706	0001.718
+02.5682	+00.7706	0001.719
+02.5654	+00.7709	0001.720
+02.5636	+00.7703	0001.721
+02.5608	+00.7706	0001.722
+02.5596	+00.7706	0001.723
+02.5578	+00.7706	0001.724
+02.5557	+00.7709	0001.725
+02.5535	+00.7703	0001.726
+02.5514	+00.7706	0001.727
+02.5496	+00.7703	0001.728
+02.5471	+00.7709	0001.729
+02.5453	+00.7706	0001.730
+02.5438	+00.7706	0001.731
+02.5416	+00.7706	0001.732
+02.5395	+00.7706	0001.733
+02.5370	+00.7706	0001.734
+02.5358	+00.7703	0001.735
+02.5331	+00.7706	0001.736
+02.5315	+00.7703	0001.737
+02.5294	+00.7703	0001.738
+02.5273	+00.7703	0001.739
+02.5251	+00.7709	0001.740
+02.5239	+00.7703	0001.741
+02.5212	+00.7703	0001.742
+02.5193	+00.7703	0001.743
+02.5175	+00.7706	0001.744
+02.5148	+00.7706	0001.745
+02.5138	+00.7703	0001.746
+02.5111	+00.7706	0001.747
+02.5096	+00.7703	0001.748
+02.5074	+00.7706	0001.749
+02.5053	+00.7706	0001.750
+02.5035	+00.7706	0001.751
+02.5016	+00.7709	0001.752
+02.4989	+00.7706	0001.753
+02.4977	+00.7709	0001.754
+02.4955	+00.7703	0001.755
+02.4931	+00.7700	0001.756
+02.4910	+00.7706	0001.757
+02.4894	+00.7703	0001.758
+02.4876	+00.7703	0001.759
+02.4852	+00.7700	0001.760
+02.4836	+00.7703	0001.761
+02.4815	+00.7700	0001.762
+02.4794	+00.7706	0001.763
+02.4778	+00.7700	0001.764
+02.4754	+00.7703	0001.765
+02.4730	+00.7700	0001.766
+02.4711	+00.7700	0001.767
+02.4693	+00.7703	0001.768
+02.4668	+00.7703	0001.769
+02.4656	+00.7700	0001.770
+02.4632	+00.7706	0001.771
+02.4617	+00.7706	0001.772
+02.4592	+00.7706	0001.773
+02.4571	+00.7703	0001.774
+02.4556	+00.7700	0001.775
+02.4537	+00.7706	0001.776
+02.4516	+00.7706	0001.777
+02.4498	+00.7700	0001.778
+02.4473	+00.7703	0001.779
+02.4449	+00.7703	0001.780
+02.4430	+00.7700	0001.781
+02.4415	+00.7706	0001.782
+02.4397	+00.7703	0001.783
+02.4376	+00.7700	0001.784
+02.4351	+00.7703	0001.785
+02.4330	+00.7703	0001.786
+02.4311	+00.7706	0001.787
+02.4293	+00.7706	0001.788
+02.4278	+00.7700	0001.789
+02.4257	+00.7706	0001.790
+02.4232	+00.7700	0001.791
+02.4211	+00.7703	0001.792
+02.4199	+00.7700	0001.793
+02.4171	+00.7703	0001.794
+02.4153	+00.7700	0001.795
+02.4131	+00.7703	0001.796
+02.4113	+00.7700	0001.797
+02.4092	+00.7703	0001.798
+02.4067	+00.7703	0001.799
+02.4058	+00.7700	0001.800
+02.4031	+00.7703	0001.801
+02.4015	+00.7697	0001.802
+02.3988	+00.7703	0001.803
+02.3973	+00.7700	0001.804
+02.3948	+00.7700	0001.805
+02.3930	+00.7703	0001.806
+02.3909	+00.7706	0001.807
+02.3893	+00.7703	0001.808
+02.3875	+00.7697	0001.809
+02.3851	+00.7700	0001.810
+02.3829	+00.7700	0001.811
+02.3814	+00.7703	0001.812
+02.3790	+00.7703	0001.813
+02.3765	+00.7700	0001.814
+02.3750	+00.7700	0001.815
+02.3726	+00.7700	0001.816
+02.3710	+00.7700	0001.817
+02.3689	+00.7700	0001.818
+02.3674	+00.7700	0001.819
+02.3652	+00.7697	0001.820
+02.3634	+00.7703	0001.821
+02.3613	+00.7697	0001.822
+02.3588	+00.7700	0001.823
+02.3573	+00.7697	0001.824
+02.3552	+00.7700	0001.825
+02.3533	+00.7697	0001.826
+02.3509	+00.7700	0001.827
+02.3494	+00.7700	0001.828
+02.3472	+00.7700	0001.829
+02.3454	+00.7703	0001.830
+02.3433	+00.7697	0001.831
+02.3411	+00.7700	0001.832
+02.3390	+00.7700	0001.833
+02.3365	+00.7703	0001.834
+02.3353	+00.7700	0001.835
+02.3326	+00.7697	0001.836
+02.3307	+00.7700	0001.837
+02.3289	+00.7697	0001.838
+02.3268	+00.7700	0001.839
+02.3252	+00.7700	0001.840
+02.3228	+00.7697	0001.841
+02.3216	+00.7694	0001.842
+02.3191	+00.7700	0001.843
+02.3170	+00.7700	0001.844
+02.3149	+00.7700	0001.845
+02.3130	+00.7694	0001.846
+02.3109	+00.7703	0001.847
+02.3091	+00.7697	0001.848
+02.3075	+00.7700	0001.849
+02.3048	+00.7700	0001.850
+02.3033	+00.7697	0001.851
+02.3011	+00.7697	0001.852
+02.2990	+00.7697	0001.853
+02.2966	+00.7700	0001.854
+02.2950	+00.7697	0001.855
+02.2929	+00.7694	0001.856
+02.2911	+00.7697	0001.857
+02.2892	+00.7697	0001.858
+02.2868	+00.7694	0001.859
+02.2853	+00.7697	0001.860
+02.2834	+00.7697	0001.861
+02.2816	+00.7697	0001.862
+02.2789	+00.7691	0001.863
+02.2773	+00.7697	0001.864
+02.2749	+00.7697	0001.865
+02.2737	+00.7697	0001.866
+02.2709	+00.7697	0001.867
+02.2688	+00.7697	0001.868
+02.2670	+00.7697	0001.869
+02.2651	+00.7694	0001.870
+02.2633	+00.7700	0001.871
+02.2609	+00.7694	0001.872
+02.2590	+00.7694	0001.873
+02.2566	+00.7697	0001.874
+02.2551	+00.7694	0001.875
+02.2529	+00.7694	0001.876
+02.2511	+00.7697	0001.877
+02.2490	+00.7694	0001.878
+02.2471	+00.7694	0001.879
+02.2450	+00.7694	0001.880
+02.2432	+00.7691	0001.881
+02.2413	+00.7697	0001.882
+02.2389	+00.7694	0001.883
+02.2374	+00.7694	0001.884
+02.2349	+00.7697	0001.885
+02.2328	+00.7694	0001.886
+02.2309	+00.7697	0001.887
+02.2288	+00.7694	0001.888
+02.2273	+00.7694	0001.889
+02.2252	+00.7697	0001.890
+02.2227	+00.7694	0001.891
+02.2206	+00.7694	0001.892
+02.2194	+00.7691	0001.893
+02.2166	+00.7694	0001.894
+02.2148	+00.7694	0001.895
+02.2126	+00.7691	0001.896
+02.2108	+00.7694	0001.897
+02.2090	+00.7694	0001.898
+02.2065	+00.7691	0001.899
+02.2050	+00.7691	0001.900
+02.2032	+00.7694	0001.901
+02.2010	+00.7694	0001.902
+02.1998	+00.7694	0001.903
+02.1974	+00.7691	0001.904
+02.1952	+00.7691	0001.905
+02.1925	+00.7694	0001.906
+02.1916	+00.7694	0001.907
+02.1888	+00.7694	0001.908
+02.1867	+00.7694	0001.909
+02.1852	+00.7694	0001.910
+02.1830	+00.7688	0001.911
+02.1812	+00.7694	0001.912
+02.1791	+00.7694	0001.913
+02.1766	+00.7694	0001.914
+02.1745	+00.7688	0001.915
+02.1727	+00.7691	0001.916
+02.1711	+00.7694	0001.917
+02.1693	+00.7691	0001.918
+02.1672	+00.7691	0001.919
+02.1656	+00.7694	0001.920
+02.1629	+00.7694	0001.921
+02.1611	+00.7691	0001.922
+02.1592	+00.7694	0001.923
+02.1568	+00.7688	0001.924
+02.1550	+00.7694	0001.925
+02.1528	+00.7691	0001.926
+02.1510	+00.7694	0001.927
+02.1486	+00.7688	0001.928
+02.1467	+00.7694	0001.929
+02.1449	+00.7694	0001.930
+02.1434	+00.7688	0001.931
+02.1403	+00.7691	0001.932
+02.1388	+00.7691	0001.933
+02.1363	+00.7688	0001.934
+02.1348	+00.7694	0001.935
+02.1330	+00.7691	0001.936
+02.1309	+00.7694	0001.937
+02.1287	+00.7694	0001.938
+02.1269	+00.7691	0001.939
+02.1254	+00.7691	0001.940
+02.1232	+00.7688	0001.941
+02.1205	+00.7691	0001.942
+02.1189	+00.7691	0001.943
+02.1165	+00.7691	0001.944
+02.1147	+00.7691	0001.945
+02.1125	+00.7691	0001.946
+02.1110	+00.7688	0001.947
+02.1083	+00.7691	0001.948
+02.1067	+00.7688	0001.949
+02.1043	+00.7688	0001.950
+02.1019	+00.7691	0001.951
+02.1012	+00.7691	0001.952
+02.0985	+00.7691	0001.953
+02.0970	+00.7688	0001.954
+02.0945	+00.7697	0001.955
+02.0930	+00.7688	0001.956
+02.0903	+00.7691	0001.957
+02.0890	+00.7688	0001.958
+02.0863	+00.7688	0001.959
+02.0848	+00.7691	0001.960
+02.0826	+00.7691	0001.961
+02.0811	+00.7685	0001.962
+02.0787	+00.7685	0001.963
+02.0768	+00.7682	0001.964
+02.0750	+00.7688	0001.965
+02.0729	+00.7688	0001.966
+02.0707	+00.7688	0001.967
+02.0683	+00.7685	0001.968
+02.0671	+00.7691	0001.969
+02.0643	+00.7688	0001.970
+02.0625	+00.7685	0001.971
+02.0607	+00.7688	0001.972
+02.0588	+00.7688	0001.973
+02.0564	+00.7691	0001.974
+02.0546	+00.7688	0001.975
+02.0530	+00.7688	0001.976
+02.0509	+00.7688	0001.977
+02.0491	+00.7691	0001.978
+02.0463	+00.7688	0001.979
+02.0445	+00.7682	0001.980
+02.0424	+00.7688	0001.981
+02.0405	+00.7688	0001.982
+02.0387	+00.7685	0001.983
+02.0359	+00.7688	0001.984
+02.0350	+00.7688	0001.985
+02.0329	+00.7685	0001.986
+02.0304	+00.7682	0001.987
+02.0289	+00.7685	0001.988
+02.0265	+00.7688	0001.989
+02.0250	+00.7688	0001.990
+02.0228	+00.7682	0001.991
+02.0210	+00.7691	0001.992
+02.0185	+00.7685	0001.993
+02.0167	+00.7685	0001.994
+02.0143	+00.7685	0001.995
+02.0131	+00.7685	0001.996
+02.0106	+00.7691	0001.997
+02.0088	+00.7685	0001.998
+02.0066	+00.7685	0001.999
+02.0042	+00.7688	0002.000
+02.0027	+00.7688	0002.001
+02.0008	+00.7688	0002.002
+01.9987	+00.7682	0002.003
+01.9966	+00.7688	0002.004
+01.9944	+00.7682	0002.005
+01.9923	+00.7685	0002.006
+01.9911	+00.7685	0002.007
+01.9883	+00.7682	0002.008
+01.9865	+00.7682	0002.009
+01.9844	+00.7685	0002.010
+01.9825	+00.7682	0002.011
+01.9807	+00.7685	0002.012
+01.9789	+00.7682	0002.013
+01.9764	+00.7685	0002.014
+01.9743	+00.7682	0002.015
+01.9728	+00.7685	0002.016
+01.9712	+00.7685	0002.017
+01.9688	+00.7679	0002.018
+01.9667	+00.7685	0002.019
+01.9651	+00.7688	0002.020
+01.9627	+00.7682	0002.021
+01.9603	+00.7682	0002.022
+01.9587	+00.7682	0002.023
+01.9563	+00.7682	0002.024
+01.9548	+00.7688	0002.025
+01.9526	+00.7679	0002.026
+01.9496	+00.7682	0002.027
+01.9477	+00.7682	0002.028
+01.9459	+00.7682	0002.029
+01.9450	+00.7682	0002.030
+01.9429	+00.7682	0002.031
+01.9404	+00.7685	0002.032
+01.9383	+00.7685	0002.033
+01.9361	+00.7682	0002.034
+01.9343	+00.7682	0002.035
+01.9322	+00.7679	0002.036
+01.9313	+00.7682	0002.037
+01.9285	+00.7682	0002.038
+01.9267	+00.7679	0002.039
+01.9242	+00.7676	0002.040
+01.9221	+00.7685	0002.041
+01.9206	+00.7679	0002.042
+01.9191	+00.7682	0002.043
+01.9169	+00.7679	0002.044
+01.9139	+00.7682	0002.045
+01.9133	+00.7679	0002.046
+01.9099	+00.7685	0002.047
+01.9090	+00.7679	0002.048
+01.9062	+00.7679	0002.049
+01.9044	+00.7679	0002.050
+01.9023	+00.7682	0002.051
+01.9001	+00.7682	0002.052
+01.8989	+00.7682	0002.053
+01.8962	+00.7679	0002.054
+01.8943	+00.7679	0002.055
+01.8922	+00.7679	0002.056
+01.8901	+00.7679	0002.057
+01.8885	+00.7682	0002.058
+01.8873	+00.7676	0002.059
+01.8846	+00.7685	0002.060
+01.8827	+00.7676	0002.061
+01.8809	+00.7682	0002.062
+01.8785	+00.7682	0002.063
+01.8766	+00.7685	0002.064
+01.8748	+00.7676	0002.065
+01.8721	+00.7679	0002.066
+01.8705	+00.7676	0002.067
+01.8687	+00.7679	0002.068
+01.8666	+00.7676	0002.069
+01.8647	+00.7679	0002.070
+01.8626	+00.7679	0002.071
+01.8608	+00.7676	0002.072
+01.8583	+00.7679	0002.073
+01.8559	+00.7676	0002.074
+01.8547	+00.7676	0002.075
+01.8528	+00.7679	0002.076
+01.8507	+00.7676	0002.077
+01.8486	+00.7679	0002.078
+01.8470	+00.7685	0002.079
+01.8440	+00.7682	0002.080
+01.8428	+00.7679	0002.081
+01.8409	+00.7676	0002.082
+01.8382	+00.7682	0002.083
+01.8370	+00.7676	0002.084
+01.8342	+00.7679	0002.085
+01.8327	+00.7676	0002.086
+01.8303	+00.7676	0002.087
+01.8287	+00.7676	0002.088
+01.8269	+00.7676	0002.089
+01.8245	+00.7676	0002.090
+01.8226	+00.7679	0002.091
+01.8208	+00.7676	0002.092
+01.8180	+00.7679	0002.093
+01.8162	+00.7676	0002.094
+01.8141	+00.7676	0002.095
+01.8129	+00.7679	0002.096
+01.8101	+00.7682	0002.097
+01.8080	+00.7676	0002.098
+01.8064	+00.7672	0002.099
+01.8049	+00.7676	0002.100
+01.8022	+00.7672	0002.101
+01.8003	+00.7669	0002.102
+01.7982	+00.7676	0002.103
+01.7967	+00.7676	0002.104
+01.7942	+00.7672	0002.105
+01.7927	+00.7676	0002.106
+01.7909	+00.7679	0002.107
+01.7884	+00.7672	0002.108
+01.7869	+00.7672	0002.109
+01.7845	+00.7676	0002.110
+01.7823	+00.7676	0002.111
+01.7805	+00.7676	0002.112
+01.7784	+00.7672	0002.113
+01.7768	+00.7676	0002.114
+01.7744	+00.7669	0002.115
+01.7723	+00.7676	0002.116
+01.7704	+00.7672	0002.117
+01.7683	+00.7676	0002.118
+01.7662	+00.7676	0002.119
+01.7643	+00.7672	0002.120
+01.7625	+00.7672	0002.121
+01.7601	+00.7669	0002.122
+01.7585	+00.7672	0002.123
+01.7561	+00.7679	0002.124
+01.7546	+00.7676	0002.125
+01.7527	+00.7672	0002.126
+01.7503	+00.7676	0002.127
+01.7488	+00.7672	0002.128
+01.7463	+00.7676	0002.129
+01.7442	+00.7676	0002.130
+01.7421	+00.7672	0002.131
+01.7405	+00.7676	0002.132
+01.7381	+00.7676	0002.133
+01.7363	+00.7672	0002.134
+01.7344	+00.7669	0002.135
+01.7326	+00.7672	0002.136
+01.7305	+00.7666	0002.137
+01.7286	+00.7672	0002.138
+01.7262	+00.7672	0002.139
+01.7244	+00.7672	0002.140
+01.7225	+00.7672	0002.141
+01.7207	+00.7672	0002.142
+01.7186	+00.7669	0002.143
+01.7164	+00.7669	0002.144
+01.7143	+00.7669	0002.145
+01.7131	+00.7669	0002.146
+01.7097	+00.7672	0002.147
+01.7085	+00.7669	0002.148
+01.7070	+00.7666	0002.149
+01.7039	+00.7669	0002.150
+01.7024	+00.7669	0002.151
+01.7002	+00.7672	0002.152
+01.6981	+00.7669	0002.153
+01.6966	+00.7669	0002.154
+01.6941	+00.7672	0002.155
+01.6926	+00.7672	0002.156
+01.6908	+00.7669	0002.157
+01.6887	+00.7672	0002.158
+01.6865	+00.7669	0002.159
+01.6850	+00.7666	0002.160
+01.6825	+00.7666	0002.161
+01.6801	+00.7669	0002.162
+01.6783	+00.7669	0002.163
+01.6758	+00.7669	0002.164
+01.6743	+00.7672	0002.165
+01.6719	+00.7669	0002.166
+01.6703	+00.7669	0002.167
+01.6679	+00.7669	0002.168
+01.6664	+00.7669	0002.169
+01.6639	+00.7669	0002.170
+01.6627	+00.7672	0002.171
+01.6603	+00.7676	0002.172
+01.6584	+00.7666	0002.173
+01.6566	+00.7669	0002.174
+01.6545	+00.7669	0002.175
+01.6526	+00.7669	0002.176
+01.6502	+00.7666	0002.177
+01.6481	+00.7666	0002.178
+01.6468	+00.7669	0002.179
+01.6444	+00.7666	0002.180
+01.6426	+00.7672	0002.181
+01.6404	+00.7669	0002.182
+01.6377	+00.7663	0002.183
+01.6362	+00.7669	0002.184
+01.6343	+00.7666	0002.185
+01.6316	+00.7669	0002.186
+01.6301	+00.7666	0002.187
+01.6276	+00.7663	0002.188
+01.6261	+00.7669	0002.189
+01.6240	+00.7666	0002.190
+01.6221	+00.7663	0002.191
+01.6200	+00.7669	0002.192
+01.6182	+00.7666	0002.193
+01.6160	+00.7672	0002.194
+01.6142	+00.7663	0002.195
+01.6117	+00.7663	0002.196
+01.6099	+00.7669	0002.197
+01.6081	+00.7666	0002.198
+01.6063	+00.7666	0002.199
+01.6041	+00.7666	0002.200
+01.6023	+00.7663	0002.201
+01.6002	+00.7666	0002.202
+01.5986	+00.7663	0002.203
+01.5968	+00.7666	0002.204
+01.5940	+00.7666	0002.205
+01.5922	+00.7663	0002.206
+01.5901	+00.7663	0002.207
+01.5879	+00.7666	0002.208
+01.5861	+00.7660	0002.209
+01.5837	+00.7660	0002.210
+01.5821	+00.7663	0002.211
+01.5809	+00.7666	0002.212
+01.5779	+00.7663	0002.213
+01.5760	+00.7663	0002.214
+01.5739	+00.7669	0002.215
+01.5724	+00.7660	0002.216
+01.5702	+00.7663	0002.217
+01.5681	+00.7666	0002.218
+01.5663	+00.7663	0002.219
+01.5638	+00.7660	0002.220
+01.5620	+00.7663	0002.221
+01.5602	+00.7663	0002.222
+01.5583	+00.7663	0002.223
+01.5556	+00.7666	0002.224
+01.5538	+00.7666	0002.225
+01.5519	+00.7663	0002.226
+01.5501	+00.7666	0002.227
+01.5480	+00.7663	0002.228
+01.5461	+00.7663	0002.229
+01.5443	+00.7660	0002.230
+01.5422	+00.7663	0002.231
+01.5403	+00.7660	0002.232
+01.5376	+00.7660	0002.233
+01.5358	+00.7663	0002.234
+01.5339	+00.7663	0002.235
+01.5324	+00.7663	0002.236
+01.5297	+00.7660	0002.237
+01.5281	+00.7660	0002.238
+01.5260	+00.7660	0002.239
+01.5242	+00.7666	0002.240
+01.5223	+00.7666	0002.241
+01.5196	+00.7657	0002.242
+01.5181	+00.7666	0002.243
+01.5165	+00.7657	0002.244
+01.5141	+00.7660	0002.245
+01.5123	+00.7660	0002.246
+01.5101	+00.7660	0002.247
+01.5080	+00.7660	0002.248
+01.5062	+00.7660	0002.249
+01.5037	+00.7660	0002.250
+01.5022	+00.7660	0002.251
+01.5001	+00.7660	0002.252
+01.4976	+00.7660	0002.253
+01.4958	+00.7654	0002.254
+01.4943	+00.7663	0002.255
+01.4924	+00.7657	0002.256
+01.4900	+00.7663	0002.257
+01.4885	+00.7660	0002.258
+01.4860	+00.7660	0002.259
+01.4836	+00.7660	0002.260
+01.4817	+00.7657	0002.261
+01.4802	+00.7660	0002.262
+01.4778	+00.7660	0002.263
+01.4753	+00.7657	0002.264
+01.4744	+00.7657	0002.265
+01.4717	+00.7657	0002.266
+01.4698	+00.7660	0002.267
+01.4680	+00.7657	0002.268
+01.4665	+00.7657	0002.269
+01.4640	+00.7657	0002.270
+01.4613	+00.7657	0002.271
+01.4598	+00.7654	0002.272
+01.4576	+00.7657	0002.273
+01.4561	+00.7660	0002.274
+01.4543	+00.7657	0002.275
+01.4521	+00.7660	0002.276
+01.4497	+00.7654	0002.277
+01.4482	+00.7663	0002.278
+01.4460	+00.7660	0002.279
+01.4439	+00.7651	0002.280
+01.4421	+00.7657	0002.281
+01.4399	+00.7657	0002.282
+01.4381	+00.7657	0002.283
+01.4360	+00.7660	0002.284
+01.4344	+00.7657	0002.285
+01.4317	+00.7657	0002.286
+01.4302	+00.7657	0002.287
+01.4280	+00.7654	0002.288
+01.4256	+00.7651	0002.289
+01.4235	+00.7657	0002.290
+01.4216	+00.7654	0002.291
+01.4204	+00.7654	0002.292
+01.4180	+00.7654	0002.293
+01.4158	+00.7651	0002.294
+01.4140	+00.7654	0002.295
+01.4122	+00.7654	0002.296
+01.4094	+00.7651	0002.297
+01.4076	+00.7657	0002.298
+01.4054	+00.7654	0002.299
+01.4039	+00.7651	0002.300
+01.4024	+00.7651	0002.301
+01.3993	+00.7657	0002.302
+01.3978	+00.7651	0002.303
+01.3957	+00.7654	0002.304
+01.3935	+00.7651	0002.305
+01.3920	+00.7657	0002.306
+01.3899	+00.7657	0002.307
+01.3881	+00.7654	0002.308
+01.3862	+00.7654	0002.309
+01.3841	+00.7654	0002.310
+01.3819	+00.7651	0002.311
+01.3804	+00.7654	0002.312
+01.3777	+00.7657	0002.313
+01.3762	+00.7651	0002.314
+01.3740	+00.7651	0002.315
+01.3719	+00.7657	0002.316
+01.3700	+00.7654	0002.317
+01.3676	+00.7654	0002.318
+01.3658	+00.7654	0002.319
+01.3636	+00.7651	0002.320
+01.3621	+00.7648	0002.321
+01.3603	+00.7648	0002.322
+01.3578	+00.7648	0002.323
+01.3554	+00.7648	0002.324
+01.3539	+00.7654	0002.325
+01.3517	+00.7651	0002.326
+01.3502	+00.7651	0002.327
+01.3481	+00.7651	0002.328
+01.3456	+00.7651	0002.329
+01.3444	+00.7654	0002.330
+01.3420	+00.7651	0002.331
+01.3404	+00.7651	0002.332
+01.3377	+00.7651	0002.333
+01.3356	+00.7651	0002.334
+01.3340	+00.7651	0002.335
+01.3316	+00.7651	0002.336
+01.3295	+00.7648	0002.337
+01.3276	+00.7651	0002.338
+01.3258	+00.7654	0002.339
+01.3240	+00.7651	0002.340
+01.3215	+00.7648	0002.341
+01.3197	+00.7648	0002.342
+01.3185	+00.7651	0002.343
+01.3157	+00.7648	0002.344
+01.3139	+00.7648	0002.345
+01.3121	+00.7648	0002.346
+01.3099	+00.7651	0002.347
+01.3081	+00.7648	0002.348
+01.3057	+00.7648	0002.349
+01.3038	+00.7648	0002.350
+01.3017	+00.7645	0002.351
+01.2999	+00.7648	0002.352
+01.2977	+00.7648	0002.353
+01.2959	+00.7648	0002.354
+01.2934	+00.7645	0002.355
+01.2919	+00.7651	0002.356
+01.2898	+00.7651	0002.357
+01.2873	+00.7648	0002.358
+01.2858	+00.7648	0002.359
+01.2834	+00.7648	0002.360
+01.2819	+00.7642	0002.361
+01.2794	+00.7645	0002.362
+01.2779	+00.7651	0002.363
+01.2754	+00.7645	0002.364
+01.2739	+00.7648	0002.365
+01.2718	+00.7642	0002.366
+01.2696	+00.7645	0002.367
+01.2675	+00.7648	0002.368
+01.2654	+00.7645	0002.369
+01.2638	+00.7648	0002.370
+01.2617	+00.7648	0002.371
+01.2599	+00.7648	0002.372
+01.2577	+00.7645	0002.373
+01.2556	+00.7645	0002.374
+01.2541	+00.7651	0002.375
+01.2516	+00.7648	0002.376
+01.2501	+00.7645	0002.377
+01.2480	+00.7645	0002.378
+01.2455	+00.7645	0002.379
+01.2437	+00.7645	0002.380
+01.2422	+00.7645	0002.381
+01.2397	+00.7645	0002.382
+01.2370	+00.7645	0002.383
+01.2355	+00.7645	0002.384
+01.2333	+00.7648	0002.385
+01.2318	+00.7639	0002.386
+01.2297	+00.7645	0002.387
+01.2278	+00.7645	0002.388
+01.2257	+00.7648	0002.389
+01.2239	+00.7645	0002.390
+01.2214	+00.7645	0002.391
+01.2199	+00.7645	0002.392
+01.2175	+00.7645	0002.393
+01.2159	+00.7642	0002.394
+01.2135	+00.7642	0002.395
+01.2117	+00.7642	0002.396
+01.2098	+00.7642	0002.397
+01.2080	+00.7642	0002.398
+01.2059	+00.7642	0002.399
+01.2037	+00.7645	0002.400
+01.2016	+00.7645	0002.401
+01.1998	+00.7642	0002.402
+01.1973	+00.7642	0002.403
+01.1958	+00.7642	0002.404
+01.1937	+00.7639	0002.405
+01.1918	+00.7639	0002.406
+01.1897	+00.7645	0002.407
+01.1876	+00.7642	0002.408
+01.1854	+00.7642	0002.409
+01.1836	+00.7639	0002.410
+01.1818	+00.7642	0002.411
+01.1793	+00.7639	0002.412
+01.1781	+00.7642	0002.413
+01.1753	+00.7636	0002.414
+01.1735	+00.7639	0002.415
+01.1720	+00.7639	0002.416
+01.1699	+00.7642	0002.417
+01.1674	+00.7636	0002.418
+01.1656	+00.7642	0002.419
+01.1634	+00.7642	0002.420
+01.1619	+00.7639	0002.421
+01.1595	+00.7639	0002.422
+01.1576	+00.7639	0002.423
+01.1555	+00.7642	0002.424
+01.1537	+00.7636	0002.425
+01.1515	+00.7639	0002.426
+01.1491	+00.7639	0002.427
+01.1479	+00.7639	0002.428
+01.1454	+00.7639	0002.429
+01.1430	+00.7639	0002.430
+01.1418	+00.7639	0002.431
+01.1393	+00.7636	0002.432
+01.1372	+00.7639	0002.433
+01.1354	+00.7639	0002.434
+01.1332	+00.7639	0002.435
+01.1317	+00.7639	0002.436
+01.1296	+00.7636	0002.437
+01.1277	+00.7633	0002.438
+01.1247	+00.7639	0002.439
+01.1235	+00.7636	0002.440
+01.1216	+00.7636	0002.441
+01.1195	+00.7639	0002.442
+01.1177	+00.7636	0002.443
+01.1155	+00.7639	0002.444
+01.1131	+00.7636	0002.445
+01.1119	+00.7639	0002.446
+01.1091	+00.7636	0002.447
+01.1076	+00.7633	0002.448
+01.1055	+00.7636	0002.449
+01.1036	+00.7636	0002.450
+01.1015	+00.7639	0002.451
+01.0991	+00.7633	0002.452
+01.0972	+00.7639	0002.453
+01.0948	+00.7636	0002.454
+01.0936	+00.7633	0002.455
+01.0917	+00.7636	0002.456
+01.0896	+00.7636	0002.457
+01.0878	+00.7630	0002.458
+01.0856	+00.7636	0002.459
+01.0838	+00.7636	0002.460
+01.0814	+00.7633	0002.461
+01.0798	+00.7636	0002.462
+01.0771	+00.7633	0002.463
+01.0756	+00.7636	0002.464
+01.0740	+00.7633	0002.465
+01.0710	+00.7636	0002.466
+01.0698	+00.7633	0002.467
+01.0679	+00.7633	0002.468
+01.0658	+00.7633	0002.469
+01.0630	+00.7633	0002.470
+01.0615	+00.7633	0002.471
+01.0597	+00.7636	0002.472
+01.0575	+00.7633	0002.473
+01.0554	+00.7633	0002.474
+01.0533	+00.7633	0002.475
+01.0514	+00.7636	0002.476
+01.0496	+00.7627	0002.477
+01.0472	+00.7633	0002.478
+01.0447	+00.7627	0002.479
+01.0435	+00.7633	0002.480
+01.0417	+00.7636	0002.481
+01.0392	+00.7630	0002.482
+01.0374	+00.7627	0002.483
+01.0353	+00.7633	0002.484
+01.0337	+00.7630	0002.485
+01.0316	+00.7636	0002.486
+01.0295	+00.7630	0002.487
+01.0273	+00.7633	0002.488
+01.0255	+00.7630	0002.489
+01.0237	+00.7630	0002.490
+01.0212	+00.7630	0002.491
+01.0191	+00.7630	0002.492
+01.0173	+00.7630	0002.493
+01.0151	+00.7630	0002.494
+01.0127	+00.7630	0002.495
+01.0115	+00.7630	0002.496
+01.0093	+00.7630	0002.497
+01.0069	+00.7627	0002.498
+01.0051	+00.7630	0002.499
+01.0029	+00.7630	0002.500
+01.0014	+00.7627	0002.501
+00.9996	+00.7630	0002.502
+00.9974	+00.7624	0002.503
+00.9959	+00.7633	0002.504
+00.9932	+00.7630	0002.505
+00.9910	+00.7624	0002.506
+00.9895	+00.7630	0002.507
+00.9877	+00.7630	0002.508
+00.9855	+00.7624	0002.509
+00.9828	+00.7624	0002.510
+00.9809	+00.7624	0002.511
+00.9797	+00.7627	0002.512
+00.9776	+00.7627	0002.513
+00.9755	+00.7630	0002.514
+00.9733	+00.7621	0002.515
+00.9712	+00.7627	0002.516
+00.9694	+00.7627	0002.517
+00.9672	+00.7627	0002.518
+00.9651	+00.7627	0002.519
+00.9629	+00.7624	0002.520
+00.9611	+00.7627	0002.521
+00.9596	+00.7630	0002.522
+00.9575	+00.7627	0002.523
+00.9550	+00.7624	0002.524
+00.9535	+00.7624	0002.525
+00.9510	+00.7624	0002.526
+00.9495	+00.7624	0002.527
+00.9471	+00.7624	0002.528
+00.9452	+00.7624	0002.529
+00.9431	+00.7627	0002.530
+00.9413	+00.7621	0002.531
+00.9394	+00.7624	0002.532
+00.9373	+00.7624	0002.533
+00.9352	+00.7627	0002.534
+00.9327	+00.7624	0002.535
+00.9318	+00.7624	0002.536
+00.9291	+00.7624	0002.537
+00.9272	+00.7624	0002.538
+00.9251	+00.7624	0002.539
+00.9233	+00.7624	0002.540
+00.9214	+00.7621	0002.541
+00.9190	+00.7624	0002.542
+00.9169	+00.7624	0002.543
+00.9153	+00.7624	0002.544
+00.9129	+00.7621	0002.545
+00.9108	+00.7621	0002.546
+00.9089	+00.7624	0002.547
+00.9071	+00.7621	0002.548
+00.9053	+00.7621	0002.549
+00.9031	+00.7624	0002.550
+00.9010	+00.7624	0002.551
+00.8989	+00.7621	0002.552
+00.8967	+00.7624	0002.553
+00.8955	+00.7624	0002.554
+00.8934	+00.7624	0002.555
+00.8909	+00.7621	0002.556
+00.8894	+00.7621	0002.557
+00.8876	+00.7621	0002.558
+00.8848	+00.7624	0002.559
+00.8836	+00.7618	0002.560
+00.8805	+00.7618	0002.561
+00.8790	+00.7615	0002.562
+00.8769	+00.7615	0002.563
+00.8751	+00.7618	0002.564
+00.8732	+00.7618	0002.565
+00.8708	+00.7618	0002.566
+00.8693	+00.7621	0002.567
+00.8671	+00.7624	0002.568
+00.8650	+00.7618	0002.569
+00.8635	+00.7618	0002.570
+00.8610	+00.7618	0002.571
+00.8592	+00.7618	0002.572
+00.8570	+00.7621	0002.573
+00.8552	+00.7618	0002.574
+00.8531	+00.7621	0002.575
+00.8512	+00.7621	0002.576
+00.8494	+00.7621	0002.577
+00.8473	+00.7621	0002.578
+00.8451	+00.7615	0002.579
+00.8427	+00.7615	0002.580
+00.8409	+00.7615	0002.581
+00.8390	+00.7615	0002.582
+00.8372	+00.7618	0002.583
+00.8354	+00.7621	0002.584
+00.8332	+00.7621	0002.585
+00.8308	+00.7618	0002.586
+00.8290	+00.7618	0002.587
+00.8268	+00.7615	0002.588
+00.8247	+00.7618	0002.589
+00.8229	+00.7615	0002.590
+00.8210	+00.7615	0002.591
+00.8189	+00.7615	0002.592
+00.8168	+00.7615	0002.593
+00.8152	+00.7618	0002.594
+00.8131	+00.7618	0002.595
+00.8107	+00.7615	0002.596
+00.8091	+00.7615	0002.597
+00.8064	+00.7615	0002.598
+00.8052	+00.7608	0002.599
+00.8027	+00.7611	0002.600
+00.8012	+00.7611	0002.601
+00.7991	+00.7615	0002.602
+00.7966	+00.7615	0002.603
+00.7948	+00.7615	0002.604
+00.7933	+00.7615	0002.605
+00.7911	+00.7615	0002.606
+00.7887	+00.7611	0002.607
+00.7869	+00.7615	0002.608
+00.7850	+00.7615	0002.609
+00.7829	+00.7611	0002.610
+00.7811	+00.7618	0002.611
+00.7786	+00.7615	0002.612
+00.7774	+00.7611	0002.613
+00.7753	+00.7611	0002.614
+00.7728	+00.7608	0002.615
+00.7710	+00.7611	0002.616
+00.7692	+00.7618	0002.617
+00.7670	+00.7615	0002.618
+00.7652	+00.7608	0002.619
+00.7631	+00.7611	0002.620
+00.7612	+00.7608	0002.621
+00.7585	+00.7611	0002.622
+00.7566	+00.7611	0002.623
+00.7548	+00.7615	0002.624
+00.7530	+00.7608	0002.625
+00.7512	+00.7615	0002.626
+00.7490	+00.7615	0002.627
+00.7466	+00.7608	0002.628
+00.7450	+00.7618	0002.629
+00.7429	+00.7605	0002.630
+00.7408	+00.7608	0002.631
+00.7389	+00.7615	0002.632
+00.7365	+00.7605	0002.633
+00.7350	+00.7608	0002.634
+00.7325	+00.7608	0002.635
+00.7304	+00.7605	0002.636
+00.7289	+00.7608	0002.637
+00.7264	+00.7611	0002.638
+00.7246	+00.7608	0002.639
+00.7234	+00.7611	0002.640
+00.7212	+00.7605	0002.641
+00.7185	+00.7608	0002.642
+00.7167	+00.7605	0002.643
+00.7148	+00.7605	0002.644
+00.7127	+00.7608	0002.645
+00.7112	+00.7605	0002.646
+00.7090	+00.7602	0002.647
+00.7066	+00.7608	0002.648
+00.7048	+00.7602	0002.649
+00.7029	+00.7608	0002.650
+00.7008	+00.7608	0002.651
+00.6993	+00.7602	0002.652
+00.6968	+00.7605	0002.653
+00.6953	+00.7608	0002.654
+00.6926	+00.7608	0002.655
+00.6907	+00.7599	0002.656
+00.6892	+00.7608	0002.657
+00.6865	+00.7605	0002.658
+00.6846	+00.7605	0002.659
+00.6828	+00.7602	0002.660
+00.6807	+00.7605	0002.661
+00.6785	+00.7599	0002.662
+00.6770	+00.7605	0002.663
+00.6749	+00.7602	0002.664
+00.6727	+00.7605	0002.665
+00.6712	+00.7599	0002.666
+00.6688	+00.7602	0002.667
+00.6669	+00.7602	0002.668
+00.6645	+00.7599	0002.669
+00.6627	+00.7605	0002.670
+00.6605	+00.7602	0002.671
+00.6590	+00.7599	0002.672
+00.6565	+00.7602	0002.673
+00.6544	+00.7599	0002.674
+00.6526	+00.7605	0002.675
+00.6504	+00.7599	0002.676
+00.6486	+00.7602	0002.677
+00.6465	+00.7602	0002.678
+00.6450	+00.7599	0002.679
+00.6419	+00.7602	0002.680
+00.6407	+00.7602	0002.681
+00.6385	+00.7599	0002.682
+00.6364	+00.7602	0002.683
+00.6346	+00.7599	0002.684
+00.6324	+00.7602	0002.685
+00.6306	+00.7602	0002.686
+00.6285	+00.7602	0002.687
+00.6266	+00.7599	0002.688
+00.6245	+00.7599	0002.689
+00.6227	+00.7602	0002.690
+00.6205	+00.7599	0002.691
+00.6184	+00.7599	0002.692
+00.6169	+00.7599	0002.693
+00.6144	+00.7599	0002.694
+00.6126	+00.7599	0002.695
+00.6108	+00.7599	0002.696
+00.6089	+00.7596	0002.697
+00.6071	+00.7599	0002.698
+00.6047	+00.7599	0002.699
+00.6028	+00.7596	0002.700
+00.6004	+00.7599	0002.701
+00.5986	+00.7599	0002.702
+00.5964	+00.7596	0002.703
+00.5946	+00.7599	0002.704
+00.5925	+00.7596	0002.705
+00.5906	+00.7596	0002.706
+00.5888	+00.7599	0002.707
+00.5867	+00.7596	0002.708
+00.5848	+00.7596	0002.709
+00.5824	+00.7602	0002.710
+00.5812	+00.7596	0002.711
+00.5784	+00.7596	0002.712
+00.5763	+00.7596	0002.713
+00.5745	+00.7596	0002.714
+00.5729	+00.7596	0002.715
+00.5702	+00.7593	0002.716
+00.5690	+00.7590	0002.717
+00.5665	+00.7596	0002.718
+00.5644	+00.7596	0002.719
+00.5622	+00.7596	0002.720
+00.5607	+00.7596	0002.721
+00.5586	+00.7596	0002.722
+00.5568	+00.7593	0002.723
+00.5549	+00.7593	0002.724
+00.5525	+00.7593	0002.725
+00.5510	+00.7590	0002.726
+00.5491	+00.7593	0002.727
+00.5464	+00.7590	0002.728
+00.5449	+00.7596	0002.729
+00.5424	+00.7593	0002.730
+00.5409	+00.7593	0002.731
+00.5387	+00.7593	0002.732
+00.5369	+00.7593	0002.733
+00.5342	+00.7590	0002.734
+00.5323	+00.7587	0002.735
+00.5308	+00.7590	0002.736
+00.5287	+00.7590	0002.737
+00.5265	+00.7590	0002.738
+00.5244	+00.7590	0002.739
+00.5229	+00.7587	0002.740
+00.5204	+00.7587	0002.741
+00.5183	+00.7590	0002.742
+00.5162	+00.7587	0002.743
+00.5143	+00.7590	0002.744
+00.5125	+00.7590	0002.745
+00.5110	+00.7593	0002.746
+00.5085	+00.7590	0002.747
+00.5067	+00.7590	0002.748
+00.5049	+00.7593	0002.749
+00.5027	+00.7587	0002.750
+00.5009	+00.7590	0002.751
+00.4988	+00.7590	0002.752
+00.4963	+00.7587	0002.753
+00.4945	+00.7587	0002.754
+00.4924	+00.7590	0002.755
+00.4905	+00.7584	0002.756
+00.4881	+00.7590	0002.757
+00.4866	+00.7590	0002.758
+00.4841	+00.7587	0002.759
+00.4826	+00.7584	0002.760
+00.4805	+00.7590	0002.761
+00.4783	+00.7590	0002.762
+00.4765	+00.7587	0002.763
+00.4744	+00.7587	0002.764
+00.4722	+00.7584	0002.765
+00.4707	+00.7584	0002.766
+00.4686	+00.7587	0002.767
+00.4667	+00.7587	0002.768
+00.4646	+00.7584	0002.769
+00.4628	+00.7584	0002.770
+00.4606	+00.7587	0002.771
+00.4588	+00.7587	0002.772
+00.4570	+00.7587	0002.773
+00.4542	+00.7584	0002.774
+00.4530	+00.7581	0002.775
+00.4506	+00.7584	0002.776
+00.4481	+00.7581	0002.777
+00.4466	+00.7584	0002.778
+00.4448	+00.7584	0002.779
+00.4429	+00.7581	0002.780
+00.4405	+00.7584	0002.781
+00.4387	+00.7581	0002.782
+00.4365	+00.7581	0002.783
+00.4347	+00.7581	0002.784
+00.4322	+00.7578	0002.785
+00.4301	+00.7584	0002.786
+00.4283	+00.7584	0002.787
+00.4261	+00.7584	0002.788
+00.4249	+00.7587	0002.789
+00.4228	+00.7581	0002.790
+00.4203	+00.7581	0002.791
+00.4179	+00.7581	0002.792
+00.4164	+00.7581	0002.793
+00.4148	+00.7584	0002.794
+00.4124	+00.7581	0002.795
+00.4106	+00.7578	0002.796
+00.4087	+00.7578	0002.797
+00.4066	+00.7581	0002.798
+00.4045	+00.7575	0002.799
+00.4026	+00.7581	0002.800
+00.4005	+00.7575	0002.801
+00.3987	+00.7581	0002.802
+00.3962	+00.7578	0002.803
+00.3944	+00.7575	0002.804
+00.3926	+00.7578	0002.805
+00.3904	+00.7578	0002.806
+00.3886	+00.7575	0002.807
+00.3862	+00.7572	0002.808
+00.3843	+00.7578	0002.809
+00.3825	+00.7578	0002.810
+00.3804	+00.7575	0002.811
+00.3785	+00.7578	0002.812
+00.3764	+00.7572	0002.813
+00.3746	+00.7575	0002.814
+00.3724	+00.7578	0002.815
+00.3703	+00.7578	0002.816
+00.3685	+00.7572	0002.817
+00.3660	+00.7575	0002.818
+00.3642	+00.7572	0002.819
+00.3624	+00.7578	0002.820
+00.3602	+00.7575	0002.821
+00.3590	+00.7575	0002.822
+00.3563	+00.7572	0002.823
+00.3538	+00.7569	0002.824
+00.3526	+00.7575	0002.825
+00.3508	+00.7572	0002.826
+00.3486	+00.7575	0002.827
+00.3462	+00.7572	0002.828
+00.3444	+00.7575	0002.829
+00.3422	+00.7569	0002.830
+00.3404	+00.7569	0002.831
+00.3386	+00.7575	0002.832
+00.3361	+00.7572	0002.833
+00.3346	+00.7572	0002.834
+00.3318	+00.7572	0002.835
+00.3306	+00.7572	0002.836
+00.3282	+00.7572	0002.837
+00.3263	+00.7572	0002.838
+00.3245	+00.7575	0002.839
+00.3227	+00.7569	0002.840
+00.3199	+00.7569	0002.841
+00.3181	+00.7569	0002.842
+00.3166	+00.7569	0002.843
+00.3141	+00.7566	0002.844
+00.3126	+00.7572	0002.845
+00.3108	+00.7572	0002.846
+00.3080	+00.7572	0002.847
+00.3062	+00.7569	0002.848
+00.3044	+00.7569	0002.849
+00.3022	+00.7572	0002.850
+00.3001	+00.7569	0002.851
+00.2983	+00.7563	0002.852
+00.2961	+00.7566	0002.853
+00.2943	+00.7566	0002.854
+00.2922	+00.7569	0002.855
+00.2900	+00.7566	0002.856
+00.2879	+00.7566	0002.857
+00.2867	+00.7566	0002.858
+00.2842	+00.7569	0002.859
+00.2821	+00.7566	0002.860
+00.2800	+00.7566	0002.861
+00.2781	+00.7566	0002.862
+00.2763	+00.7563	0002.863
+00.2742	+00.7566	0002.864
+00.2723	+00.7563	0002.865
+00.2702	+00.7560	0002.866
+00.2681	+00.7566	0002.867
+00.2659	+00.7563	0002.868
+00.2641	+00.7560	0002.869
+00.2623	+00.7563	0002.870
+00.2604	+00.7566	0002.871
+00.2583	+00.7563	0002.872
+00.2562	+00.7560	0002.873
+00.2543	+00.7563	0002.874
+00.2522	+00.7566	0002.875
+00.2504	+00.7563	0002.876
+00.2485	+00.7557	0002.877
+00.2464	+00.7563	0002.878
+00.2439	+00.7563	0002.879
+00.2418	+00.7563	0002.880
+00.2400	+00.7563	0002.881
+00.2378	+00.7557	0002.882
+00.2360	+00.7560	0002.883
+00.2336	+00.7557	0002.884
+00.2320	+00.7563	0002.885
+00.2302	+00.7560	0002.886
+00.2281	+00.7560	0002.887
+00.2262	+00.7560	0002.888
+00.2238	+00.7563	0002.889
+00.2226	+00.7557	0002.890
+00.2205	+00.7557	0002.891
+00.2180	+00.7560	0002.892
+00.2162	+00.7560	0002.893
+00.2147	+00.7560	0002.894
+00.2122	+00.7560	0002.895
+00.2101	+00.7557	0002.896
+00.2079	+00.7557	0002.897
+00.2061	+00.7553	0002.898
+00.2040	+00.7557	0002.899
+00.2018	+00.7557	0002.900
+00.2003	+00.7557	0002.901
+00.1982	+00.7553	0002.902
+00.1963	+00.7553	0002.903
+00.1939	+00.7557	0002.904
+00.1921	+00.7550	0002.905
+00.1899	+00.7557	0002.906
+00.1881	+00.7557	0002.907
+00.1857	+00.7553	0002.908
+00.1841	+00.7557	0002.909
+00.1823	+00.7550	0002.910
+00.1799	+00.7553	0002.911
+00.1783	+00.7553	0002.912
+00.1762	+00.7553	0002.913
+00.1741	+00.7553	0002.914
+00.1722	+00.7550	0002.915
+00.1701	+00.7553	0002.916
+00.1683	+00.7550	0002.917
+00.1661	+00.7553	0002.918
+00.1643	+00.7553	0002.919
+00.1625	+00.7550	0002.920
+00.1600	+00.7550	0002.921
+00.1585	+00.7547	0002.922
+00.1564	+00.7547	0002.923
+00.1539	+00.7550	0002.924
+00.1521	+00.7547	0002.925
+00.1496	+00.7547	0002.926
+00.1481	+00.7544	0002.927
+00.1460	+00.7550	0002.928
+00.1439	+00.7547	0002.929
+00.1420	+00.7547	0002.930
+00.1402	+00.7550	0002.931
+00.1381	+00.7547	0002.932
+00.1362	+00.7550	0002.933
+00.1344	+00.7547	0002.934
+00.1319	+00.7544	0002.935
+00.1298	+00.7544	0002.936
+00.1280	+00.7547	0002.937
+00.1262	+00.7547	0002.938
+00.1240	+00.7544	0002.939
+00.1219	+00.7547	0002.940
+00.1204	+00.7541	0002.941
+00.1179	+00.7547	0002.942
+00.1164	+00.7547	0002.943
+00.1139	+00.7538	0002.944
+00.1121	+00.7541	0002.945
+00.1100	+00.7544	0002.946
+00.1078	+00.7541	0002.947
+00.1060	+00.7544	0002.948
+00.1042	+00.7538	0002.949
+00.1020	+00.7544	0002.950
+00.1002	+00.7544	0002.951
+00.0987	+00.7538	0002.952
+00.0956	+00.7544	0002.953
+00.0944	+00.7541	0002.954
+00.0926	+00.7538	0002.955
+00.0901	+00.7538	0002.956
+00.0880	+00.7541	0002.957
+00.0856	+00.7538	0002.958
+00.0840	+00.7538	0002.959
+00.0819	+00.7538	0002.960
+00.0804	+00.7541	0002.961
+00.0782	+00.7541	0002.962
+00.0767	+00.7535	0002.963
+00.0740	+00.7538	0002.964
+00.0718	+00.7535	0002.965
+00.0700	+00.7535	0002.966
+00.0679	+00.7541	0002.967
+00.0663	+00.7535	0002.968
+00.0636	+00.7538	0002.969
+00.0621	+00.7535	0002.970
+00.0596	+00.7535	0002.971
+00.0584	+00.7538	0002.972
+00.0557	+00.7532	0002.973
+00.0541	+00.7535	0002.974
+00.0517	+00.7538	0002.975
+00.0499	+00.7538	0002.976
+00.0480	+00.7532	0002.977
+00.0456	+00.7532	0002.978
+00.0441	+00.7532	0002.979
+00.0419	+00.7535	0002.980
+00.0398	+00.7532	0002.981
+00.0383	+00.7529	0002.982
+00.0358	+00.7532	0002.983
+00.0334	+00.7532	0002.984
+00.0315	+00.7529	0002.985
+00.0300	+00.7532	0002.986
+00.0279	+00.7532	0002.987
+00.0264	+00.7529	0002.988
+00.0236	+00.7529	0002.989
+00.0221	+00.7529	0002.990
+00.0200	+00.7532	0002.991
+00.0175	+00.7526	0002.992
+00.0163	+00.7526	0002.993
+00.0142	+00.7529	0002.994
+00.0123	+00.7529	0002.995
+00.0102	+00.7529	0002.996
+00.0080	+00.7529	0002.997
+00.0062	+00.7526	0002.998
+00.0038	+00.7529	0002.999
