R,Ohm	C,pF	Temp,C
0000000000	0000100000	+025.00
Ch1,V	Ch2,V	Time,s
-00.0005	-00.0006	0000.000
-00.0002	-00.0012	0000.001
-00.0148	-00.0003	0000.002
-00.0301	-00.0006	0000.003
-00.0451	-00.0012	0000.004
-00.0603	-00.0012	0000.005
-00.0750	-00.0015	0000.006
-00.0899	-00.0012	0000.007
-00.1058	-00.0015	0000.008
-00.1207	-00.0018	0000.009
-00.1351	-00.0018	0000.010
-00.1506	-00.0021	0000.011
-00.1650	-00.0024	0000.012
-00.1802	-00.0033	0000.013
-00.1949	-00.0030	0000.014
-00.2102	-00.0036	0000.015
-00.2254	-00.0045	0000.016
-00.2401	-00.0045	0000.017
-00.2553	-00.0055	0000.018
-00.2700	-00.0058	0000.019
-00.2852	-00.0070	0000.020
-00.3008	-00.0079	0000.021
-00.3157	-00.0097	0000.022
-00.3307	-00.0116	0000.023
-00.3457	-00.0137	0000.024
-00.3603	-00.0158	0000.025
-00.3756	-00.0192	0000.026
-00.3902	-00.0216	0000.027
-00.4058	-00.0259	0000.028
-00.4207	-00.0302	0000.029
-00.4360	-00.0357	0000.030
-00.4506	-00.0418	0000.031
-00.4653	-00.0488	0000.032
-00.4808	-00.0595	0000.033
-00.4952	-00.0702	0000.034
-00.5108	-00.0863	0000.035
-00.5260	-00.1077	0000.036
-00.5410	-00.1358	0000.037
-00.5559	-00.1745	0000.038
-00.5703	-00.2191	0000.039
-00.5858	-00.2722	0000.040
-00.6008	-00.3366	0000.041
-00.6157	-00.4034	0000.042
-00.6316	-00.4614	0000.043
-00.6456	-00.5078	0000.044
-00.6609	-00.5435	0000.045
-00.6755	-00.5728	0000.046
-00.6908	-00.5938	0000.047
-00.7058	-00.6125	0000.048
-00.7213	-00.6250	0000.049
-00.7360	-00.6347	0000.050
-00.7506	-00.6430	0000.051
-00.7659	-00.6497	0000.052
-00.7808	-00.6561	0000.053
-00.7955	-00.6613	0000.054
-00.8113	-00.6662	0000.055
-00.8263	-00.6710	0000.056
-00.8413	-00.6753	0000.057
-00.8559	-00.6799	0000.058
-00.8715	-00.6836	0000.059
-00.8858	-00.6872	0000.060
-00.9014	-00.6906	0000.061
-00.9169	-00.6939	0000.062
-00.9310	-00.6973	0000.063
-00.9465	-00.6994	0000.064
-00.9612	-00.7028	0000.065
-00.9758	-00.7052	0000.066
-00.9914	-00.7080	0000.067
-01.0067	-00.7107	0000.068
-01.0213	-00.7132	0000.069
-01.0366	-00.7168	0000.070
-01.0515	-00.7202	0000.071
-01.0662	-00.7254	0000.072
-01.0814	-00.7296	0000.073
-01.0964	-00.7312	0000.074
-01.1116	-00.7324	0000.075
-01.1263	-00.7336	0000.076
-01.1415	-00.7342	0000.077
-01.1562	-00.7357	0000.078
-01.1715	-00.7360	0000.079
-01.1867	-00.7376	0000.080
-01.2020	-00.7382	0000.081
-01.2166	-00.7394	0000.082
-01.2316	-00.7403	0000.083
-01.2468	-00.7418	0000.084
-01.2615	-00.7422	0000.085
-01.2767	-00.7428	0000.086
-01.2920	-00.7434	0000.087
-01.3066	-00.7437	0000.088
-01.3213	-00.7443	0000.089
-01.3369	-00.7449	0000.090
-01.3521	-00.7461	0000.091
-01.3671	-00.7464	0000.092
-01.3814	-00.7473	0000.093
-01.3973	-00.7473	0000.094
-01.4125	-00.7476	0000.095
-01.4272	-00.7483	0000.096
-01.4421	-00.7479	0000.097
-01.4568	-00.7486	0000.098
-01.4721	-00.7483	0000.099
-01.4867	-00.7489	0000.100
-01.5020	-00.7489	0000.101
-01.5169	-00.7492	0000.102
-01.5322	-00.7492	0000.103
-01.5468	-00.7498	0000.104
-01.5624	-00.7498	0000.105
-01.5767	-00.7498	0000.106
-01.5920	-00.7504	0000.107
-01.6079	-00.7501	0000.108
-01.6228	-00.7504	0000.109
-01.6375	-00.7507	0000.110
-01.6524	-00.7507	0000.111
-01.6674	-00.7507	0000.112
-01.6823	-00.7510	0000.113
-01.6973	-00.7513	0000.114
-01.7134	-00.7510	0000.115
-01.7275	-00.7513	0000.116
-01.7431	-00.7519	0000.117
-01.7577	-00.7516	0000.118
-01.7720	-00.7516	0000.119
-01.7876	-00.7519	0000.120
-01.8023	-00.7522	0000.121
-01.8175	-00.7525	0000.122
-01.8334	-00.7528	0000.123
-01.8474	-00.7522	0000.124
-01.8627	-00.7522	0000.125
-01.8779	-00.7528	0000.126
-01.8926	-00.7528	0000.127
-01.9078	-00.7531	0000.128
-01.9228	-00.7537	0000.129
-01.9378	-00.7531	0000.130
-01.9527	-00.7537	0000.131
-01.9674	-00.7544	0000.132
-01.9829	-00.7541	0000.133
-01.9979	-00.7544	0000.134
-02.0134	-00.7541	0000.135
-02.0278	-00.7541	0000.136
-02.0427	-00.7547	0000.137
-02.0577	-00.7544	0000.138
-02.0726	-00.7547	0000.139
-02.0879	-00.7547	0000.140
-02.1032	-00.7550	0000.141
-02.1184	-00.7550	0000.142
-02.1328	-00.7553	0000.143
-02.1480	-00.7550	0000.144
-02.1633	-00.7559	0000.145
-02.1782	-00.7556	0000.146
-02.1932	-00.7559	0000.147
-02.2084	-00.7559	0000.148
-02.2231	-00.7559	0000.149
-02.2384	-00.7559	0000.150
-02.2533	-00.7562	0000.151
-02.2686	-00.7568	0000.152
-02.2835	-00.7568	0000.153
-02.2988	-00.7568	0000.154
-02.3134	-00.7568	0000.155
-02.3287	-00.7574	0000.156
-02.3436	-00.7568	0000.157
-02.3586	-00.7574	0000.158
-02.3732	-00.7577	0000.159
-02.3885	-00.7574	0000.160
-02.4035	-00.7577	0000.161
-02.4190	-00.7577	0000.162
-02.4337	-00.7580	0000.163
-02.4489	-00.7580	0000.164
-02.4636	-00.7580	0000.165
-02.4785	-00.7580	0000.166
-02.4935	-00.7586	0000.167
-02.5090	-00.7583	0000.168
-02.5240	-00.7583	0000.169
-02.5386	-00.7589	0000.170
-02.5533	-00.7586	0000.171
-02.5686	-00.7583	0000.172
-02.5835	-00.7589	0000.173
-02.5985	-00.7586	0000.174
-02.6143	-00.7589	0000.175
-02.6287	-00.7589	0000.176
-02.6439	-00.7589	0000.177
-02.6586	-00.7592	0000.178
-02.6735	-00.7595	0000.179
-02.6891	-00.7592	0000.180
-02.7040	-00.7599	0000.181
-02.7190	-00.7592	0000.182
-02.7349	-00.7595	0000.183
-02.7489	-00.7592	0000.184
-02.7639	-00.7599	0000.185
-02.7785	-00.7602	0000.186
-02.7938	-00.7599	0000.187
-02.8087	-00.7602	0000.188
-02.8243	-00.7602	0000.189
-02.8389	-00.7605	0000.190
-02.8539	-00.7602	0000.191
-02.8691	-00.7608	0000.192
-02.8841	-00.7608	0000.193
-02.8994	-00.7605	0000.194
-02.9143	-00.7611	0000.195
-02.9290	-00.7608	0000.196
-02.9445	-00.7614	0000.197
-02.9595	-00.7602	0000.198
-02.9738	-00.7617	0000.199
-02.9900	-00.7608	0000.200
-03.0043	-00.7614	0000.201
-02.9897	-00.7614	0000.202
-02.9747	-00.7614	0000.203
-02.9601	-00.7614	0000.204
-02.9445	-00.7611	0000.205
-02.9299	-00.7614	0000.206
-02.9146	-00.7611	0000.207
-02.8991	-00.7611	0000.208
-02.8844	-00.7611	0000.209
-02.8701	-00.7614	0000.210
-02.8548	-00.7608	0000.211
-02.8399	-00.7608	0000.212
-02.8240	-00.7608	0000.213
-02.8096	-00.7605	0000.214
-02.7941	-00.7605	0000.215
-02.7794	-00.7608	0000.216
-02.7645	-00.7608	0000.217
-02.7498	-00.7608	0000.218
-02.7346	-00.7602	0000.219
-02.7193	-00.7605	0000.220
-02.7044	-00.7602	0000.221
-02.6891	-00.7602	0000.222
-02.6738	-00.7602	0000.223
-02.6595	-00.7602	0000.224
-02.6442	-00.7605	0000.225
-02.6296	-00.7599	0000.226
-02.6143	-00.7605	0000.227
-02.5988	-00.7599	0000.228
-02.5835	-00.7599	0000.229
-02.5692	-00.7599	0000.230
-02.5539	-00.7602	0000.231
-02.5396	-00.7599	0000.232
-02.5246	-00.7595	0000.233
-02.5090	-00.7592	0000.234
-02.4944	-00.7595	0000.235
-02.4785	-00.7592	0000.236
-02.4639	-00.7595	0000.237
-02.4486	-00.7592	0000.238
-02.4340	-00.7592	0000.239
-02.4190	-00.7592	0000.240
-02.4035	-00.7589	0000.241
-02.3885	-00.7592	0000.242
-02.3738	-00.7589	0000.243
-02.3589	-00.7589	0000.244
-02.3433	-00.7592	0000.245
-02.3287	-00.7589	0000.246
-02.3137	-00.7586	0000.247
-02.2982	-00.7586	0000.248
-02.2835	-00.7583	0000.249
-02.2689	-00.7586	0000.250
-02.2533	-00.7583	0000.251
-02.2390	-00.7583	0000.252
-02.2237	-00.7583	0000.253
-02.2091	-00.7583	0000.254
-02.1935	-00.7580	0000.255
-02.1779	-00.7580	0000.256
-02.1633	-00.7583	0000.257
-02.1486	-00.7577	0000.258
-02.1334	-00.7580	0000.259
-02.1190	-00.7574	0000.260
-02.1032	-00.7580	0000.261
-02.0885	-00.7574	0000.262
-02.0733	-00.7574	0000.263
-02.0583	-00.7577	0000.264
-02.0433	-00.7574	0000.265
-02.0290	-00.7577	0000.266
-02.0137	-00.7574	0000.267
-01.9979	-00.7571	0000.268
-01.9835	-00.7574	0000.269
-01.9686	-00.7574	0000.270
-01.9539	-00.7568	0000.271
-01.9387	-00.7571	0000.272
-01.9231	-00.7571	0000.273
-01.9082	-00.7565	0000.274
-01.8929	-00.7571	0000.275
-01.8779	-00.7565	0000.276
-01.8630	-00.7568	0000.277
-01.8480	-00.7565	0000.278
-01.8331	-00.7562	0000.279
-01.8181	-00.7565	0000.280
-01.8032	-00.7565	0000.281
-01.7882	-00.7565	0000.282
-01.7727	-00.7559	0000.283
-01.7580	-00.7562	0000.284
-01.7434	-00.7559	0000.285
-01.7278	-00.7559	0000.286
-01.7131	-00.7559	0000.287
-01.6976	-00.7559	0000.288
-01.6832	-00.7556	0000.289
-01.6677	-00.7559	0000.290
-01.6527	-00.7556	0000.291
-01.6378	-00.7556	0000.292
-01.6225	-00.7556	0000.293
-01.6079	-00.7553	0000.294
-01.5929	-00.7547	0000.295
-01.5773	-00.7553	0000.296
-01.5627	-00.7547	0000.297
-01.5474	-00.7547	0000.298
-01.5328	-00.7547	0000.299
-01.5169	-00.7553	0000.300
-01.5026	-00.7547	0000.301
-01.4870	-00.7547	0000.302
-01.4724	-00.7544	0000.303
-01.4571	-00.7547	0000.304
-01.4425	-00.7544	0000.305
-01.4272	-00.7544	0000.306
-01.4125	-00.7544	0000.307
-01.3973	-00.7544	0000.308
-01.3823	-00.7541	0000.309
-01.3671	-00.7541	0000.310
-01.3524	-00.7541	0000.311
-01.3369	-00.7541	0000.312
-01.3225	-00.7534	0000.313
-01.3070	-00.7534	0000.314
-01.2917	-00.7534	0000.315
-01.2767	-00.7537	0000.316
-01.2618	-00.7534	0000.317
-01.2474	-00.7534	0000.318
-01.2322	-00.7534	0000.319
-01.2169	-00.7528	0000.320
-01.2014	-00.7525	0000.321
-01.1864	-00.7528	0000.322
-01.1721	-00.7525	0000.323
-01.1571	-00.7525	0000.324
-01.1419	-00.7528	0000.325
-01.1269	-00.7522	0000.326
-01.1119	-00.7522	0000.327
-01.0967	-00.7522	0000.328
-01.0817	-00.7522	0000.329
-01.0668	-00.7519	0000.330
-01.0518	-00.7525	0000.331
-01.0369	-00.7519	0000.332
-01.0216	-00.7522	0000.333
-01.0070	-00.7516	0000.334
-00.9914	-00.7519	0000.335
-00.9768	-00.7519	0000.336
-00.9615	-00.7513	0000.337
-00.9465	-00.7516	0000.338
-00.9316	-00.7507	0000.339
-00.9163	-00.7516	0000.340
-00.9014	-00.7510	0000.341
-00.8864	-00.7510	0000.342
-00.8718	-00.7510	0000.343
-00.8568	-00.7510	0000.344
-00.8413	-00.7504	0000.345
-00.8266	-00.7507	0000.346
-00.8123	-00.7504	0000.347
-00.7964	-00.7504	0000.348
-00.7811	-00.7501	0000.349
-00.7662	-00.7501	0000.350
-00.7512	-00.7498	0000.351
-00.7363	-00.7501	0000.352
-00.7210	-00.7498	0000.353
-00.7064	-00.7495	0000.354
-00.6908	-00.7495	0000.355
-00.6755	-00.7498	0000.356
-00.6609	-00.7495	0000.357
-00.6462	-00.7495	0000.358
-00.6310	-00.7486	0000.359
-00.6163	-00.7489	0000.360
-00.6011	-00.7492	0000.361
-00.5861	-00.7486	0000.362
-00.5712	-00.7489	0000.363
-00.5556	-00.7489	0000.364
-00.5413	-00.7483	0000.365
-00.5263	-00.7486	0000.366
-00.5117	-00.7483	0000.367
-00.4955	-00.7479	0000.368
-00.4808	-00.7483	0000.369
-00.4659	-00.7476	0000.370
-00.4509	-00.7479	0000.371
-00.4366	-00.7476	0000.372
-00.4210	-00.7473	0000.373
-00.4061	-00.7473	0000.374
-00.3908	-00.7473	0000.375
-00.3759	-00.7470	0000.376
-00.3609	-00.7467	0000.377
-00.3460	-00.7470	0000.378
-00.3310	-00.7473	0000.379
-00.3154	-00.7461	0000.380
-00.3011	-00.7467	0000.381
-00.2855	-00.7458	0000.382
-00.2709	-00.7464	0000.383
-00.2559	-00.7461	0000.384
-00.2407	-00.7458	0000.385
-00.2254	-00.7458	0000.386
-00.2105	-00.7458	0000.387
-00.1952	-00.7449	0000.388
-00.1806	-00.7455	0000.389
-00.1656	-00.7449	0000.390
-00.1506	-00.7449	0000.391
-00.1354	-00.7446	0000.392
-00.1207	-00.7446	0000.393
-00.1055	-00.7446	0000.394
-00.0905	-00.7443	0000.395
-00.0756	-00.7440	0000.396
-00.0603	-00.7437	0000.397
-00.0454	-00.7437	0000.398
-00.0307	-00.7434	0000.399
