R,Ohm	C,pF	Temp,C
0000000000	0000100000	+025.00
Ch1,V	Ch2,V	Time,s
-00.0005	-00.0006	0000.000
-00.0005	-00.0009	0000.001
+00.0080	-00.0009	0000.002
+00.0157	-00.0006	0000.003
+00.0236	-00.0006	0000.004
+00.0309	-00.0006	0000.005
+00.0401	-00.0006	0000.006
+00.0480	-00.0006	0000.007
+00.0557	-00.0006	0000.008
+00.0636	-00.0003	0000.009
+00.0715	-00.0003	0000.010
+00.0798	-00.0006	0000.011
+00.0877	+00.0000	0000.012
+00.0959	-00.0003	0000.013
+00.1036	+00.0003	0000.014
+00.1118	+00.0003	0000.015
+00.1197	+00.0003	0000.016
+00.1277	+00.0003	0000.017
+00.1359	+00.0003	0000.018
+00.1439	+00.0006	0000.019
+00.1515	+00.0003	0000.020
+00.1603	+00.0006	0000.021
+00.1674	+00.0010	0000.022
+00.1759	+00.0010	0000.023
+00.1838	+00.0010	0000.024
+00.1921	+00.0010	0000.025
+00.1997	+00.0010	0000.026
+00.2076	+00.0010	0000.027
+00.2153	+00.0013	0000.028
+00.2235	+00.0016	0000.029
+00.2320	+00.0016	0000.030
+00.2400	+00.0019	0000.031
+00.2479	+00.0016	0000.032
+00.2562	+00.0019	0000.033
+00.2641	+00.0019	0000.034
+00.2720	+00.0025	0000.035
+00.2800	+00.0022	0000.036
+00.2879	+00.0025	0000.037
+00.2958	+00.0025	0000.038
+00.3041	+00.0028	0000.039
+00.3129	+00.0028	0000.040
+00.3202	+00.0034	0000.041
+00.3279	+00.0034	0000.042
+00.3361	+00.0037	0000.043
+00.3437	+00.0037	0000.044
+00.3523	+00.0034	0000.045
+00.3599	+00.0040	0000.046
+00.3679	+00.0040	0000.047
+00.3764	+00.0043	0000.048
+00.3840	+00.0043	0000.049
+00.3923	+00.0046	0000.050
+00.3999	+00.0046	0000.051
+00.4078	+00.0046	0000.052
+00.4164	+00.0052	0000.053
+00.4243	+00.0052	0000.054
+00.4325	+00.0052	0000.055
+00.4405	+00.0052	0000.056
+00.4481	+00.0058	0000.057
+00.4564	+00.0058	0000.058
+00.4646	+00.0058	0000.059
+00.4725	+00.0061	0000.060
+00.4802	+00.0058	0000.061
+00.4884	+00.0064	0000.062
+00.4960	+00.0064	0000.063
+00.5040	+00.0071	0000.064
+00.5119	+00.0068	0000.065
+00.5204	+00.0071	0000.066
+00.5284	+00.0074	0000.067
+00.5363	+00.0077	0000.068
+00.5442	+00.0077	0000.069
+00.5522	+00.0074	0000.070
+00.5598	+00.0080	0000.071
+00.5687	+00.0074	0000.072
+00.5766	+00.0086	0000.073
+00.5839	+00.0083	0000.074
+00.5922	+00.0086	0000.075
+00.6007	+00.0089	0000.076
+00.6086	+00.0092	0000.077
+00.6163	+00.0086	0000.078
+00.6248	+00.0092	0000.079
+00.6327	+00.0092	0000.080
+00.6404	+00.0095	0000.081
+00.6489	+00.0098	0000.082
+00.6565	+00.0095	0000.083
+00.6645	+00.0098	0000.084
+00.6724	+00.0101	0000.085
+00.6804	+00.0098	0000.086
+00.6886	+00.0104	0000.087
+00.6962	+00.0101	0000.088
+00.7042	+00.0104	0000.089
+00.7121	+00.0107	0000.090
+00.7206	+00.0104	0000.091
+00.7286	+00.0110	0000.092
+00.7365	+00.0110	0000.093
+00.7447	+00.0113	0000.094
+00.7524	+00.0113	0000.095
+00.7609	+00.0113	0000.096
+00.7682	+00.0119	0000.097
+00.7765	+00.0116	0000.098
+00.7844	+00.0122	0000.099
+00.7927	+00.0122	0000.100
+00.8003	+00.0119	0000.101
+00.8088	+00.0122	0000.102
+00.8165	+00.0122	0000.103
+00.8241	+00.0125	0000.104
+00.8326	+00.0125	0000.105
+00.8409	+00.0129	0000.106
+00.8488	+00.0129	0000.107
+00.8564	+00.0129	0000.108
+00.8653	+00.0132	0000.109
+00.8735	+00.0132	0000.110
+00.8802	+00.0132	0000.111
+00.8885	+00.0135	0000.112
+00.8967	+00.0135	0000.113
+00.9053	+00.0138	0000.114
+00.9129	+00.0135	0000.115
+00.9208	+00.0141	0000.116
+00.9291	+00.0141	0000.117
+00.9364	+00.0135	0000.118
+00.9452	+00.0141	0000.119
+00.9532	+00.0144	0000.120
+00.9608	+00.0141	0000.121
+00.9690	+00.0144	0000.122
+00.9770	+00.0147	0000.123
+00.9849	+00.0150	0000.124
+00.9929	+00.0147	0000.125
+01.0014	+00.0147	0000.126
+01.0084	+00.0150	0000.127
+01.0176	+00.0150	0000.128
+01.0249	+00.0153	0000.129
+01.0328	+00.0150	0000.130
+01.0408	+00.0156	0000.131
+01.0493	+00.0156	0000.132
+01.0575	+00.0156	0000.133
+01.0649	+00.0156	0000.134
+01.0731	+00.0159	0000.135
+01.0814	+00.0156	0000.136
+01.0893	+00.0159	0000.137
+01.0966	+00.0156	0000.138
+01.1052	+00.0165	0000.139
+01.1125	+00.0162	0000.140
+01.1204	+00.0162	0000.141
+01.1293	+00.0165	0000.142
+01.1369	+00.0165	0000.143
+01.1448	+00.0165	0000.144
+01.1528	+00.0165	0000.145
+01.1607	+00.0165	0000.146
+01.1689	+00.0168	0000.147
+01.1769	+00.0171	0000.148
+01.1857	+00.0171	0000.149
+01.1930	+00.0168	0000.150
+01.2019	+00.0171	0000.151
+01.2095	+00.0168	0000.152
+01.2175	+00.0171	0000.153
+01.2251	+00.0174	0000.154
+01.2333	+00.0174	0000.155
+01.2419	+00.0174	0000.156
+01.2498	+00.0180	0000.157
+01.2574	+00.0180	0000.158
+01.2654	+00.0177	0000.159
+01.2730	+00.0174	0000.160
+01.2815	+00.0174	0000.161
+01.2898	+00.0180	0000.162
+01.2974	+00.0177	0000.163
+01.3054	+00.0183	0000.164
+01.3136	+00.0187	0000.165
+01.3212	+00.0180	0000.166
+01.3292	+00.0183	0000.167
+01.3377	+00.0180	0000.168
+01.3453	+00.0187	0000.169
+01.3539	+00.0190	0000.170
+01.3618	+00.0190	0000.171
+01.3697	+00.0187	0000.172
+01.3777	+00.0187	0000.173
+01.3853	+00.0193	0000.174
+01.3935	+00.0196	0000.175
+01.4018	+00.0190	0000.176
+01.4097	+00.0187	0000.177
+01.4170	+00.0193	0000.178
+01.4256	+00.0196	0000.179
+01.4335	+00.0193	0000.180
+01.4418	+00.0196	0000.181
+01.4497	+00.0199	0000.182
+01.4576	+00.0199	0000.183
+01.4662	+00.0205	0000.184
+01.4735	+00.0199	0000.185
+01.4814	+00.0199	0000.186
+01.4894	+00.0202	0000.187
+01.4973	+00.0202	0000.188
+01.5059	+00.0205	0000.189
+01.5144	+00.0205	0000.190
+01.5220	+00.0202	0000.191
+01.5300	+00.0205	0000.192
+01.5376	+00.0208	0000.193
+01.5455	+00.0208	0000.194
+01.5538	+00.0205	0000.195
+01.5620	+00.0208	0000.196
+01.5696	+00.0205	0000.197
+01.5779	+00.0208	0000.198
+01.5855	+00.0211	0000.199
+01.5934	+00.0211	0000.200
+01.6020	+00.0211	0000.201
+01.6099	+00.0211	0000.202
+01.6182	+00.0214	0000.203
+01.6258	+00.0211	0000.204
+01.6340	+00.0220	0000.205
+01.6420	+00.0217	0000.206
+01.6496	+00.0220	0000.207
+01.6584	+00.0220	0000.208
+01.6661	+00.0214	0000.209
+01.6737	+00.0223	0000.210
+01.6822	+00.0217	0000.211
+01.6902	+00.0220	0000.212
+01.6981	+00.0223	0000.213
+01.7064	+00.0220	0000.214
+01.7140	+00.0226	0000.215
+01.7219	+00.0220	0000.216
+01.7305	+00.0226	0000.217
+01.7375	+00.0223	0000.218
+01.7460	+00.0226	0000.219
+01.7546	+00.0223	0000.220
+01.7616	+00.0223	0000.221
+01.7698	+00.0229	0000.222
+01.7784	+00.0229	0000.223
+01.7857	+00.0229	0000.224
+01.7939	+00.0229	0000.225
+01.8028	+00.0232	0000.226
+01.8101	+00.0229	0000.227
+01.8180	+00.0232	0000.228
+01.8260	+00.0229	0000.229
+01.8339	+00.0229	0000.230
+01.8425	+00.0232	0000.231
+01.8504	+00.0235	0000.232
+01.8583	+00.0232	0000.233
+01.8666	+00.0235	0000.234
+01.8739	+00.0238	0000.235
+01.8824	+00.0238	0000.236
+01.8907	+00.0238	0000.237
+01.8986	+00.0238	0000.238
+01.9056	+00.0238	0000.239
+01.9145	+00.0235	0000.240
+01.9221	+00.0238	0000.241
+01.9304	+00.0241	0000.242
+01.9380	+00.0245	0000.243
+01.9459	+00.0245	0000.244
+01.9542	+00.0238	0000.245
+01.9624	+00.0245	0000.246
+01.9706	+00.0238	0000.247
+01.9783	+00.0248	0000.248
+01.9859	+00.0245	0000.249
+01.9944	+00.0245	0000.250
+02.0024	+00.0248	0000.251
+02.0100	+00.0251	0000.252
+02.0189	+00.0248	0000.253
+02.0262	+00.0251	0000.254
+02.0344	+00.0251	0000.255
+02.0424	+00.0251	0000.256
+02.0503	+00.0257	0000.257
+02.0585	+00.0254	0000.258
+02.0662	+00.0251	0000.259
+02.0744	+00.0254	0000.260
+02.0829	+00.0257	0000.261
+02.0903	+00.0254	0000.262
+02.0982	+00.0260	0000.263
+02.1061	+00.0260	0000.264
+02.1144	+00.0254	0000.265
+02.1226	+00.0257	0000.266
+02.1305	+00.0257	0000.267
+02.1385	+00.0260	0000.268
+02.1470	+00.0260	0000.269
+02.1553	+00.0263	0000.270
+02.1629	+00.0263	0000.271
+02.1702	+00.0260	0000.272
+02.1782	+00.0266	0000.273
+02.1873	+00.0266	0000.274
+02.1946	+00.0260	0000.275
+02.2029	+00.0266	0000.276
+02.2105	+00.0266	0000.277
+02.2190	+00.0269	0000.278
+02.2267	+00.0266	0000.279
+02.2343	+00.0266	0000.280
+02.2425	+00.0266	0000.281
+02.2508	+00.0269	0000.282
+02.2590	+00.0269	0000.283
+02.2670	+00.0272	0000.284
+02.2743	+00.0272	0000.285
+02.2831	+00.0272	0000.286
+02.2908	+00.0269	0000.287
+02.2984	+00.0269	0000.288
+02.3066	+00.0275	0000.289
+02.3146	+00.0272	0000.290
+02.3222	+00.0275	0000.291
+02.3307	+00.0278	0000.292
+02.3387	+00.0275	0000.293
+02.3469	+00.0275	0000.294
+02.3549	+00.0281	0000.295
+02.3622	+00.0275	0000.296
+02.3710	+00.0278	0000.297
+02.3787	+00.0278	0000.298
+02.3866	+00.0281	0000.299
+02.3945	+00.0278	0000.300
+02.4028	+00.0281	0000.301
+02.4110	+00.0284	0000.302
+02.4186	+00.0287	0000.303
+02.4266	+00.0281	0000.304
+02.4342	+00.0284	0000.305
+02.4430	+00.0284	0000.306
+02.4510	+00.0287	0000.307
+02.4589	+00.0284	0000.308
+02.4665	+00.0284	0000.309
+02.4748	+00.0287	0000.310
+02.4833	+00.0284	0000.311
+02.4907	+00.0293	0000.312
+02.4989	+00.0296	0000.313
+02.5065	+00.0290	0000.314
+02.5151	+00.0287	0000.315
+02.5230	+00.0290	0000.316
+02.5309	+00.0290	0000.317
+02.5395	+00.0293	0000.318
+02.5471	+00.0290	0000.319
+02.5557	+00.0293	0000.320
+02.5633	+00.0296	0000.321
+02.5712	+00.0293	0000.322
+02.5792	+00.0296	0000.323
+02.5868	+00.0296	0000.324
+02.5950	+00.0296	0000.325
+02.6033	+00.0299	0000.326
+02.6109	+00.0299	0000.327
+02.6191	+00.0299	0000.328
+02.6277	+00.0302	0000.329
+02.6353	+00.0302	0000.330
+02.6429	+00.0302	0000.331
+02.6515	+00.0306	0000.332
+02.6591	+00.0302	0000.333
+02.6670	+00.0302	0000.334
+02.6750	+00.0306	0000.335
+02.6832	+00.0306	0000.336
+02.6912	+00.0306	0000.337
+02.6988	+00.0306	0000.338
+02.7070	+00.0306	0000.339
+02.7156	+00.0309	0000.340
+02.7232	+00.0312	0000.341
+02.7317	+00.0306	0000.342
+02.7388	+00.0312	0000.343
+02.7479	+00.0309	0000.344
+02.7549	+00.0312	0000.345
+02.7629	+00.0312	0000.346
+02.7711	+00.0312	0000.347
+02.7797	+00.0315	0000.348
+02.7873	+00.0315	0000.349
+02.7958	+00.0318	0000.350
+02.8028	+00.0315	0000.351
+02.8117	+00.0318	0000.352
+02.8196	+00.0315	0000.353
+02.8276	+00.0318	0000.354
+02.8355	+00.0315	0000.355
+02.8437	+00.0318	0000.356
+02.8514	+00.0315	0000.357
+02.8599	+00.0321	0000.358
+02.8679	+00.0321	0000.359
+02.8755	+00.0321	0000.360
+02.8837	+00.0321	0000.361
+02.8913	+00.0324	0000.362
+02.9002	+00.0324	0000.363
+02.9075	+00.0318	0000.364
+02.9158	+00.0327	0000.365
+02.9237	+00.0321	0000.366
+02.9322	+00.0330	0000.367
+02.9399	+00.0324	0000.368
+02.9484	+00.0324	0000.369
+02.9557	+00.0327	0000.370
+02.9634	+00.0327	0000.371
+02.9719	+00.0330	0000.372
+02.9795	+00.0333	0000.373
+02.9878	+00.0333	0000.374
+02.9960	+00.0333	0000.375
+03.0040	+00.0333	0000.376
+02.9957	+00.0330	0000.377
+02.9881	+00.0327	0000.378
+02.9799	+00.0333	0000.379
+02.9725	+00.0333	0000.380
+02.9643	+00.0330	0000.381
+02.9557	+00.0333	0000.382
+02.9484	+00.0333	0000.383
+02.9408	+00.0336	0000.384
+02.9322	+00.0333	0000.385
+02.9240	+00.0333	0000.386
+02.9161	+00.0333	0000.387
+02.9081	+00.0336	0000.388
+02.8999	+00.0330	0000.389
+02.8920	+00.0336	0000.390
+02.8837	+00.0330	0000.391
+02.8761	+00.0330	0000.392
+02.8679	+00.0333	0000.393
+02.8599	+00.0333	0000.394
+02.8520	+00.0333	0000.395
+02.8437	+00.0333	0000.396
+02.8364	+00.0333	0000.397
+02.8282	+00.0333	0000.398
+02.8199	+00.0330	0000.399
+02.8123	+00.0330	0000.400
+02.8038	+00.0333	0000.401
+02.7958	+00.0330	0000.402
+02.7873	+00.0330	0000.403
+02.7797	+00.0330	0000.404
+02.7714	+00.0327	0000.405
+02.7641	+00.0330	0000.406
+02.7555	+00.0327	0000.407
+02.7482	+00.0330	0000.408
+02.7391	+00.0330	0000.409
+02.7317	+00.0327	0000.410
+02.7244	+00.0330	0000.411
+02.7162	+00.0330	0000.412
+02.7085	+00.0327	0000.413
+02.6994	+00.0327	0000.414
+02.6912	+00.0330	0000.415
+02.6838	+00.0330	0000.416
+02.6759	+00.0327	0000.417
+02.6680	+00.0327	0000.418
+02.6594	+00.0327	0000.419
+02.6518	+00.0333	0000.420
+02.6442	+00.0327	0000.421
+02.6359	+00.0330	0000.422
+02.6271	+00.0327	0000.423
+02.6194	+00.0327	0000.424
+02.6112	+00.0327	0000.425
+02.6036	+00.0327	0000.426
+02.5962	+00.0330	0000.427
+02.5874	+00.0324	0000.428
+02.5798	+00.0327	0000.429
+02.5712	+00.0324	0000.430
+02.5630	+00.0324	0000.431
+02.5557	+00.0327	0000.432
+02.5471	+00.0324	0000.433
+02.5389	+00.0321	0000.434
+02.5312	+00.0324	0000.435
+02.5230	+00.0324	0000.436
+02.5151	+00.0324	0000.437
+02.5068	+00.0324	0000.438
+02.4992	+00.0321	0000.439
+02.4913	+00.0324	0000.440
+02.4830	+00.0321	0000.441
+02.4754	+00.0324	0000.442
+02.4675	+00.0321	0000.443
+02.4595	+00.0321	0000.444
+02.4516	+00.0324	0000.445
+02.4437	+00.0318	0000.446
+02.4354	+00.0321	0000.447
+02.4272	+00.0318	0000.448
+02.4192	+00.0321	0000.449
+02.4107	+00.0324	0000.450
+02.4034	+00.0321	0000.451
+02.3951	+00.0321	0000.452
+02.3875	+00.0318	0000.453
+02.3793	+00.0321	0000.454
+02.3710	+00.0321	0000.455
+02.3628	+00.0318	0000.456
+02.3555	+00.0318	0000.457
+02.3469	+00.0321	0000.458
+02.3393	+00.0318	0000.459
+02.3317	+00.0321	0000.460
+02.3231	+00.0315	0000.461
+02.3155	+00.0315	0000.462
+02.3072	+00.0315	0000.463
+02.2993	+00.0315	0000.464
+02.2911	+00.0318	0000.465
+02.2822	+00.0315	0000.466
+02.2743	+00.0315	0000.467
+02.2670	+00.0315	0000.468
+02.2593	+00.0312	0000.469
+02.2511	+00.0312	0000.470
+02.2425	+00.0315	0000.471
+02.2349	+00.0312	0000.472
+02.2270	+00.0312	0000.473
+02.2194	+00.0312	0000.474
+02.2108	+00.0315	0000.475
+02.2032	+00.0315	0000.476
+02.1952	+00.0312	0000.477
+02.1870	+00.0312	0000.478
+02.1791	+00.0309	0000.479
+02.1708	+00.0315	0000.480
+02.1629	+00.0315	0000.481
+02.1550	+00.0312	0000.482
+02.1470	+00.0309	0000.483
+02.1382	+00.0315	0000.484
+02.1305	+00.0309	0000.485
+02.1232	+00.0309	0000.486
+02.1147	+00.0309	0000.487
+02.1077	+00.0309	0000.488
+02.0985	+00.0312	0000.489
+02.0912	+00.0309	0000.490
+02.0826	+00.0306	0000.491
+02.0747	+00.0312	0000.492
+02.0668	+00.0309	0000.493
+02.0585	+00.0309	0000.494
+02.0506	+00.0309	0000.495
+02.0427	+00.0309	0000.496
+02.0347	+00.0302	0000.497
+02.0268	+00.0306	0000.498
+02.0182	+00.0302	0000.499
+02.0103	+00.0302	0000.500
+02.0027	+00.0306	0000.501
+01.9944	+00.0302	0000.502
+01.9865	+00.0306	0000.503
+01.9786	+00.0302	0000.504
+01.9706	+00.0302	0000.505
+01.9621	+00.0302	0000.506
+01.9548	+00.0302	0000.507
+01.9468	+00.0299	0000.508
+01.9383	+00.0299	0000.509
+01.9310	+00.0299	0000.510
+01.9227	+00.0306	0000.511
+01.9142	+00.0306	0000.512
+01.9062	+00.0302	0000.513
+01.8986	+00.0299	0000.514
+01.8904	+00.0302	0000.515
+01.8824	+00.0299	0000.516
+01.8745	+00.0299	0000.517
+01.8666	+00.0299	0000.518
+01.8589	+00.0299	0000.519
+01.8513	+00.0302	0000.520
+01.8425	+00.0299	0000.521
+01.8342	+00.0293	0000.522
+01.8263	+00.0299	0000.523
+01.8180	+00.0293	0000.524
+01.8104	+00.0296	0000.525
+01.8022	+00.0296	0000.526
+01.7939	+00.0293	0000.527
+01.7866	+00.0296	0000.528
+01.7781	+00.0296	0000.529
+01.7704	+00.0293	0000.530
+01.7619	+00.0293	0000.531
+01.7540	+00.0296	0000.532
+01.7463	+00.0293	0000.533
+01.7381	+00.0293	0000.534
+01.7302	+00.0293	0000.535
+01.7222	+00.0296	0000.536
+01.7146	+00.0293	0000.537
+01.7067	+00.0293	0000.538
+01.6987	+00.0290	0000.539
+01.6908	+00.0293	0000.540
+01.6829	+00.0290	0000.541
+01.6743	+00.0293	0000.542
+01.6667	+00.0290	0000.543
+01.6584	+00.0293	0000.544
+01.6502	+00.0290	0000.545
+01.6423	+00.0287	0000.546
+01.6343	+00.0287	0000.547
+01.6264	+00.0290	0000.548
+01.6182	+00.0290	0000.549
+01.6099	+00.0287	0000.550
+01.6020	+00.0284	0000.551
+01.5937	+00.0284	0000.552
+01.5861	+00.0290	0000.553
+01.5782	+00.0284	0000.554
+01.5699	+00.0284	0000.555
+01.5623	+00.0281	0000.556
+01.5541	+00.0278	0000.557
+01.5464	+00.0284	0000.558
+01.5379	+00.0284	0000.559
+01.5300	+00.0284	0000.560
+01.5220	+00.0281	0000.561
+01.5141	+00.0281	0000.562
+01.5062	+00.0278	0000.563
+01.4976	+00.0287	0000.564
+01.4903	+00.0284	0000.565
+01.4820	+00.0278	0000.566
+01.4741	+00.0284	0000.567
+01.4662	+00.0281	0000.568
+01.4579	+00.0284	0000.569
+01.4500	+00.0278	0000.570
+01.4421	+00.0278	0000.571
+01.4341	+00.0278	0000.572
+01.4253	+00.0281	0000.573
+01.4180	+00.0278	0000.574
+01.4100	+00.0281	0000.575
+01.4024	+00.0275	0000.576
+01.3942	+00.0281	0000.577
+01.3859	+00.0278	0000.578
+01.3774	+00.0278	0000.579
+01.3700	+00.0275	0000.580
+01.3618	+00.0278	0000.581
+01.3542	+00.0272	0000.582
+01.3453	+00.0275	0000.583
+01.3380	+00.0278	0000.584
+01.3304	+00.0275	0000.585
+01.3218	+00.0272	0000.586
+01.3133	+00.0272	0000.587
+01.3057	+00.0272	0000.588
+01.2971	+00.0275	0000.589
+01.2898	+00.0272	0000.590
+01.2819	+00.0269	0000.591
+01.2736	+00.0269	0000.592
+01.2657	+00.0269	0000.593
+01.2577	+00.0269	0000.594
+01.2495	+00.0272	0000.595
+01.2422	+00.0269	0000.596
+01.2333	+00.0266	0000.597
+01.2257	+00.0269	0000.598
+01.2178	+00.0266	0000.599
+01.2092	+00.0272	0000.600
+01.2013	+00.0266	0000.601
+01.1937	+00.0269	0000.602
+01.1857	+00.0275	0000.603
+01.1778	+00.0266	0000.604
+01.1692	+00.0263	0000.605
+01.1619	+00.0260	0000.606
+01.1534	+00.0266	0000.607
+01.1448	+00.0263	0000.608
+01.1375	+00.0260	0000.609
+01.1296	+00.0266	0000.610
+01.1216	+00.0260	0000.611
+01.1131	+00.0257	0000.612
+01.1052	+00.0260	0000.613
+01.0969	+00.0263	0000.614
+01.0899	+00.0260	0000.615
+01.0814	+00.0257	0000.616
+01.0731	+00.0257	0000.617
+01.0655	+00.0257	0000.618
+01.0575	+00.0254	0000.619
+01.0493	+00.0257	0000.620
+01.0414	+00.0257	0000.621
+01.0331	+00.0254	0000.622
+01.0255	+00.0257	0000.623
+01.0173	+00.0251	0000.624
+01.0090	+00.0254	0000.625
+01.0014	+00.0251	0000.626
+00.9932	+00.0254	0000.627
+00.9858	+00.0251	0000.628
+00.9776	+00.0251	0000.629
+00.9690	+00.0245	0000.630
+00.9611	+00.0248	0000.631
+00.9532	+00.0254	0000.632
+00.9452	+00.0251	0000.633
+00.9370	+00.0254	0000.634
+00.9288	+00.0251	0000.635
+00.9208	+00.0248	0000.636
+00.9135	+00.0248	0000.637
+00.9050	+00.0248	0000.638
+00.8970	+00.0251	0000.639
+00.8891	+00.0245	0000.640
+00.8812	+00.0245	0000.641
+00.8729	+00.0241	0000.642
+00.8653	+00.0245	0000.643
+00.8567	+00.0241	0000.644
+00.8491	+00.0241	0000.645
+00.8409	+00.0241	0000.646
+00.8329	+00.0245	0000.647
+00.8247	+00.0241	0000.648
+00.8168	+00.0238	0000.649
+00.8088	+00.0238	0000.650
+00.8009	+00.0235	0000.651
+00.7930	+00.0238	0000.652
+00.7850	+00.0241	0000.653
+00.7768	+00.0241	0000.654
+00.7692	+00.0238	0000.655
+00.7609	+00.0241	0000.656
+00.7530	+00.0232	0000.657
+00.7450	+00.0229	0000.658
+00.7371	+00.0241	0000.659
+00.7292	+00.0238	0000.660
+00.7209	+00.0235	0000.661
+00.7127	+00.0232	0000.662
+00.7051	+00.0232	0000.663
+00.6968	+00.0232	0000.664
+00.6889	+00.0229	0000.665
+00.6810	+00.0226	0000.666
+00.6727	+00.0232	0000.667
+00.6648	+00.0232	0000.668
+00.6572	+00.0229	0000.669
+00.6492	+00.0226	0000.670
+00.6407	+00.0223	0000.671
+00.6327	+00.0223	0000.672
+00.6248	+00.0226	0000.673
+00.6169	+00.0223	0000.674
+00.6089	+00.0223	0000.675
+00.6001	+00.0226	0000.676
+00.5925	+00.0220	0000.677
+00.5851	+00.0220	0000.678
+00.5769	+00.0217	0000.679
+00.5690	+00.0220	0000.680
+00.5610	+00.0220	0000.681
+00.5525	+00.0217	0000.682
+00.5445	+00.0220	0000.683
+00.5369	+00.0214	0000.684
+00.5290	+00.0217	0000.685
+00.5207	+00.0220	0000.686
+00.5128	+00.0211	0000.687
+00.5046	+00.0217	0000.688
+00.4966	+00.0211	0000.689
+00.4887	+00.0214	0000.690
+00.4805	+00.0211	0000.691
+00.4725	+00.0211	0000.692
+00.4646	+00.0208	0000.693
+00.4564	+00.0208	0000.694
+00.4484	+00.0208	0000.695
+00.4405	+00.0205	0000.696
+00.4325	+00.0208	0000.697
+00.4240	+00.0208	0000.698
+00.4167	+00.0202	0000.699
+00.4084	+00.0202	0000.700
+00.4008	+00.0205	0000.701
+00.3929	+00.0205	0000.702
+00.3843	+00.0202	0000.703
+00.3767	+00.0202	0000.704
+00.3682	+00.0202	0000.705
+00.3605	+00.0196	0000.706
+00.3523	+00.0196	0000.707
+00.3444	+00.0199	0000.708
+00.3361	+00.0196	0000.709
+00.3285	+00.0196	0000.710
+00.3202	+00.0193	0000.711
+00.3123	+00.0196	0000.712
+00.3044	+00.0193	0000.713
+00.2958	+00.0193	0000.714
+00.2888	+00.0190	0000.715
+00.2800	+00.0190	0000.716
+00.2723	+00.0190	0000.717
+00.2647	+00.0187	0000.718
+00.2562	+00.0190	0000.719
+00.2482	+00.0183	0000.720
+00.2403	+00.0183	0000.721
+00.2324	+00.0180	0000.722
+00.2241	+00.0177	0000.723
+00.2162	+00.0187	0000.724
+00.2082	+00.0183	0000.725
+00.2009	+00.0177	0000.726
+00.1927	+00.0180	0000.727
+00.1841	+00.0180	0000.728
+00.1759	+00.0174	0000.729
+00.1680	+00.0174	0000.730
+00.1603	+00.0174	0000.731
+00.1524	+00.0174	0000.732
+00.1435	+00.0171	0000.733
+00.1362	+00.0171	0000.734
+00.1280	+00.0168	0000.735
+00.1197	+00.0168	0000.736
+00.1118	+00.0162	0000.737
+00.1039	+00.0165	0000.738
+00.0959	+00.0162	0000.739
+00.0880	+00.0168	0000.740
+00.0798	+00.0159	0000.741
+00.0721	+00.0159	0000.742
+00.0639	+00.0156	0000.743
+00.0560	+00.0156	0000.744
+00.0480	+00.0150	0000.745
+00.0401	+00.0150	0000.746
+00.0319	+00.0150	0000.747
+00.0242	+00.0150	0000.748
+00.0160	+00.0144	0000.749
