R,Ohm	C,pF	Temp,C
0000000000	0000100000	+025.00
Ch1,V	Ch2,V	Time,s
-00.0002	-00.0012	0000.000
-00.0002	-00.0009	0000.001
-00.0090	-00.0003	0000.002
-00.0182	-00.0015	0000.003
-00.0264	-00.0015	0000.004
-00.0356	-00.0015	0000.005
-00.0444	-00.0018	0000.006
-00.0539	-00.0027	0000.007
-00.0628	-00.0024	0000.008
-00.0716	-00.0027	0000.009
-00.0811	-00.0033	0000.010
-00.0893	-00.0036	0000.011
-00.0988	-00.0039	0000.012
-00.1076	-00.0042	0000.013
-00.1171	-00.0048	0000.014
-00.1259	-00.0055	0000.015
-00.1351	-00.0061	0000.016
-00.1439	-00.0067	0000.017
-00.1531	-00.0079	0000.018
-00.1622	-00.0079	0000.019
-00.1708	-00.0091	0000.020
-00.1799	-00.0100	0000.021
-00.1888	-00.0109	0000.022
-00.1983	-00.0116	0000.023
-00.2071	-00.0131	0000.024
-00.2160	-00.0140	0000.025
-00.2254	-00.0149	0000.026
-00.2343	-00.0161	0000.027
-00.2434	-00.0177	0000.028
-00.2517	-00.0189	0000.029
-00.2611	-00.0201	0000.030
-00.2703	-00.0219	0000.031
-00.2791	-00.0235	0000.032
-00.2883	-00.0247	0000.033
-00.2980	-00.0262	0000.034
-00.3060	-00.0280	0000.035
-00.3151	-00.0293	0000.036
-00.3243	-00.0308	0000.037
-00.3334	-00.0320	0000.038
-00.3417	-00.0338	0000.039
-00.3511	-00.0357	0000.040
-00.3603	-00.0375	0000.041
-00.3695	-00.0390	0000.042
-00.3783	-00.0412	0000.043
-00.3875	-00.0433	0000.044
-00.3960	-00.0448	0000.045
-00.4052	-00.0470	0000.046
-00.4143	-00.0485	0000.047
-00.4238	-00.0509	0000.048
-00.4329	-00.0525	0000.049
-00.4418	-00.0543	0000.050
-00.4503	-00.0567	0000.051
-00.4598	-00.0589	0000.052
-00.4689	-00.0610	0000.053
-00.4775	-00.0631	0000.054
-00.4866	-00.0650	0000.055
-00.4958	-00.0671	0000.056
-00.5043	-00.0692	0000.057
-00.5135	-00.0714	0000.058
-00.5220	-00.0735	0000.059
-00.5318	-00.0756	0000.060
-00.5404	-00.0784	0000.061
-00.5495	-00.0799	0000.062
-00.5587	-00.0821	0000.063
-00.5672	-00.0851	0000.064
-00.5770	-00.0869	0000.065
-00.5855	-00.0891	0000.066
-00.5950	-00.0912	0000.067
-00.6038	-00.0940	0000.068
-00.6127	-00.0958	0000.069
-00.6218	-00.0976	0000.070
-00.6307	-00.1007	0000.071
-00.6395	-00.1028	0000.072
-00.6487	-00.1052	0000.073
-00.6575	-00.1077	0000.074
-00.6667	-00.1095	0000.075
-00.6755	-00.1123	0000.076
-00.6850	-00.1147	0000.077
-00.6936	-00.1168	0000.078
-00.7030	-00.1190	0000.079
-00.7116	-00.1214	0000.080
-00.7210	-00.1239	0000.081
-00.7299	-00.1266	0000.082
-00.7384	-00.1284	0000.083
-00.7479	-00.1309	0000.084
-00.7573	-00.1327	0000.085
-00.7656	-00.1352	0000.086
-00.7750	-00.1376	0000.087
-00.7836	-00.1403	0000.088
-00.7924	-00.1422	0000.089
-00.8019	-00.1443	0000.090
-00.8110	-00.1468	0000.091
-00.8202	-00.1495	0000.092
-00.8290	-00.1516	0000.093
-00.8379	-00.1538	0000.094
-00.8471	-00.1559	0000.095
-00.8559	-00.1583	0000.096
-00.8654	-00.1608	0000.097
-00.8736	-00.1626	0000.098
-00.8831	-00.1654	0000.099
-00.8916	-00.1672	0000.100
-00.9014	-00.1696	0000.101
-00.9105	-00.1718	0000.102
-00.9191	-00.1742	0000.103
-00.9279	-00.1760	0000.104
-00.9371	-00.1782	0000.105
-00.9462	-00.1806	0000.106
-00.9551	-00.1828	0000.107
-00.9642	-00.1843	0000.108
-00.9731	-00.1870	0000.109
-00.9822	-00.1886	0000.110
-00.9911	-00.1910	0000.111
-01.0003	-00.1931	0000.112
-01.0094	-00.1956	0000.113
-01.0183	-00.1971	0000.114
-01.0271	-00.1999	0000.115
-01.0360	-00.2014	0000.116
-01.0454	-00.2035	0000.117
-01.0543	-00.2053	0000.118
-01.0640	-00.2075	0000.119
-01.0723	-00.2099	0000.120
-01.0817	-00.2121	0000.121
-01.0903	-00.2139	0000.122
-01.0991	-00.2157	0000.123
-01.1074	-00.2179	0000.124
-01.1177	-00.2197	0000.125
-01.1263	-00.2215	0000.126
-01.1354	-00.2237	0000.127
-01.1443	-00.2255	0000.128
-01.1531	-00.2270	0000.129
-01.1626	-00.2292	0000.130
-01.1708	-00.2310	0000.131
-01.1806	-00.2328	0000.132
-01.1892	-00.2343	0000.133
-01.1983	-00.2362	0000.134
-01.2078	-00.2383	0000.135
-01.2166	-00.2395	0000.136
-01.2252	-00.2417	0000.137
-01.2343	-00.2432	0000.138
-01.2435	-00.2456	0000.139
-01.2526	-00.2475	0000.140
-01.2612	-00.2484	0000.141
-01.2703	-00.2502	0000.142
-01.2798	-00.2523	0000.143
-01.2886	-00.2542	0000.144
-01.2975	-00.2551	0000.145
-01.3066	-00.2569	0000.146
-01.3152	-00.2584	0000.147
-01.3247	-00.2603	0000.148
-01.3335	-00.2621	0000.149
-01.3427	-00.2636	0000.150
-01.3512	-00.2649	0000.151
-01.3607	-00.2667	0000.152
-01.3692	-00.2685	0000.153
-01.3787	-00.2700	0000.154
-01.3875	-00.2716	0000.155
-01.3967	-00.2731	0000.156
-01.4058	-00.2743	0000.157
-01.4147	-00.2755	0000.158
-01.4238	-00.2774	0000.159
-01.4327	-00.2786	0000.160
-01.4418	-00.2801	0000.161
-01.4510	-00.2816	0000.162
-01.4595	-00.2832	0000.163
-01.4690	-00.2844	0000.164
-01.4785	-00.2859	0000.165
-01.4864	-00.2874	0000.166
-01.4959	-00.2887	0000.167
-01.5050	-00.2902	0000.168
-01.5139	-00.2914	0000.169
-01.5233	-00.2929	0000.170
-01.5319	-00.2942	0000.171
-01.5410	-00.2954	0000.172
-01.5496	-00.2966	0000.173
-01.5587	-00.2981	0000.174
-01.5679	-00.2993	0000.175
-01.5770	-00.3003	0000.176
-01.5859	-00.3021	0000.177
-01.5953	-00.3030	0000.178
-01.6039	-00.3039	0000.179
-01.6134	-00.3054	0000.180
-01.6219	-00.3070	0000.181
-01.6311	-00.3082	0000.182
-01.6402	-00.3091	0000.183
-01.6494	-00.3106	0000.184
-01.6576	-00.3112	0000.185
-01.6674	-00.3128	0000.186
-01.6762	-00.3137	0000.187
-01.6854	-00.3155	0000.188
-01.6945	-00.3164	0000.189
-01.7025	-00.3170	0000.190
-01.7122	-00.3186	0000.191
-01.7205	-00.3192	0000.192
-01.7305	-00.3207	0000.193
-01.7394	-00.3219	0000.194
-01.7482	-00.3225	0000.195
-01.7571	-00.3234	0000.196
-01.7659	-00.3247	0000.197
-01.7751	-00.3256	0000.198
-01.7846	-00.3268	0000.199
-01.7931	-00.3277	0000.200
-01.8019	-00.3286	0000.201
-01.8111	-00.3296	0000.202
-01.8203	-00.3305	0000.203
-01.8300	-00.3317	0000.204
-01.8386	-00.3326	0000.205
-01.8474	-00.3338	0000.206
-01.8566	-00.3344	0000.207
-01.8654	-00.3360	0000.208
-01.8743	-00.3363	0000.209
-01.8834	-00.3372	0000.210
-01.8920	-00.3384	0000.211
-01.9014	-00.3393	0000.212
-01.9097	-00.3396	0000.213
-01.9194	-00.3408	0000.214
-01.9286	-00.3415	0000.215
-01.9371	-00.3433	0000.216
-01.9469	-00.3436	0000.217
-01.9555	-00.3442	0000.218
-01.9649	-00.3454	0000.219
-01.9732	-00.3460	0000.220
-01.9826	-00.3473	0000.221
-01.9921	-00.3479	0000.222
-02.0003	-00.3491	0000.223
-02.0095	-00.3494	0000.224
-02.0183	-00.3509	0000.225
-02.0275	-00.3509	0000.226
-02.0366	-00.3515	0000.227
-02.0458	-00.3524	0000.228
-02.0546	-00.3540	0000.229
-02.0632	-00.3543	0000.230
-02.0723	-00.3552	0000.231
-02.0818	-00.3555	0000.232
-02.0906	-00.3567	0000.233
-02.0998	-00.3573	0000.234
-02.1093	-00.3579	0000.235
-02.1175	-00.3585	0000.236
-02.1267	-00.3595	0000.237
-02.1358	-00.3601	0000.238
-02.1450	-00.3610	0000.239
-02.1538	-00.3619	0000.240
-02.1627	-00.3625	0000.241
-02.1718	-00.3634	0000.242
-02.1810	-00.3640	0000.243
-02.1901	-00.3646	0000.244
-02.1990	-00.3650	0000.245
-02.2078	-00.3659	0000.246
-02.2167	-00.3665	0000.247
-02.2258	-00.3674	0000.248
-02.2353	-00.3674	0000.249
-02.2438	-00.3686	0000.250
-02.2536	-00.3692	0000.251
-02.2622	-00.3695	0000.252
-02.2713	-00.3701	0000.253
-02.2802	-00.3711	0000.254
-02.2890	-00.3717	0000.255
-02.2982	-00.3723	0000.256
-02.3067	-00.3729	0000.257
-02.3162	-00.3732	0000.258
-02.3250	-00.3741	0000.259
-02.3342	-00.3744	0000.260
-02.3430	-00.3753	0000.261
-02.3522	-00.3762	0000.262
-02.3610	-00.3762	0000.263
-02.3705	-00.3772	0000.264
-02.3787	-00.3772	0000.265
-02.3891	-00.3781	0000.266
-02.3970	-00.3790	0000.267
-02.4062	-00.3793	0000.268
-02.4150	-00.3799	0000.269
-02.4245	-00.3799	0000.270
-02.4331	-00.3811	0000.271
-02.4422	-00.3814	0000.272
-02.4508	-00.3820	0000.273
-02.4602	-00.3823	0000.274
-02.4691	-00.3827	0000.275
-02.4782	-00.3836	0000.276
-02.4874	-00.3842	0000.277
-02.4962	-00.3848	0000.278
-02.5054	-00.3851	0000.279
-02.5142	-00.3851	0000.280
-02.5231	-00.3863	0000.281
-02.5322	-00.3866	0000.282
-02.5411	-00.3869	0000.283
-02.5502	-00.3875	0000.284
-02.5597	-00.3881	0000.285
-02.5679	-00.3888	0000.286
-02.5774	-00.3888	0000.287
-02.5869	-00.3894	0000.288
-02.5951	-00.3897	0000.289
-02.6052	-00.3903	0000.290
-02.6140	-00.3906	0000.291
-02.6226	-00.3915	0000.292
-02.6314	-00.3921	0000.293
-02.6403	-00.3921	0000.294
-02.6491	-00.3930	0000.295
-02.6589	-00.3930	0000.296
-02.6668	-00.3936	0000.297
-02.6760	-00.3943	0000.298
-02.6851	-00.3946	0000.299
-02.6946	-00.3952	0000.300
-02.7034	-00.3955	0000.301
-02.7123	-00.3964	0000.302
-02.7214	-00.3967	0000.303
-02.7300	-00.3964	0000.304
-02.7398	-00.3970	0000.305
-02.7486	-00.3979	0000.306
-02.7571	-00.3979	0000.307
-02.7669	-00.3985	0000.308
-02.7761	-00.3991	0000.309
-02.7846	-00.3988	0000.310
-02.7935	-00.3997	0000.311
-02.8020	-00.4000	0000.312
-02.8115	-00.4007	0000.313
-02.8206	-00.4010	0000.314
-02.8301	-00.4010	0000.315
-02.8380	-00.4016	0000.316
-02.8475	-00.4019	0000.317
-02.8569	-00.4028	0000.318
-02.8655	-00.4028	0000.319
-02.8746	-00.4034	0000.320
-02.8835	-00.4040	0000.321
-02.8926	-00.4043	0000.322
-02.9024	-00.4046	0000.323
-02.9110	-00.4055	0000.324
-02.9195	-00.4052	0000.325
-02.9287	-00.4058	0000.326
-02.9384	-00.4065	0000.327
-02.9470	-00.4068	0000.328
-02.9561	-00.4071	0000.329
-02.9647	-00.4071	0000.330
-02.9732	-00.4080	0000.331
-02.9830	-00.4083	0000.332
-02.9918	-00.4089	0000.333
-03.0004	-00.4089	0000.334
-03.0101	-00.4092	0000.335
-03.0187	-00.4095	0000.336
-03.0272	-00.4101	0000.337
-03.0367	-00.4104	0000.338
-03.0455	-00.4104	0000.339
-03.0547	-00.4113	0000.340
-03.0635	-00.4116	0000.341
-03.0730	-00.4120	0000.342
-03.0819	-00.4123	0000.343
-03.0910	-00.4126	0000.344
-03.1002	-00.4135	0000.345
-03.1093	-00.4129	0000.346
-03.1182	-00.4135	0000.347
-03.1267	-00.4141	0000.348
-03.1359	-00.4147	0000.349
-03.1447	-00.4147	0000.350
-03.1545	-00.4150	0000.351
-03.1633	-00.4156	0000.352
-03.1722	-00.4159	0000.353
-03.1813	-00.4162	0000.354
-03.1902	-00.4165	0000.355
-03.1987	-00.4171	0000.356
-03.2085	-00.4174	0000.357
-03.2170	-00.4177	0000.358
-03.2265	-00.4181	0000.359
-03.2351	-00.4184	0000.360
-03.2445	-00.4187	0000.361
-03.2534	-00.4190	0000.362
-03.2622	-00.4196	0000.363
-03.2717	-00.4199	0000.364
-03.2802	-00.4202	0000.365
-03.2885	-00.4202	0000.366
-03.2982	-00.4211	0000.367
-03.3065	-00.4208	0000.368
-03.3162	-00.4214	0000.369
-03.3254	-00.4217	0000.370
-03.3345	-00.4223	0000.371
-03.3437	-00.4223	0000.372
-03.3525	-00.4223	0000.373
-03.3611	-00.4229	0000.374
-03.3706	-00.4235	0000.375
-03.3794	-00.4232	0000.376
-03.3879	-00.4239	0000.377
-03.3974	-00.4245	0000.378
-03.4056	-00.4245	0000.379
-03.4151	-00.4251	0000.380
-03.4237	-00.4248	0000.381
-03.4337	-00.4260	0000.382
-03.4426	-00.4260	0000.383
-03.4514	-00.4263	0000.384
-03.4609	-00.4269	0000.385
-03.4700	-00.4269	0000.386
-03.4783	-00.4278	0000.387
-03.4877	-00.4278	0000.388
-03.4963	-00.4284	0000.389
-03.5061	-00.4284	0000.390
-03.5143	-00.4284	0000.391
-03.5238	-00.4293	0000.392
-03.5323	-00.4297	0000.393
-03.5415	-00.4300	0000.394
-03.5509	-00.4300	0000.395
-03.5601	-00.4300	0000.396
-03.5683	-00.4309	0000.397
-03.5781	-00.4309	0000.398
-03.5860	-00.4315	0000.399
-03.5964	-00.4321	0000.400
-03.6037	-00.4324	0000.401
-03.6141	-00.4324	0000.402
-03.6223	-00.4324	0000.403
-03.6315	-00.4327	0000.404
-03.6409	-00.4333	0000.405
-03.6495	-00.4336	0000.406
-03.6589	-00.4342	0000.407
-03.6675	-00.4339	0000.408
-03.6769	-00.4345	0000.409
-03.6855	-00.4348	0000.410
-03.6950	-00.4348	0000.411
-03.7044	-00.4351	0000.412
-03.7130	-00.4358	0000.413
-03.7218	-00.4361	0000.414
-03.7310	-00.4361	0000.415
-03.7398	-00.4364	0000.416
-03.7493	-00.4370	0000.417
-03.7578	-00.4370	0000.418
-03.7664	-00.4376	0000.419
-03.7764	-00.4382	0000.420
-03.7856	-00.4382	0000.421
-03.7944	-00.4385	0000.422
-03.8027	-00.4388	0000.423
-03.8118	-00.4391	0000.424
-03.8207	-00.4391	0000.425
-03.8298	-00.4397	0000.426
-03.8390	-00.4397	0000.427
-03.8478	-00.4403	0000.428
-03.8579	-00.4406	0000.429
-03.8668	-00.4406	0000.430
-03.8750	-00.4409	0000.431
-03.8845	-00.4409	0000.432
-03.8930	-00.4419	0000.433
-03.9022	-00.4422	0000.434
-03.9110	-00.4425	0000.435
-03.9205	-00.4431	0000.436
-03.9290	-00.4431	0000.437
-03.9385	-00.4434	0000.438
-03.9470	-00.4437	0000.439
-03.9556	-00.4440	0000.440
-03.9656	-00.4440	0000.441
-03.9742	-00.4443	0000.442
-03.9833	-00.4449	0000.443
-03.9922	-00.4452	0000.444
-04.0017	-00.4449	0000.445
-04.0099	-00.4461	0000.446
-04.0187	-00.4464	0000.447
-04.0276	-00.4461	0000.448
-04.0364	-00.4461	0000.449
-04.0465	-00.4467	0000.450
-04.0554	-00.4470	0000.451
-04.0645	-00.4477	0000.452
-04.0740	-00.4480	0000.453
-04.0819	-00.4480	0000.454
-04.0917	-00.4483	0000.455
-04.1002	-00.4489	0000.456
-04.1097	-00.4489	0000.457
-04.1185	-00.4492	0000.458
-04.1274	-00.4495	0000.459
-04.1359	-00.4501	0000.460
-04.1454	-00.4504	0000.461
-04.1542	-00.4504	0000.462
-04.1634	-00.4510	0000.463
-04.1729	-00.4510	0000.464
-04.1823	-00.4516	0000.465
-04.1912	-00.4516	0000.466
-04.2000	-00.4519	0000.467
-04.2092	-00.4522	0000.468
-04.2177	-00.4528	0000.469
-04.2269	-00.4531	0000.470
-04.2360	-00.4531	0000.471
-04.2446	-00.4535	0000.472
-04.2537	-00.4535	0000.473
-04.2626	-00.4544	0000.474
-04.2711	-00.4541	0000.475
-04.2812	-00.4547	0000.476
-04.2900	-00.4550	0000.477
-04.2983	-00.4553	0000.478
-04.3081	-00.4553	0000.479
-04.3166	-00.4559	0000.480
-04.3264	-00.4562	0000.481
-04.3349	-00.4565	0000.482
-04.3438	-00.4568	0000.483
-04.3529	-00.4571	0000.484
-04.3618	-00.4574	0000.485
-04.3703	-00.4574	0000.486
-04.3798	-00.4577	0000.487
-04.3886	-00.4583	0000.488
-04.3975	-00.4583	0000.489
-04.4069	-00.4593	0000.490
-04.4158	-00.4589	0000.491
-04.4252	-00.4599	0000.492
-04.4341	-00.4596	0000.493
-04.4423	-00.4599	0000.494
-04.4521	-00.4605	0000.495
-04.4616	-00.4608	0000.496
-04.4698	-00.4611	0000.497
-04.4790	-00.4614	0000.498
-04.4881	-00.4617	0000.499
-04.4976	-00.4617	0000.500
-04.5064	-00.4617	0000.501
-04.4967	-00.4617	0000.502
-04.4884	-00.4620	0000.503
-04.4796	-00.4620	0000.504
-04.4701	-00.4617	0000.505
-04.4606	-00.4617	0000.506
-04.4518	-00.4617	0000.507
-04.4429	-00.4620	0000.508
-04.4344	-00.4617	0000.509
-04.4252	-00.4620	0000.510
-04.4161	-00.4620	0000.511
-04.4078	-00.4617	0000.512
-04.3987	-00.4617	0000.513
-04.3886	-00.4617	0000.514
-04.3798	-00.4617	0000.515
-04.3715	-00.4614	0000.516
-04.3627	-00.4614	0000.517
-04.3526	-00.4614	0000.518
-04.3441	-00.4617	0000.519
-04.3346	-00.4611	0000.520
-04.3258	-00.4608	0000.521
-04.3172	-00.4614	0000.522
-04.3077	-00.4608	0000.523
-04.2992	-00.4608	0000.524
-04.2897	-00.4608	0000.525
-04.2803	-00.4605	0000.526
-04.2717	-00.4605	0000.527
-04.2632	-00.4605	0000.528
-04.2540	-00.4602	0000.529
-04.2449	-00.4605	0000.530
-04.2357	-00.4602	0000.531
-04.2272	-00.4602	0000.532
-04.2186	-00.4599	0000.533
-04.2095	-00.4599	0000.534
-04.2003	-00.4596	0000.535
-04.1899	-00.4599	0000.536
-04.1823	-00.4596	0000.537
-04.1735	-00.4593	0000.538
-04.1640	-00.4593	0000.539
-04.1552	-00.4596	0000.540
-04.1460	-00.4589	0000.541
-04.1365	-00.4589	0000.542
-04.1277	-00.4583	0000.543
-04.1179	-00.4586	0000.544
-04.1100	-00.4583	0000.545
-04.1002	-00.4586	0000.546
-04.0920	-00.4580	0000.547
-04.0825	-00.4580	0000.548
-04.0737	-00.4583	0000.549
-04.0651	-00.4580	0000.550
-04.0557	-00.4577	0000.551
-04.0468	-00.4580	0000.552
-04.0377	-00.4574	0000.553
-04.0291	-00.4574	0000.554
-04.0197	-00.4574	0000.555
-04.0105	-00.4574	0000.556
-04.0017	-00.4565	0000.557
-03.9922	-00.4574	0000.558
-03.9837	-00.4571	0000.559
-03.9736	-00.4571	0000.560
-03.9650	-00.4562	0000.561
-03.9571	-00.4562	0000.562
-03.9473	-00.4559	0000.563
-03.9388	-00.4562	0000.564
-03.9290	-00.4562	0000.565
-03.9199	-00.4559	0000.566
-03.9116	-00.4559	0000.567
-03.9028	-00.4559	0000.568
-03.8936	-00.4559	0000.569
-03.8851	-00.4556	0000.570
-03.8756	-00.4553	0000.571
-03.8668	-00.4556	0000.572
-03.8576	-00.4550	0000.573
-03.8488	-00.4547	0000.574
-03.8393	-00.4547	0000.575
-03.8301	-00.4547	0000.576
-03.8219	-00.4547	0000.577
-03.8121	-00.4541	0000.578
-03.8033	-00.4544	0000.579
-03.7944	-00.4538	0000.580
-03.7853	-00.4538	0000.581
-03.7761	-00.4538	0000.582
-03.7676	-00.4538	0000.583
-03.7575	-00.4531	0000.584
-03.7490	-00.4535	0000.585
-03.7401	-00.4528	0000.586
-03.7313	-00.4535	0000.587
-03.7227	-00.4531	0000.588
-03.7133	-00.4525	0000.589
-03.7044	-00.4525	0000.590
-03.6943	-00.4525	0000.591
-03.6861	-00.4522	0000.592
-03.6766	-00.4525	0000.593
-03.6675	-00.4519	0000.594
-03.6586	-00.4519	0000.595
-03.6504	-00.4519	0000.596
-03.6419	-00.4513	0000.597
-03.6321	-00.4513	0000.598
-03.6232	-00.4510	0000.599
-03.6141	-00.4507	0000.600
-03.6055	-00.4507	0000.601
-03.5958	-00.4507	0000.602
-03.5866	-00.4501	0000.603
-03.5778	-00.4501	0000.604
-03.5686	-00.4501	0000.605
-03.5607	-00.4501	0000.606
-03.5512	-00.4498	0000.607
-03.5418	-00.4495	0000.608
-03.5335	-00.4501	0000.609
-03.5247	-00.4492	0000.610
-03.5149	-00.4492	0000.611
-03.5057	-00.4489	0000.612
-03.4969	-00.4492	0000.613
-03.4884	-00.4486	0000.614
-03.4786	-00.4486	0000.615
-03.4700	-00.4489	0000.616
-03.4603	-00.4483	0000.617
-03.4517	-00.4480	0000.618
-03.4426	-00.4480	0000.619
-03.4337	-00.4477	0000.620
-03.4240	-00.4477	0000.621
-03.4157	-00.4474	0000.622
-03.4063	-00.4470	0000.623
-03.3977	-00.4470	0000.624
-03.3886	-00.4467	0000.625
-03.3791	-00.4467	0000.626
-03.3706	-00.4461	0000.627
-03.3617	-00.4464	0000.628
-03.3529	-00.4461	0000.629
-03.3437	-00.4458	0000.630
-03.3345	-00.4458	0000.631
-03.3254	-00.4455	0000.632
-03.3175	-00.4458	0000.633
-03.3071	-00.4446	0000.634
-03.2982	-00.4455	0000.635
-03.2891	-00.4449	0000.636
-03.2808	-00.4443	0000.637
-03.2711	-00.4443	0000.638
-03.2631	-00.4443	0000.639
-03.2534	-00.4443	0000.640
-03.2445	-00.4440	0000.641
-03.2354	-00.4437	0000.642
-03.2262	-00.4437	0000.643
-03.2177	-00.4434	0000.644
-03.2091	-00.4428	0000.645
-03.1987	-00.4431	0000.646
-03.1905	-00.4431	0000.647
-03.1810	-00.4425	0000.648
-03.1725	-00.4425	0000.649
-03.1639	-00.4425	0000.650
-03.1539	-00.4416	0000.651
-03.1453	-00.4416	0000.652
-03.1362	-00.4416	0000.653
-03.1276	-00.4416	0000.654
-03.1188	-00.4409	0000.655
-03.1093	-00.4412	0000.656
-03.1008	-00.4409	0000.657
-03.0913	-00.4406	0000.658
-03.0822	-00.4403	0000.659
-03.0736	-00.4403	0000.660
-03.0642	-00.4403	0000.661
-03.0550	-00.4397	0000.662
-03.0462	-00.4394	0000.663
-03.0367	-00.4397	0000.664
-03.0285	-00.4388	0000.665
-03.0193	-00.4388	0000.666
-03.0108	-00.4385	0000.667
-03.0007	-00.4388	0000.668
-02.9921	-00.4382	0000.669
-02.9836	-00.4379	0000.670
-02.9741	-00.4379	0000.671
-02.9653	-00.4379	0000.672
-02.9558	-00.4373	0000.673
-02.9464	-00.4373	0000.674
-02.9384	-00.4370	0000.675
-02.9290	-00.4370	0000.676
-02.9201	-00.4370	0000.677
-02.9110	-00.4367	0000.678
-02.9018	-00.4364	0000.679
-02.8930	-00.4361	0000.680
-02.8841	-00.4361	0000.681
-02.8753	-00.4351	0000.682
-02.8658	-00.4358	0000.683
-02.8569	-00.4351	0000.684
-02.8478	-00.4348	0000.685
-02.8380	-00.4345	0000.686
-02.8295	-00.4342	0000.687
-02.8206	-00.4345	0000.688
-02.8121	-00.4339	0000.689
-02.8032	-00.4342	0000.690
-02.7941	-00.4336	0000.691
-02.7849	-00.4333	0000.692
-02.7758	-00.4330	0000.693
-02.7666	-00.4330	0000.694
-02.7578	-00.4324	0000.695
-02.7489	-00.4324	0000.696
-02.7391	-00.4324	0000.697
-02.7309	-00.4321	0000.698
-02.7214	-00.4312	0000.699
-02.7129	-00.4315	0000.700
-02.7037	-00.4312	0000.701
-02.6949	-00.4309	0000.702
-02.6854	-00.4309	0000.703
-02.6769	-00.4306	0000.704
-02.6680	-00.4303	0000.705
-02.6589	-00.4306	0000.706
-02.6500	-00.4293	0000.707
-02.6409	-00.4297	0000.708
-02.6317	-00.4290	0000.709
-02.6229	-00.4290	0000.710
-02.6134	-00.4284	0000.711
-02.6052	-00.4284	0000.712
-02.5954	-00.4284	0000.713
-02.5869	-00.4278	0000.714
-02.5777	-00.4278	0000.715
-02.5689	-00.4275	0000.716
-02.5588	-00.4278	0000.717
-02.5505	-00.4269	0000.718
-02.5414	-00.4269	0000.719
-02.5322	-00.4263	0000.720
-02.5231	-00.4266	0000.721
-02.5148	-00.4260	0000.722
-02.5054	-00.4257	0000.723
-02.4962	-00.4251	0000.724
-02.4874	-00.4254	0000.725
-02.4782	-00.4251	0000.726
-02.4697	-00.4245	0000.727
-02.4605	-00.4245	0000.728
-02.4514	-00.4242	0000.729
-02.4431	-00.4242	0000.730
-02.4334	-00.4235	0000.731
-02.4242	-00.4232	0000.732
-02.4154	-00.4229	0000.733
-02.4068	-00.4229	0000.734
-02.3970	-00.4223	0000.735
-02.3888	-00.4226	0000.736
-02.3793	-00.4217	0000.737
-02.3705	-00.4214	0000.738
-02.3610	-00.4214	0000.739
-02.3528	-00.4208	0000.740
-02.3427	-00.4208	0000.741
-02.3342	-00.4211	0000.742
-02.3253	-00.4202	0000.743
-02.3165	-00.4199	0000.744
-02.3070	-00.4199	0000.745
-02.2982	-00.4196	0000.746
-02.2893	-00.4190	0000.747
-02.2805	-00.4190	0000.748
-02.2710	-00.4190	0000.749
-02.2625	-00.4184	0000.750
-02.2530	-00.4181	0000.751
-02.2445	-00.4181	0000.752
-02.2356	-00.4177	0000.753
-02.2258	-00.4168	0000.754
-02.2173	-00.4165	0000.755
-02.2081	-00.4165	0000.756
-02.1993	-00.4162	0000.757
-02.1910	-00.4153	0000.758
-02.1813	-00.4156	0000.759
-02.1715	-00.4150	0000.760
-02.1633	-00.4147	0000.761
-02.1538	-00.4141	0000.762
-02.1456	-00.4144	0000.763
-02.1361	-00.4138	0000.764
-02.1270	-00.4138	0000.765
-02.1178	-00.4135	0000.766
-02.1093	-00.4132	0000.767
-02.1007	-00.4129	0000.768
-02.0913	-00.4123	0000.769
-02.0821	-00.4123	0000.770
-02.0726	-00.4120	0000.771
-02.0632	-00.4120	0000.772
-02.0549	-00.4113	0000.773
-02.0461	-00.4104	0000.774
-02.0366	-00.4101	0000.775
-02.0281	-00.4101	0000.776
-02.0189	-00.4098	0000.777
-02.0098	-00.4092	0000.778
-02.0009	-00.4095	0000.779
-01.9924	-00.4086	0000.780
-01.9826	-00.4083	0000.781
-01.9738	-00.4080	0000.782
-01.9649	-00.4077	0000.783
-01.9567	-00.4074	0000.784
-01.9472	-00.4068	0000.785
-01.9378	-00.4065	0000.786
-01.9292	-00.4058	0000.787
-01.9201	-00.4058	0000.788
-01.9109	-00.4052	0000.789
-01.9017	-00.4052	0000.790
-01.8929	-00.4046	0000.791
-01.8840	-00.4043	0000.792
-01.8746	-00.4040	0000.793
-01.8654	-00.4037	0000.794
-01.8569	-00.4028	0000.795
-01.8477	-00.4028	0000.796
-01.8389	-00.4025	0000.797
-01.8300	-00.4019	0000.798
-01.8209	-00.4013	0000.799
-01.8111	-00.4010	0000.800
-01.8029	-00.4007	0000.801
-01.7934	-00.4004	0000.802
-01.7846	-00.3997	0000.803
-01.7751	-00.3994	0000.804
-01.7665	-00.3994	0000.805
-01.7574	-00.3982	0000.806
-01.7485	-00.3982	0000.807
-01.7397	-00.3979	0000.808
-01.7305	-00.3973	0000.809
-01.7214	-00.3973	0000.810
-01.7128	-00.3964	0000.811
-01.7037	-00.3958	0000.812
-01.6948	-00.3952	0000.813
-01.6860	-00.3949	0000.814
-01.6765	-00.3946	0000.815
-01.6674	-00.3946	0000.816
-01.6585	-00.3939	0000.817
-01.6494	-00.3930	0000.818
-01.6402	-00.3930	0000.819
-01.6314	-00.3921	0000.820
-01.6222	-00.3921	0000.821
-01.6134	-00.3915	0000.822
-01.6045	-00.3909	0000.823
-01.5950	-00.3906	0000.824
-01.5856	-00.3903	0000.825
-01.5773	-00.3897	0000.826
-01.5685	-00.3891	0000.827
-01.5596	-00.3885	0000.828
-01.5505	-00.3885	0000.829
-01.5419	-00.3875	0000.830
-01.5322	-00.3875	0000.831
-01.5236	-00.3863	0000.832
-01.5145	-00.3866	0000.833
-01.5050	-00.3854	0000.834
-01.4962	-00.3848	0000.835
-01.4876	-00.3848	0000.836
-01.4782	-00.3839	0000.837
-01.4693	-00.3833	0000.838
-01.4598	-00.3827	0000.839
-01.4513	-00.3823	0000.840
-01.4428	-00.3814	0000.841
-01.4333	-00.3814	0000.842
-01.4241	-00.3805	0000.843
-01.4153	-00.3799	0000.844
-01.4058	-00.3793	0000.845
-01.3973	-00.3787	0000.846
-01.3878	-00.3781	0000.847
-01.3790	-00.3778	0000.848
-01.3698	-00.3775	0000.849
-01.3613	-00.3762	0000.850
-01.3518	-00.3759	0000.851
-01.3430	-00.3756	0000.852
-01.3341	-00.3747	0000.853
-01.3250	-00.3738	0000.854
-01.3161	-00.3732	0000.855
-01.3070	-00.3726	0000.856
-01.2978	-00.3720	0000.857
-01.2886	-00.3708	0000.858
-01.2801	-00.3704	0000.859
-01.2706	-00.3698	0000.860
-01.2612	-00.3695	0000.861
-01.2526	-00.3689	0000.862
-01.2435	-00.3674	0000.863
-01.2343	-00.3674	0000.864
-01.2258	-00.3665	0000.865
-01.2166	-00.3659	0000.866
-01.2072	-00.3650	0000.867
-01.1983	-00.3640	0000.868
-01.1898	-00.3634	0000.869
-01.1806	-00.3628	0000.870
-01.1715	-00.3619	0000.871
-01.1626	-00.3613	0000.872
-01.1531	-00.3601	0000.873
-01.1449	-00.3592	0000.874
-01.1351	-00.3589	0000.875
-01.1263	-00.3579	0000.876
-01.1177	-00.3570	0000.877
-01.1086	-00.3564	0000.878
-01.0994	-00.3555	0000.879
-01.0903	-00.3546	0000.880
-01.0817	-00.3537	0000.881
-01.0729	-00.3527	0000.882
-01.0634	-00.3524	0000.883
-01.0546	-00.3512	0000.884
-01.0460	-00.3506	0000.885
-01.0366	-00.3497	0000.886
-01.0274	-00.3488	0000.887
-01.0186	-00.3476	0000.888
-01.0100	-00.3466	0000.889
-01.0003	-00.3457	0000.890
-00.9914	-00.3448	0000.891
-00.9822	-00.3439	0000.892
-00.9737	-00.3424	0000.893
-00.9642	-00.3415	0000.894
-00.9554	-00.3408	0000.895
-00.9459	-00.3399	0000.896
-00.9377	-00.3387	0000.897
-00.9282	-00.3378	0000.898
-00.9194	-00.3366	0000.899
-00.9102	-00.3357	0000.900
-00.9017	-00.3350	0000.901
-00.8925	-00.3335	0000.902
-00.8834	-00.3323	0000.903
-00.8742	-00.3314	0000.904
-00.8657	-00.3302	0000.905
-00.8565	-00.3292	0000.906
-00.8471	-00.3280	0000.907
-00.8388	-00.3265	0000.908
-00.8294	-00.3256	0000.909
-00.8202	-00.3247	0000.910
-00.8113	-00.3231	0000.911
-00.8022	-00.3219	0000.912
-00.7930	-00.3207	0000.913
-00.7836	-00.3192	0000.914
-00.7756	-00.3183	0000.915
-00.7659	-00.3164	0000.916
-00.7576	-00.3158	0000.917
-00.7482	-00.3143	0000.918
-00.7396	-00.3128	0000.919
-00.7296	-00.3115	0000.920
-00.7213	-00.3103	0000.921
-00.7122	-00.3091	0000.922
-00.7030	-00.3079	0000.923
-00.6945	-00.3057	0000.924
-00.6853	-00.3048	0000.925
-00.6762	-00.3033	0000.926
-00.6670	-00.3021	0000.927
-00.6582	-00.3006	0000.928
-00.6490	-00.2990	0000.929
-00.6398	-00.2975	0000.930
-00.6310	-00.2960	0000.931
-00.6215	-00.2948	0000.932
-00.6133	-00.2932	0000.933
-00.6038	-00.2914	0000.934
-00.5950	-00.2899	0000.935
-00.5861	-00.2887	0000.936
-00.5770	-00.2868	0000.937
-00.5678	-00.2853	0000.938
-00.5590	-00.2832	0000.939
-00.5501	-00.2819	0000.940
-00.5410	-00.2801	0000.941
-00.5321	-00.2780	0000.942
-00.5230	-00.2765	0000.943
-00.5138	-00.2746	0000.944
-00.5046	-00.2731	0000.945
-00.4958	-00.2713	0000.946
-00.4869	-00.2691	0000.947
-00.4778	-00.2673	0000.948
-00.4686	-00.2658	0000.949
-00.4601	-00.2642	0000.950
-00.4509	-00.2621	0000.951
-00.4421	-00.2600	0000.952
-00.4323	-00.2581	0000.953
-00.4238	-00.2560	0000.954
-00.4143	-00.2545	0000.955
-00.4058	-00.2523	0000.956
-00.3963	-00.2505	0000.957
-00.3881	-00.2481	0000.958
-00.3783	-00.2459	0000.959
-00.3701	-00.2444	0000.960
-00.3609	-00.2417	0000.961
-00.3521	-00.2395	0000.962
-00.3429	-00.2380	0000.963
-00.3334	-00.2359	0000.964
-00.3246	-00.2334	0000.965
-00.3151	-00.2316	0000.966
-00.3063	-00.2285	0000.967
-00.2974	-00.2267	0000.968
-00.2883	-00.2246	0000.969
-00.2794	-00.2218	0000.970
-00.2706	-00.2197	0000.971
-00.2617	-00.2169	0000.972
-00.2523	-00.2151	0000.973
-00.2437	-00.2121	0000.974
-00.2346	-00.2099	0000.975
-00.2254	-00.2072	0000.976
-00.2166	-00.2047	0000.977
-00.2074	-00.2026	0000.978
-00.1983	-00.1995	0000.979
-00.1894	-00.1974	0000.980
-00.1806	-00.1947	0000.981
-00.1711	-00.1916	0000.982
-00.1622	-00.1889	0000.983
-00.1537	-00.1864	0000.984
-00.1445	-00.1837	0000.985
-00.1354	-00.1806	0000.986
-00.1259	-00.1782	0000.987
-00.1171	-00.1751	0000.988
-00.1079	-00.1721	0000.989
-00.0988	-00.1690	0000.990
-00.0902	-00.1666	0000.991
-00.0814	-00.1635	0000.992
-00.0722	-00.1608	0000.993
-00.0631	-00.1574	0000.994
-00.0542	-00.1541	0000.995
-00.0454	-00.1513	0000.996
-00.0362	-00.1483	0000.997
-00.0274	-00.1449	0000.998
-00.0179	-00.1416	0000.999
