R,Ohm	C,pF	Temp,C
0000000000	0000100000	+025.00
Ch1,V	Ch2,V	Time,s
+00.0001	-00.0012	0000.000
+00.0001	-00.0012	0000.001
-00.0057	-00.0012	0000.002
-00.0124	-00.0015	0000.003
-00.0176	-00.0012	0000.004
-00.0237	-00.0015	0000.005
-00.0298	-00.0024	0000.006
-00.0359	-00.0024	0000.007
-00.0420	-00.0030	0000.008
-00.0481	-00.0033	0000.009
-00.0539	-00.0042	0000.010
-00.0603	-00.0045	0000.011
-00.0658	-00.0058	0000.012
-00.0719	-00.0064	0000.013
-00.0780	-00.0076	0000.014
-00.0841	-00.0085	0000.015
-00.0899	-00.0097	0000.016
-00.0960	-00.0113	0000.017
-00.1018	-00.0119	0000.018
-00.1082	-00.0137	0000.019
-00.1140	-00.0149	0000.020
-00.1207	-00.0161	0000.021
-00.1259	-00.0180	0000.022
-00.1323	-00.0198	0000.023
-00.1378	-00.0210	0000.024
-00.1436	-00.0229	0000.025
-00.1503	-00.0247	0000.026
-00.1561	-00.0265	0000.027
-00.1622	-00.0286	0000.028
-00.1680	-00.0308	0000.029
-00.1744	-00.0329	0000.030
-00.1799	-00.0348	0000.031
-00.1857	-00.0372	0000.032
-00.1925	-00.0393	0000.033
-00.1976	-00.0418	0000.034
-00.2040	-00.0436	0000.035
-00.2102	-00.0460	0000.036
-00.2160	-00.0488	0000.037
-00.2221	-00.0509	0000.038
-00.2282	-00.0537	0000.039
-00.2340	-00.0561	0000.040
-00.2407	-00.0589	0000.041
-00.2465	-00.0616	0000.042
-00.2523	-00.0637	0000.043
-00.2584	-00.0668	0000.044
-00.2645	-00.0698	0000.045
-00.2703	-00.0729	0000.046
-00.2764	-00.0753	0000.047
-00.2822	-00.0781	0000.048
-00.2883	-00.0814	0000.049
-00.2938	-00.0848	0000.050
-00.3005	-00.0872	0000.051
-00.3063	-00.0906	0000.052
-00.3124	-00.0940	0000.053
-00.3182	-00.0973	0000.054
-00.3240	-00.1004	0000.055
-00.3304	-00.1034	0000.056
-00.3365	-00.1071	0000.057
-00.3423	-00.1104	0000.058
-00.3481	-00.1144	0000.059
-00.3545	-00.1175	0000.060
-00.3600	-00.1214	0000.061
-00.3664	-00.1248	0000.062
-00.3725	-00.1284	0000.063
-00.3780	-00.1321	0000.064
-00.3847	-00.1361	0000.065
-00.3902	-00.1400	0000.066
-00.3963	-00.1440	0000.067
-00.4027	-00.1477	0000.068
-00.4085	-00.1516	0000.069
-00.4146	-00.1556	0000.070
-00.4207	-00.1599	0000.071
-00.4265	-00.1632	0000.072
-00.4323	-00.1675	0000.073
-00.4384	-00.1721	0000.074
-00.4445	-00.1764	0000.075
-00.4503	-00.1800	0000.076
-00.4564	-00.1846	0000.077
-00.4625	-00.1892	0000.078
-00.4686	-00.1938	0000.079
-00.4741	-00.1977	0000.080
-00.4799	-00.2029	0000.081
-00.4866	-00.2069	0000.082
-00.4924	-00.2121	0000.083
-00.4988	-00.2163	0000.084
-00.5043	-00.2203	0000.085
-00.5108	-00.2252	0000.086
-00.5169	-00.2301	0000.087
-00.5227	-00.2353	0000.088
-00.5285	-00.2398	0000.089
-00.5342	-00.2444	0000.090
-00.5404	-00.2499	0000.091
-00.5465	-00.2548	0000.092
-00.5526	-00.2597	0000.093
-00.5587	-00.2646	0000.094
-00.5648	-00.2697	0000.095
-00.5706	-00.2749	0000.096
-00.5767	-00.2801	0000.097
-00.5831	-00.2856	0000.098
-00.5889	-00.2905	0000.099
-00.5947	-00.2966	0000.100
-00.6008	-00.3018	0000.101
-00.6063	-00.3076	0000.102
-00.6130	-00.3131	0000.103
-00.6185	-00.3186	0000.104
-00.6243	-00.3244	0000.105
-00.6307	-00.3299	0000.106
-00.6371	-00.3360	0000.107
-00.6423	-00.3415	0000.108
-00.6490	-00.3473	0000.109
-00.6545	-00.3531	0000.110
-00.6609	-00.3592	0000.111
-00.6664	-00.3650	0000.112
-00.6728	-00.3714	0000.113
-00.6783	-00.3775	0000.114
-00.6847	-00.3833	0000.115
-00.6908	-00.3894	0000.116
-00.6966	-00.3958	0000.117
-00.7027	-00.4019	0000.118
-00.7094	-00.4080	0000.119
-00.7146	-00.4147	0000.120
-00.7207	-00.4208	0000.121
-00.7271	-00.4266	0000.122
-00.7326	-00.4333	0000.123
-00.7390	-00.4397	0000.124
-00.7448	-00.4455	0000.125
-00.7509	-00.4522	0000.126
-00.7570	-00.4589	0000.127
-00.7628	-00.4647	0000.128
-00.7689	-00.4715	0000.129
-00.7753	-00.4779	0000.130
-00.7811	-00.4843	0000.131
-00.7869	-00.4901	0000.132
-00.7930	-00.4968	0000.133
-00.7991	-00.5029	0000.134
-00.8046	-00.5093	0000.135
-00.8104	-00.5154	0000.136
-00.8162	-00.5215	0000.137
-00.8229	-00.5276	0000.138
-00.8290	-00.5340	0000.139
-00.8345	-00.5407	0000.140
-00.8410	-00.5462	0000.141
-00.8471	-00.5523	0000.142
-00.8532	-00.5587	0000.143
-00.8590	-00.5645	0000.144
-00.8651	-00.5709	0000.145
-00.8709	-00.5767	0000.146
-00.8773	-00.5825	0000.147
-00.8831	-00.5883	0000.148
-00.8886	-00.5938	0000.149
-00.8950	-00.5999	0000.150
-00.9008	-00.6054	0000.151
-00.9075	-00.6106	0000.152
-00.9127	-00.6161	0000.153
-00.9191	-00.6216	0000.154
-00.9249	-00.6268	0000.155
-00.9316	-00.6326	0000.156
-00.9374	-00.6378	0000.157
-00.9426	-00.6430	0000.158
-00.9490	-00.6482	0000.159
-00.9554	-00.6533	0000.160
-00.9609	-00.6582	0000.161
-00.9670	-00.6634	0000.162
-00.9737	-00.6683	0000.163
-00.9792	-00.6732	0000.164
-00.9853	-00.6784	0000.165
-00.9914	-00.6826	0000.166
-00.9972	-00.6875	0000.167
-01.0027	-00.6918	0000.168
-01.0091	-00.6970	0000.169
-01.0152	-00.7013	0000.170
-01.0210	-00.7061	0000.171
-01.0271	-00.7104	0000.172
-01.0329	-00.7150	0000.173
-01.0396	-00.7193	0000.174
-01.0451	-00.7238	0000.175
-01.0509	-00.7278	0000.176
-01.0576	-00.7324	0000.177
-01.0634	-00.7370	0000.178
-01.0692	-00.7409	0000.179
-01.0753	-00.7446	0000.180
-01.0811	-00.7492	0000.181
-01.0875	-00.7534	0000.182
-01.0927	-00.7574	0000.183
-01.0997	-00.7611	0000.184
-01.1052	-00.7656	0000.185
-01.1116	-00.7690	0000.186
-01.1174	-00.7736	0000.187
-01.1232	-00.7779	0000.188
-01.1293	-00.7812	0000.189
-01.1351	-00.7852	0000.190
-01.1415	-00.7888	0000.191
-01.1477	-00.7931	0000.192
-01.1531	-00.7962	0000.193
-01.1592	-00.8004	0000.194
-01.1654	-00.8038	0000.195
-01.1708	-00.8078	0000.196
-01.1769	-00.8114	0000.197
-01.1831	-00.8151	0000.198
-01.1892	-00.8191	0000.199
-01.1953	-00.8227	0000.200
-01.2017	-00.8258	0000.201
-01.2078	-00.8294	0000.202
-01.2133	-00.8331	0000.203
-01.2197	-00.8365	0000.204
-01.2252	-00.8404	0000.205
-01.2316	-00.8441	0000.206
-01.2374	-00.8471	0000.207
-01.2432	-00.8505	0000.208
-01.2496	-00.8538	0000.209
-01.2554	-00.8572	0000.210
-01.2612	-00.8609	0000.211
-01.2676	-00.8636	0000.212
-01.2740	-00.8673	0000.213
-01.2798	-00.8706	0000.214
-01.2853	-00.8737	0000.215
-01.2917	-00.8767	0000.216
-01.2978	-00.8804	0000.217
-01.3036	-00.8834	0000.218
-01.3097	-00.8865	0000.219
-01.3158	-00.8896	0000.220
-01.3219	-00.8932	0000.221
-01.3274	-00.8963	0000.222
-01.3332	-00.8993	0000.223
-01.3393	-00.9024	0000.224
-01.3457	-00.9057	0000.225
-01.3515	-00.9088	0000.226
-01.3576	-00.9118	0000.227
-01.3643	-00.9146	0000.228
-01.3698	-00.9176	0000.229
-01.3759	-00.9207	0000.230
-01.3817	-00.9234	0000.231
-01.3878	-00.9265	0000.232
-01.3939	-00.9295	0000.233
-01.4003	-00.9320	0000.234
-01.4058	-00.9353	0000.235
-01.4119	-00.9381	0000.236
-01.4180	-00.9408	0000.237
-01.4238	-00.9439	0000.238
-01.4296	-00.9469	0000.239
-01.4360	-00.9497	0000.240
-01.4421	-00.9527	0000.241
-01.4476	-00.9555	0000.242
-01.4534	-00.9579	0000.243
-01.4602	-00.9607	0000.244
-01.4660	-00.9634	0000.245
-01.4721	-00.9661	0000.246
-01.4772	-00.9689	0000.247
-01.4837	-00.9716	0000.248
-01.4901	-00.9747	0000.249
-01.4962	-00.9774	0000.250
-01.5017	-00.9796	0000.251
-01.5081	-00.9826	0000.252
-01.5136	-00.9851	0000.253
-01.5197	-00.9878	0000.254
-01.5258	-00.9909	0000.255
-01.5322	-00.9933	0000.256
-01.5380	-00.9958	0000.257
-01.5438	-00.9985	0000.258
-01.5496	-01.0012	0000.259
-01.5557	-01.0037	0000.260
-01.5618	-01.0064	0000.261
-01.5679	-01.0083	0000.262
-01.5743	-01.0110	0000.263
-01.5798	-01.0135	0000.264
-01.5859	-01.0165	0000.265
-01.5920	-01.0193	0000.266
-01.5978	-01.0211	0000.267
-01.6042	-01.0238	0000.268
-01.6100	-01.0263	0000.269
-01.6161	-01.0284	0000.270
-01.6222	-01.0312	0000.271
-01.6280	-01.0336	0000.272
-01.6341	-01.0363	0000.273
-01.6405	-01.0382	0000.274
-01.6460	-01.0412	0000.275
-01.6521	-01.0434	0000.276
-01.6579	-01.0455	0000.277
-01.6646	-01.0485	0000.278
-01.6698	-01.0510	0000.279
-01.6765	-01.0528	0000.280
-01.6823	-01.0559	0000.281
-01.6878	-01.0580	0000.282
-01.6945	-01.0601	0000.283
-01.7000	-01.0626	0000.284
-01.7061	-01.0647	0000.285
-01.7122	-01.0672	0000.286
-01.7180	-01.0699	0000.287
-01.7241	-01.0714	0000.288
-01.7302	-01.0742	0000.289
-01.7363	-01.0763	0000.290
-01.7424	-01.0785	0000.291
-01.7482	-01.0812	0000.292
-01.7543	-01.0833	0000.293
-01.7601	-01.0858	0000.294
-01.7659	-01.0876	0000.295
-01.7723	-01.0901	0000.296
-01.7781	-01.0928	0000.297
-01.7842	-01.0943	0000.298
-01.7904	-01.0971	0000.299
-01.7962	-01.0989	0000.300
-01.8026	-01.1010	0000.301
-01.8084	-01.1035	0000.302
-01.8148	-01.1062	0000.303
-01.8203	-01.1081	0000.304
-01.8267	-01.1102	0000.305
-01.8319	-01.1123	0000.306
-01.8380	-01.1148	0000.307
-01.8450	-01.1166	0000.308
-01.8502	-01.1193	0000.309
-01.8560	-01.1209	0000.310
-01.8627	-01.1230	0000.311
-01.8685	-01.1255	0000.312
-01.8746	-01.1276	0000.313
-01.8807	-01.1294	0000.314
-01.8862	-01.1322	0000.315
-01.8926	-01.1340	0000.316
-01.8984	-01.1367	0000.317
-01.9042	-01.1386	0000.318
-01.9106	-01.1404	0000.319
-01.9164	-01.1422	0000.320
-01.9222	-01.1447	0000.321
-01.9286	-01.1468	0000.322
-01.9344	-01.1490	0000.323
-01.9402	-01.1514	0000.324
-01.9466	-01.1532	0000.325
-01.9527	-01.1554	0000.326
-01.9582	-01.1575	0000.327
-01.9643	-01.1596	0000.328
-01.9707	-01.1618	0000.329
-01.9765	-01.1636	0000.330
-01.9826	-01.1660	0000.331
-01.9887	-01.1679	0000.332
-01.9948	-01.1697	0000.333
-02.0009	-01.1721	0000.334
-02.0067	-01.1734	0000.335
-02.0125	-01.1761	0000.336
-02.0186	-01.1782	0000.337
-02.0247	-01.1801	0000.338
-02.0299	-01.1822	0000.339
-02.0366	-01.1840	0000.340
-02.0421	-01.1862	0000.341
-02.0485	-01.1880	0000.342
-02.0546	-01.1905	0000.343
-02.0604	-01.1923	0000.344
-02.0668	-01.1941	0000.345
-02.0723	-01.1963	0000.346
-02.0781	-01.1984	0000.347
-02.0845	-01.1999	0000.348
-02.0913	-01.2024	0000.349
-02.0964	-01.2042	0000.350
-02.1032	-01.2060	0000.351
-02.1087	-01.2082	0000.352
-02.1151	-01.2103	0000.353
-02.1212	-01.2115	0000.354
-02.1267	-01.2140	0000.355
-02.1325	-01.2164	0000.356
-02.1389	-01.2182	0000.357
-02.1447	-01.2198	0000.358
-02.1508	-01.2219	0000.359
-02.1569	-01.2240	0000.360
-02.1627	-01.2252	0000.361
-02.1694	-01.2280	0000.362
-02.1746	-01.2298	0000.363
-02.1810	-01.2320	0000.364
-02.1871	-01.2335	0000.365
-02.1926	-01.2359	0000.366
-02.1990	-01.2375	0000.367
-02.2051	-01.2396	0000.368
-02.2115	-01.2411	0000.369
-02.2173	-01.2432	0000.370
-02.2231	-01.2454	0000.371
-02.2292	-01.2472	0000.372
-02.2353	-01.2490	0000.373
-02.2414	-01.2512	0000.374
-02.2472	-01.2530	0000.375
-02.2533	-01.2548	0000.376
-02.2588	-01.2570	0000.377
-02.2649	-01.2585	0000.378
-02.2710	-01.2606	0000.379
-02.2771	-01.2622	0000.380
-02.2829	-01.2643	0000.381
-02.2890	-01.2664	0000.382
-02.2957	-01.2683	0000.383
-02.3015	-01.2698	0000.384
-02.3070	-01.2719	0000.385
-02.3131	-01.2741	0000.386
-02.3189	-01.2759	0000.387
-02.3253	-01.2774	0000.388
-02.3308	-01.2793	0000.389
-02.3372	-01.2808	0000.390
-02.3430	-01.2832	0000.391
-02.3488	-01.2848	0000.392
-02.3549	-01.2869	0000.393
-02.3607	-01.2881	0000.394
-02.3671	-01.2906	0000.395
-02.3738	-01.2924	0000.396
-02.3787	-01.2936	0000.397
-02.3851	-01.2957	0000.398
-02.3915	-01.2979	0000.399
-02.3973	-01.2997	0000.400
-02.4031	-01.3012	0000.401
-02.4089	-01.3031	0000.402
-02.4157	-01.3052	0000.403
-02.4208	-01.3070	0000.404
-02.4273	-01.3089	0000.405
-02.4334	-01.3104	0000.406
-02.4385	-01.3125	0000.407
-02.4453	-01.3141	0000.408
-02.4508	-01.3159	0000.409
-02.4575	-01.3177	0000.410
-02.4636	-01.3198	0000.411
-02.4688	-01.3211	0000.412
-02.4752	-01.3235	0000.413
-02.4813	-01.3247	0000.414
-02.4874	-01.3272	0000.415
-02.4932	-01.3284	0000.416
-02.4993	-01.3302	0000.417
-02.5048	-01.3321	0000.418
-02.5115	-01.3339	0000.419
-02.5170	-01.3357	0000.420
-02.5228	-01.3375	0000.421
-02.5295	-01.3394	0000.422
-02.5356	-01.3412	0000.423
-02.5411	-01.3427	0000.424
-02.5475	-01.3449	0000.425
-02.5533	-01.3461	0000.426
-02.5588	-01.3482	0000.427
-02.5655	-01.3498	0000.428
-02.5710	-01.3513	0000.429
-02.5768	-01.3531	0000.430
-02.5832	-01.3549	0000.431
-02.5893	-01.3568	0000.432
-02.5951	-01.3586	0000.433
-02.6015	-01.3604	0000.434
-02.6076	-01.3623	0000.435
-02.6128	-01.3638	0000.436
-02.6198	-01.3653	0000.437
-02.6259	-01.3672	0000.438
-02.6317	-01.3690	0000.439
-02.6375	-01.3708	0000.440
-02.6433	-01.3723	0000.441
-02.6497	-01.3742	0000.442
-02.6555	-01.3754	0000.443
-02.6607	-01.3775	0000.444
-02.6671	-01.3794	0000.445
-02.6735	-01.3809	0000.446
-02.6793	-01.3824	0000.447
-02.6854	-01.3842	0000.448
-02.6915	-01.3855	0000.449
-02.6970	-01.3873	0000.450
-02.7028	-01.3891	0000.451
-02.7095	-01.3913	0000.452
-02.7160	-01.3922	0000.453
-02.7214	-01.3940	0000.454
-02.7279	-01.3961	0000.455
-02.7333	-01.3977	0000.456
-02.7398	-01.3992	0000.457
-02.7462	-01.4007	0000.458
-02.7514	-01.4026	0000.459
-02.7571	-01.4041	0000.460
-02.7636	-01.4053	0000.461
-02.7691	-01.4071	0000.462
-02.7764	-01.4090	0000.463
-02.7816	-01.4105	0000.464
-02.7877	-01.4123	0000.465
-02.7938	-01.4138	0000.466
-02.7996	-01.4157	0000.467
-02.8051	-01.4169	0000.468
-02.8115	-01.4184	0000.469
-02.8182	-01.4206	0000.470
-02.8237	-01.4212	0000.471
-02.8298	-01.4236	0000.472
-02.8359	-01.4251	0000.473
-02.8411	-01.4270	0000.474
-02.8475	-01.4285	0000.475
-02.8536	-01.4297	0000.476
-02.8594	-01.4312	0000.477
-02.8655	-01.4328	0000.478
-02.8719	-01.4343	0000.479
-02.8771	-01.4361	0000.480
-02.8838	-01.4373	0000.481
-02.8902	-01.4392	0000.482
-02.8960	-01.4407	0000.483
-02.9012	-01.4419	0000.484
-02.9082	-01.4434	0000.485
-02.9140	-01.4456	0000.486
-02.9195	-01.4468	0000.487
-02.9256	-01.4480	0000.488
-02.9314	-01.4495	0000.489
-02.9375	-01.4514	0000.490
-02.9433	-01.4529	0000.491
-02.9500	-01.4541	0000.492
-02.9561	-01.4563	0000.493
-02.9622	-01.4575	0000.494
-02.9680	-01.4590	0000.495
-02.9738	-01.4602	0000.496
-02.9802	-01.4621	0000.497
-02.9854	-01.4636	0000.498
-02.9921	-01.4651	0000.499
-02.9982	-01.4663	0000.500
-03.0034	-01.4679	0000.501
-03.0095	-01.4691	0000.502
-03.0153	-01.4709	0000.503
-03.0227	-01.4724	0000.504
-03.0278	-01.4737	0000.505
-03.0336	-01.4752	0000.506
-03.0397	-01.4767	0000.507
-03.0465	-01.4776	0000.508
-03.0516	-01.4792	0000.509
-03.0574	-01.4810	0000.510
-03.0635	-01.4825	0000.511
-03.0703	-01.4840	0000.512
-03.0758	-01.4853	0000.513
-03.0819	-01.4865	0000.514
-03.0873	-01.4874	0000.515
-03.0941	-01.4895	0000.516
-03.0999	-01.4907	0000.517
-03.1057	-01.4926	0000.518
-03.1124	-01.4938	0000.519
-03.1185	-01.4953	0000.520
-03.1240	-01.4969	0000.521
-03.1313	-01.4981	0000.522
-03.1362	-01.4996	0000.523
-03.1417	-01.5008	0000.524
-03.1478	-01.5023	0000.525
-03.1533	-01.5039	0000.526
-03.1597	-01.5054	0000.527
-03.1661	-01.5066	0000.528
-03.1722	-01.5078	0000.529
-03.1780	-01.5094	0000.530
-03.1838	-01.5106	0000.531
-03.1905	-01.5124	0000.532
-03.1960	-01.5133	0000.533
-03.2024	-01.5149	0000.534
-03.2085	-01.5167	0000.535
-03.2143	-01.5176	0000.536
-03.2201	-01.5191	0000.537
-03.2265	-01.5207	0000.538
-03.2317	-01.5219	0000.539
-03.2381	-01.5231	0000.540
-03.2445	-01.5246	0000.541
-03.2503	-01.5261	0000.542
-03.2561	-01.5274	0000.543
-03.2625	-01.5286	0000.544
-03.2674	-01.5301	0000.545
-03.2741	-01.5316	0000.546
-03.2805	-01.5329	0000.547
-03.2863	-01.5335	0000.548
-03.2921	-01.5353	0000.549
-03.2982	-01.5365	0000.550
-03.3043	-01.5384	0000.551
-03.3104	-01.5396	0000.552
-03.3162	-01.5405	0000.553
-03.3217	-01.5423	0000.554
-03.3284	-01.5432	0000.555
-03.3345	-01.5445	0000.556
-03.3397	-01.5457	0000.557
-03.3461	-01.5472	0000.558
-03.3525	-01.5484	0000.559
-03.3583	-01.5500	0000.560
-03.3641	-01.5509	0000.561
-03.3699	-01.5524	0000.562
-03.3764	-01.5536	0000.563
-03.3825	-01.5548	0000.564
-03.3876	-01.5561	0000.565
-03.3934	-01.5573	0000.566
-03.4002	-01.5582	0000.567
-03.4060	-01.5600	0000.568
-03.4121	-01.5612	0000.569
-03.4188	-01.5625	0000.570
-03.4246	-01.5634	0000.571
-03.4301	-01.5649	0000.572
-03.4362	-01.5658	0000.573
-03.4420	-01.5677	0000.574
-03.4487	-01.5683	0000.575
-03.4551	-01.5698	0000.576
-03.4612	-01.5707	0000.577
-03.4667	-01.5719	0000.578
-03.4725	-01.5731	0000.579
-03.4783	-01.5744	0000.580
-03.4847	-01.5756	0000.581
-03.4908	-01.5768	0000.582
-03.4969	-01.5777	0000.583
-03.5027	-01.5792	0000.584
-03.5091	-01.5802	0000.585
-03.5146	-01.5817	0000.586
-03.5207	-01.5823	0000.587
-03.5271	-01.5835	0000.588
-03.5329	-01.5841	0000.589
-03.5387	-01.5857	0000.590
-03.5436	-01.5866	0000.591
-03.5503	-01.5881	0000.592
-03.5567	-01.5890	0000.593
-03.5631	-01.5899	0000.594
-03.5683	-01.5911	0000.595
-03.5747	-01.5927	0000.596
-03.5808	-01.5930	0000.597
-03.5869	-01.5939	0000.598
-03.5930	-01.5954	0000.599
-03.5994	-01.5963	0000.600
-03.6040	-01.5973	0000.601
-03.6107	-01.5982	0000.602
-03.6168	-01.5994	0000.603
-03.6229	-01.6003	0000.604
-03.6290	-01.6015	0000.605
-03.6358	-01.6024	0000.606
-03.6403	-01.6034	0000.607
-03.6467	-01.6046	0000.608
-03.6531	-01.6055	0000.609
-03.6586	-01.6067	0000.610
-03.6650	-01.6073	0000.611
-03.6715	-01.6082	0000.612
-03.6773	-01.6089	0000.613
-03.6824	-01.6104	0000.614
-03.6889	-01.6113	0000.615
-03.6943	-01.6116	0000.616
-03.7011	-01.6131	0000.617
-03.7069	-01.6143	0000.618
-03.7127	-01.6146	0000.619
-03.7191	-01.6159	0000.620
-03.7249	-01.6171	0000.621
-03.7316	-01.6171	0000.622
-03.7371	-01.6183	0000.623
-03.7426	-01.6192	0000.624
-03.7484	-01.6204	0000.625
-03.7557	-01.6211	0000.626
-03.7606	-01.6220	0000.627
-03.7673	-01.6229	0000.628
-03.7734	-01.6235	0000.629
-03.7786	-01.6241	0000.630
-03.7847	-01.6253	0000.631
-03.7911	-01.6262	0000.632
-03.7969	-01.6269	0000.633
-03.8030	-01.6275	0000.634
-03.8094	-01.6290	0000.635
-03.8149	-01.6293	0000.636
-03.8213	-01.6299	0000.637
-03.8271	-01.6305	0000.638
-03.8332	-01.6317	0000.639
-03.8393	-01.6323	0000.640
-03.8454	-01.6333	0000.641
-03.8506	-01.6339	0000.642
-03.8573	-01.6345	0000.643
-03.8628	-01.6354	0000.644
-03.8695	-01.6363	0000.645
-03.8750	-01.6366	0000.646
-03.8811	-01.6375	0000.647
-03.8875	-01.6381	0000.648
-03.8930	-01.6391	0000.649
-03.8994	-01.6397	0000.650
-03.9052	-01.6403	0000.651
-03.9110	-01.6412	0000.652
-03.9174	-01.6421	0000.653
-03.9232	-01.6424	0000.654
-03.9290	-01.6439	0000.655
-03.9357	-01.6439	0000.656
-03.9406	-01.6443	0000.657
-03.9473	-01.6452	0000.658
-03.9531	-01.6455	0000.659
-03.9589	-01.6467	0000.660
-03.9650	-01.6470	0000.661
-03.9711	-01.6479	0000.662
-03.9775	-01.6485	0000.663
-03.9840	-01.6488	0000.664
-03.9888	-01.6500	0000.665
-03.9943	-01.6504	0000.666
-04.0014	-01.6504	0000.667
-04.0071	-01.6513	0000.668
-04.0139	-01.6519	0000.669
-04.0197	-01.6525	0000.670
-04.0248	-01.6531	0000.671
-04.0310	-01.6537	0000.672
-04.0374	-01.6546	0000.673
-04.0435	-01.6552	0000.674
-04.0493	-01.6552	0000.675
-04.0554	-01.6558	0000.676
-04.0618	-01.6562	0000.677
-04.0673	-01.6568	0000.678
-04.0734	-01.6574	0000.679
-04.0798	-01.6583	0000.680
-04.0853	-01.6586	0000.681
-04.0914	-01.6592	0000.682
-04.0978	-01.6601	0000.683
-04.1039	-01.6601	0000.684
-04.1094	-01.6610	0000.685
-04.1152	-01.6610	0000.686
-04.1210	-01.6616	0000.687
-04.1274	-01.6620	0000.688
-04.1338	-01.6629	0000.689
-04.1390	-01.6635	0000.690
-04.1451	-01.6644	0000.691
-04.1521	-01.6644	0000.692
-04.1576	-01.6647	0000.693
-04.1634	-01.6656	0000.694
-04.1692	-01.6659	0000.695
-04.1759	-01.6662	0000.696
-04.1817	-01.6671	0000.697
-04.1875	-01.6668	0000.698
-04.1936	-01.6681	0000.699
-04.2000	-01.6687	0000.700
-04.2058	-01.6690	0000.701
-04.2107	-01.6690	0000.702
-04.2177	-01.6696	0000.703
-04.2238	-01.6705	0000.704
-04.2299	-01.6708	0000.705
-04.2360	-01.6708	0000.706
-04.2418	-01.6714	0000.707
-04.2476	-01.6720	0000.708
-04.2537	-01.6723	0000.709
-04.2604	-01.6732	0000.710
-04.2653	-01.6739	0000.711
-04.2717	-01.6739	0000.712
-04.2769	-01.6742	0000.713
-04.2836	-01.6748	0000.714
-04.2897	-01.6751	0000.715
-04.2949	-01.6754	0000.716
-04.3026	-01.6766	0000.717
-04.3074	-01.6766	0000.718
-04.3142	-01.6772	0000.719
-04.3196	-01.6772	0000.720
-04.3261	-01.6775	0000.721
-04.3316	-01.6784	0000.722
-04.3370	-01.6784	0000.723
-04.3444	-01.6790	0000.724
-04.3489	-01.6797	0000.725
-04.3560	-01.6800	0000.726
-04.3624	-01.6803	0000.727
-04.3670	-01.6806	0000.728
-04.3740	-01.6812	0000.729
-04.3798	-01.6812	0000.730
-04.3859	-01.6818	0000.731
-04.3920	-01.6824	0000.732
-04.3981	-01.6824	0000.733
-04.4033	-01.6830	0000.734
-04.4100	-01.6839	0000.735
-04.4161	-01.6842	0000.736
-04.4219	-01.6839	0000.737
-04.4277	-01.6848	0000.738
-04.4341	-01.6848	0000.739
-04.4402	-01.6854	0000.740
-04.4460	-01.6861	0000.741
-04.4518	-01.6861	0000.742
-04.4582	-01.6867	0000.743
-04.4640	-01.6867	0000.744
-04.4701	-01.6873	0000.745
-04.4756	-01.6876	0000.746
-04.4823	-01.6876	0000.747
-04.4875	-01.6885	0000.748
-04.4942	-01.6888	0000.749
-04.5000	-01.6885	0000.750
-04.5055	-01.6897	0000.751
-04.5006	-01.6894	0000.752
-04.4930	-01.6897	0000.753
-04.4884	-01.6897	0000.754
-04.4829	-01.6900	0000.755
-04.4762	-01.6900	0000.756
-04.4704	-01.6909	0000.757
-04.4643	-01.6903	0000.758
-04.4582	-01.6900	0000.759
-04.4527	-01.6909	0000.760
-04.4472	-01.6906	0000.761
-04.4399	-01.6906	0000.762
-04.4350	-01.6909	0000.763
-04.4277	-01.6906	0000.764
-04.4219	-01.6909	0000.765
-04.4158	-01.6906	0000.766
-04.4097	-01.6909	0000.767
-04.4048	-01.6909	0000.768
-04.3981	-01.6909	0000.769
-04.3917	-01.6909	0000.770
-04.3859	-01.6912	0000.771
-04.3804	-01.6912	0000.772
-04.3740	-01.6912	0000.773
-04.3679	-01.6916	0000.774
-04.3624	-01.6909	0000.775
-04.3554	-01.6916	0000.776
-04.3499	-01.6919	0000.777
-04.3438	-01.6916	0000.778
-04.3377	-01.6912	0000.779
-04.3325	-01.6919	0000.780
-04.3264	-01.6916	0000.781
-04.3209	-01.6916	0000.782
-04.3142	-01.6916	0000.783
-04.3081	-01.6916	0000.784
-04.3016	-01.6919	0000.785
-04.2955	-01.6916	0000.786
-04.2904	-01.6916	0000.787
-04.2836	-01.6919	0000.788
-04.2788	-01.6919	0000.789
-04.2727	-01.6916	0000.790
-04.2662	-01.6922	0000.791
-04.2592	-01.6919	0000.792
-04.2540	-01.6919	0000.793
-04.2479	-01.6916	0000.794
-04.2406	-01.6916	0000.795
-04.2363	-01.6919	0000.796
-04.2299	-01.6919	0000.797
-04.2232	-01.6919	0000.798
-04.2183	-01.6919	0000.799
-04.2116	-01.6922	0000.800
-04.2058	-01.6916	0000.801
-04.1997	-01.6919	0000.802
-04.1942	-01.6916	0000.803
-04.1881	-01.6916	0000.804
-04.1820	-01.6916	0000.805
-04.1756	-01.6919	0000.806
-04.1698	-01.6912	0000.807
-04.1634	-01.6919	0000.808
-04.1576	-01.6912	0000.809
-04.1521	-01.6912	0000.810
-04.1454	-01.6919	0000.811
-04.1396	-01.6916	0000.812
-04.1338	-01.6912	0000.813
-04.1283	-01.6912	0000.814
-04.1210	-01.6916	0000.815
-04.1158	-01.6912	0000.816
-04.1094	-01.6912	0000.817
-04.1039	-01.6912	0000.818
-04.0978	-01.6912	0000.819
-04.0923	-01.6912	0000.820
-04.0850	-01.6912	0000.821
-04.0798	-01.6912	0000.822
-04.0731	-01.6912	0000.823
-04.0679	-01.6909	0000.824
-04.0615	-01.6912	0000.825
-04.0557	-01.6909	0000.826
-04.0496	-01.6906	0000.827
-04.0441	-01.6909	0000.828
-04.0383	-01.6916	0000.829
-04.0319	-01.6906	0000.830
-04.0264	-01.6909	0000.831
-04.0200	-01.6906	0000.832
-04.0139	-01.6909	0000.833
-04.0081	-01.6906	0000.834
-04.0023	-01.6906	0000.835
-03.9952	-01.6903	0000.836
-03.9904	-01.6903	0000.837
-03.9833	-01.6903	0000.838
-03.9779	-01.6903	0000.839
-03.9717	-01.6903	0000.840
-03.9663	-01.6903	0000.841
-03.9598	-01.6903	0000.842
-03.9537	-01.6903	0000.843
-03.9483	-01.6897	0000.844
-03.9415	-01.6903	0000.845
-03.9348	-01.6903	0000.846
-03.9299	-01.6894	0000.847
-03.9238	-01.6900	0000.848
-03.9177	-01.6897	0000.849
-03.9113	-01.6897	0000.850
-03.9052	-01.6894	0000.851
-03.9003	-01.6894	0000.852
-03.8933	-01.6894	0000.853
-03.8878	-01.6894	0000.854
-03.8817	-01.6894	0000.855
-03.8753	-01.6894	0000.856
-03.8695	-01.6891	0000.857
-03.8634	-01.6894	0000.858
-03.8573	-01.6891	0000.859
-03.8509	-01.6888	0000.860
-03.8454	-01.6891	0000.861
-03.8393	-01.6891	0000.862
-03.8332	-01.6891	0000.863
-03.8280	-01.6885	0000.864
-03.8213	-01.6891	0000.865
-03.8155	-01.6888	0000.866
-03.8100	-01.6891	0000.867
-03.8036	-01.6882	0000.868
-03.7969	-01.6885	0000.869
-03.7914	-01.6885	0000.870
-03.7850	-01.6876	0000.871
-03.7801	-01.6885	0000.872
-03.7737	-01.6882	0000.873
-03.7679	-01.6885	0000.874
-03.7606	-01.6879	0000.875
-03.7551	-01.6882	0000.876
-03.7496	-01.6879	0000.877
-03.7435	-01.6876	0000.878
-03.7374	-01.6876	0000.879
-03.7313	-01.6873	0000.880
-03.7255	-01.6873	0000.881
-03.7197	-01.6873	0000.882
-03.7130	-01.6867	0000.883
-03.7078	-01.6873	0000.884
-03.7011	-01.6873	0000.885
-03.6953	-01.6870	0000.886
-03.6895	-01.6870	0000.887
-03.6831	-01.6873	0000.888
-03.6766	-01.6867	0000.889
-03.6712	-01.6867	0000.890
-03.6647	-01.6870	0000.891
-03.6589	-01.6864	0000.892
-03.6535	-01.6864	0000.893
-03.6470	-01.6867	0000.894
-03.6415	-01.6864	0000.895
-03.6345	-01.6864	0000.896
-03.6281	-01.6858	0000.897
-03.6229	-01.6861	0000.898
-03.6171	-01.6861	0000.899
-03.6104	-01.6858	0000.900
-03.6052	-01.6854	0000.901
-03.5994	-01.6861	0000.902
-03.5927	-01.6858	0000.903
-03.5872	-01.6858	0000.904
-03.5805	-01.6858	0000.905
-03.5741	-01.6848	0000.906
-03.5689	-01.6851	0000.907
-03.5631	-01.6848	0000.908
-03.5579	-01.6848	0000.909
-03.5506	-01.6845	0000.910
-03.5454	-01.6845	0000.911
-03.5393	-01.6845	0000.912
-03.5329	-01.6848	0000.913
-03.5265	-01.6845	0000.914
-03.5207	-01.6845	0000.915
-03.5143	-01.6842	0000.916
-03.5091	-01.6839	0000.917
-03.5027	-01.6839	0000.918
-03.4972	-01.6839	0000.919
-03.4911	-01.6836	0000.920
-03.4853	-01.6836	0000.921
-03.4786	-01.6836	0000.922
-03.4731	-01.6836	0000.923
-03.4661	-01.6833	0000.924
-03.4603	-01.6833	0000.925
-03.4551	-01.6833	0000.926
-03.4484	-01.6833	0000.927
-03.4435	-01.6833	0000.928
-03.4368	-01.6830	0000.929
-03.4310	-01.6830	0000.930
-03.4240	-01.6830	0000.931
-03.4182	-01.6824	0000.932
-03.4127	-01.6824	0000.933
-03.4066	-01.6824	0000.934
-03.4008	-01.6824	0000.935
-03.3947	-01.6821	0000.936
-03.3883	-01.6821	0000.937
-03.3831	-01.6821	0000.938
-03.3770	-01.6818	0000.939
-03.3709	-01.6815	0000.940
-03.3648	-01.6815	0000.941
-03.3583	-01.6818	0000.942
-03.3522	-01.6812	0000.943
-03.3471	-01.6812	0000.944
-03.3400	-01.6812	0000.945
-03.3342	-01.6809	0000.946
-03.3281	-01.6806	0000.947
-03.3220	-01.6812	0000.948
-03.3168	-01.6806	0000.949
-03.3107	-01.6806	0000.950
-03.3049	-01.6806	0000.951
-03.2982	-01.6806	0000.952
-03.2924	-01.6803	0000.953
-03.2863	-01.6803	0000.954
-03.2805	-01.6800	0000.955
-03.2744	-01.6797	0000.956
-03.2680	-01.6806	0000.957
-03.2625	-01.6793	0000.958
-03.2564	-01.6793	0000.959
-03.2500	-01.6797	0000.960
-03.2451	-01.6793	0000.961
-03.2387	-01.6790	0000.962
-03.2326	-01.6790	0000.963
-03.2265	-01.6790	0000.964
-03.2201	-01.6787	0000.965
-03.2149	-01.6790	0000.966
-03.2088	-01.6784	0000.967
-03.2021	-01.6784	0000.968
-03.1963	-01.6784	0000.969
-03.1902	-01.6781	0000.970
-03.1847	-01.6781	0000.971
-03.1783	-01.6778	0000.972
-03.1722	-01.6781	0000.973
-03.1670	-01.6778	0000.974
-03.1600	-01.6778	0000.975
-03.1539	-01.6781	0000.976
-03.1481	-01.6769	0000.977
-03.1420	-01.6772	0000.978
-03.1365	-01.6772	0000.979
-03.1301	-01.6769	0000.980
-03.1246	-01.6772	0000.981
-03.1185	-01.6766	0000.982
-03.1118	-01.6766	0000.983
-03.1063	-01.6769	0000.984
-03.1002	-01.6763	0000.985
-03.0941	-01.6760	0000.986
-03.0880	-01.6763	0000.987
-03.0828	-01.6763	0000.988
-03.0758	-01.6757	0000.989
-03.0700	-01.6757	0000.990
-03.0645	-01.6757	0000.991
-03.0584	-01.6754	0000.992
-03.0526	-01.6757	0000.993
-03.0462	-01.6748	0000.994
-03.0404	-01.6754	0000.995
-03.0342	-01.6748	0000.996
-03.0281	-01.6748	0000.997
-03.0214	-01.6748	0000.998
-03.0162	-01.6742	0000.999
-03.0098	-01.6748	0001.000
-03.0040	-01.6748	0001.001
-02.9982	-01.6742	0001.002
-02.9921	-01.6745	0001.003
-02.9854	-01.6739	0001.004
-02.9799	-01.6739	0001.005
-02.9738	-01.6739	0001.006
-02.9683	-01.6732	0001.007
-02.9628	-01.6735	0001.008
-02.9564	-01.6735	0001.009
-02.9497	-01.6726	0001.010
-02.9442	-01.6726	0001.011
-02.9378	-01.6729	0001.012
-02.9320	-01.6732	0001.013
-02.9265	-01.6723	0001.014
-02.9204	-01.6723	0001.015
-02.9137	-01.6720	0001.016
-02.9082	-01.6720	0001.017
-02.9015	-01.6717	0001.018
-02.8957	-01.6726	0001.019
-02.8902	-01.6711	0001.020
-02.8844	-01.6717	0001.021
-02.8780	-01.6714	0001.022
-02.8725	-01.6708	0001.023
-02.8664	-01.6711	0001.024
-02.8600	-01.6708	0001.025
-02.8548	-01.6711	0001.026
-02.8484	-01.6705	0001.027
-02.8420	-01.6705	0001.028
-02.8359	-01.6702	0001.029
-02.8298	-01.6702	0001.030
-02.8237	-01.6702	0001.031
-02.8182	-01.6696	0001.032
-02.8121	-01.6696	0001.033
-02.8063	-01.6696	0001.034
-02.7996	-01.6693	0001.035
-02.7935	-01.6693	0001.036
-02.7877	-01.6693	0001.037
-02.7819	-01.6690	0001.038
-02.7764	-01.6690	0001.039
-02.7700	-01.6687	0001.040
-02.7636	-01.6684	0001.041
-02.7581	-01.6684	0001.042
-02.7520	-01.6681	0001.043
-02.7462	-01.6681	0001.044
-02.7398	-01.6681	0001.045
-02.7333	-01.6681	0001.046
-02.7279	-01.6677	0001.047
-02.7214	-01.6674	0001.048
-02.7163	-01.6674	0001.049
-02.7098	-01.6671	0001.050
-02.7037	-01.6674	0001.051
-02.6973	-01.6671	0001.052
-02.6918	-01.6665	0001.053
-02.6854	-01.6662	0001.054
-02.6799	-01.6662	0001.055
-02.6738	-01.6662	0001.056
-02.6671	-01.6662	0001.057
-02.6613	-01.6659	0001.058
-02.6555	-01.6656	0001.059
-02.6494	-01.6653	0001.060
-02.6433	-01.6653	0001.061
-02.6384	-01.6653	0001.062
-02.6317	-01.6650	0001.063
-02.6253	-01.6653	0001.064
-02.6198	-01.6647	0001.065
-02.6131	-01.6641	0001.066
-02.6076	-01.6641	0001.067
-02.6018	-01.6644	0001.068
-02.5957	-01.6641	0001.069
-02.5899	-01.6641	0001.070
-02.5841	-01.6635	0001.071
-02.5777	-01.6635	0001.072
-02.5719	-01.6635	0001.073
-02.5655	-01.6635	0001.074
-02.5600	-01.6629	0001.075
-02.5539	-01.6626	0001.076
-02.5478	-01.6629	0001.077
-02.5414	-01.6626	0001.078
-02.5356	-01.6626	0001.079
-02.5289	-01.6620	0001.080
-02.5237	-01.6620	0001.081
-02.5173	-01.6623	0001.082
-02.5112	-01.6616	0001.083
-02.5054	-01.6613	0001.084
-02.4996	-01.6616	0001.085
-02.4938	-01.6613	0001.086
-02.4874	-01.6607	0001.087
-02.4816	-01.6610	0001.088
-02.4761	-01.6604	0001.089
-02.4700	-01.6601	0001.090
-02.4633	-01.6604	0001.091
-02.4578	-01.6598	0001.092
-02.4517	-01.6598	0001.093
-02.4456	-01.6598	0001.094
-02.4392	-01.6595	0001.095
-02.4337	-01.6598	0001.096
-02.4279	-01.6589	0001.097
-02.4215	-01.6595	0001.098
-02.4157	-01.6589	0001.099
-02.4096	-01.6586	0001.100
-02.4035	-01.6589	0001.101
-02.3970	-01.6583	0001.102
-02.3915	-01.6583	0001.103
-02.3854	-01.6586	0001.104
-02.3790	-01.6577	0001.105
-02.3726	-01.6577	0001.106
-02.3674	-01.6571	0001.107
-02.3610	-01.6571	0001.108
-02.3555	-01.6574	0001.109
-02.3500	-01.6565	0001.110
-02.3430	-01.6568	0001.111
-02.3375	-01.6558	0001.112
-02.3314	-01.6565	0001.113
-02.3253	-01.6562	0001.114
-02.3192	-01.6558	0001.115
-02.3128	-01.6555	0001.116
-02.3070	-01.6552	0001.117
-02.3012	-01.6558	0001.118
-02.2954	-01.6549	0001.119
-02.2890	-01.6543	0001.120
-02.2835	-01.6546	0001.121
-02.2774	-01.6543	0001.122
-02.2713	-01.6543	0001.123
-02.2655	-01.6537	0001.124
-02.2594	-01.6537	0001.125
-02.2530	-01.6540	0001.126
-02.2472	-01.6537	0001.127
-02.2411	-01.6531	0001.128
-02.2350	-01.6531	0001.129
-02.2295	-01.6528	0001.130
-02.2234	-01.6531	0001.131
-02.2176	-01.6522	0001.132
-02.2112	-01.6525	0001.133
-02.2054	-01.6519	0001.134
-02.1993	-01.6519	0001.135
-02.1929	-01.6516	0001.136
-02.1871	-01.6516	0001.137
-02.1810	-01.6513	0001.138
-02.1758	-01.6513	0001.139
-02.1694	-01.6507	0001.140
-02.1636	-01.6504	0001.141
-02.1569	-01.6500	0001.142
-02.1511	-01.6504	0001.143
-02.1453	-01.6497	0001.144
-02.1389	-01.6497	0001.145
-02.1334	-01.6494	0001.146
-02.1270	-01.6491	0001.147
-02.1206	-01.6488	0001.148
-02.1151	-01.6485	0001.149
-02.1087	-01.6488	0001.150
-02.1032	-01.6482	0001.151
-02.0964	-01.6479	0001.152
-02.0903	-01.6479	0001.153
-02.0845	-01.6476	0001.154
-02.0787	-01.6473	0001.155
-02.0736	-01.6473	0001.156
-02.0668	-01.6467	0001.157
-02.0610	-01.6470	0001.158
-02.0556	-01.6467	0001.159
-02.0488	-01.6458	0001.160
-02.0433	-01.6464	0001.161
-02.0372	-01.6461	0001.162
-02.0305	-01.6455	0001.163
-02.0247	-01.6458	0001.164
-02.0195	-01.6452	0001.165
-02.0128	-01.6449	0001.166
-02.0073	-01.6449	0001.167
-02.0009	-01.6446	0001.168
-01.9951	-01.6439	0001.169
-01.9890	-01.6439	0001.170
-01.9826	-01.6439	0001.171
-01.9771	-01.6436	0001.172
-01.9710	-01.6433	0001.173
-01.9646	-01.6433	0001.174
-01.9588	-01.6427	0001.175
-01.9530	-01.6424	0001.176
-01.9466	-01.6424	0001.177
-01.9408	-01.6421	0001.178
-01.9344	-01.6415	0001.179
-01.9286	-01.6415	0001.180
-01.9225	-01.6415	0001.181
-01.9164	-01.6409	0001.182
-01.9106	-01.6409	0001.183
-01.9051	-01.6409	0001.184
-01.8984	-01.6406	0001.185
-01.8929	-01.6403	0001.186
-01.8868	-01.6400	0001.187
-01.8810	-01.6394	0001.188
-01.8746	-01.6397	0001.189
-01.8688	-01.6397	0001.190
-01.8627	-01.6385	0001.191
-01.8566	-01.6385	0001.192
-01.8508	-01.6381	0001.193
-01.8447	-01.6378	0001.194
-01.8389	-01.6378	0001.195
-01.8325	-01.6375	0001.196
-01.8267	-01.6372	0001.197
-01.8206	-01.6369	0001.198
-01.8142	-01.6366	0001.199
-01.8090	-01.6363	0001.200
-01.8026	-01.6363	0001.201
-01.7965	-01.6360	0001.202
-01.7910	-01.6357	0001.203
-01.7846	-01.6354	0001.204
-01.7785	-01.6354	0001.205
-01.7727	-01.6345	0001.206
-01.7662	-01.6345	0001.207
-01.7608	-01.6342	0001.208
-01.7553	-01.6339	0001.209
-01.7482	-01.6339	0001.210
-01.7421	-01.6336	0001.211
-01.7366	-01.6327	0001.212
-01.7302	-01.6330	0001.213
-01.7241	-01.6323	0001.214
-01.7183	-01.6323	0001.215
-01.7125	-01.6314	0001.216
-01.7067	-01.6314	0001.217
-01.7006	-01.6311	0001.218
-01.6939	-01.6311	0001.219
-01.6884	-01.6305	0001.220
-01.6820	-01.6302	0001.221
-01.6765	-01.6302	0001.222
-01.6710	-01.6302	0001.223
-01.6646	-01.6293	0001.224
-01.6576	-01.6290	0001.225
-01.6524	-01.6287	0001.226
-01.6463	-01.6284	0001.227
-01.6402	-01.6287	0001.228
-01.6344	-01.6278	0001.229
-01.6286	-01.6275	0001.230
-01.6219	-01.6269	0001.231
-01.6164	-01.6266	0001.232
-01.6103	-01.6269	0001.233
-01.6042	-01.6266	0001.234
-01.5981	-01.6262	0001.235
-01.5923	-01.6256	0001.236
-01.5865	-01.6253	0001.237
-01.5801	-01.6250	0001.238
-01.5743	-01.6241	0001.239
-01.5682	-01.6247	0001.240
-01.5621	-01.6238	0001.241
-01.5560	-01.6235	0001.242
-01.5502	-01.6232	0001.243
-01.5447	-01.6229	0001.244
-01.5380	-01.6226	0001.245
-01.5325	-01.6220	0001.246
-01.5258	-01.6217	0001.247
-01.5206	-01.6217	0001.248
-01.5139	-01.6211	0001.249
-01.5084	-01.6211	0001.250
-01.5026	-01.6208	0001.251
-01.4959	-01.6198	0001.252
-01.4907	-01.6195	0001.253
-01.4840	-01.6195	0001.254
-01.4779	-01.6189	0001.255
-01.4724	-01.6186	0001.256
-01.4663	-01.6186	0001.257
-01.4598	-01.6177	0001.258
-01.4544	-01.6180	0001.259
-01.4486	-01.6168	0001.260
-01.4418	-01.6171	0001.261
-01.4360	-01.6162	0001.262
-01.4296	-01.6159	0001.263
-01.4241	-01.6153	0001.264
-01.4174	-01.6146	0001.265
-01.4119	-01.6146	0001.266
-01.4061	-01.6146	0001.267
-01.4003	-01.6134	0001.268
-01.3942	-01.6134	0001.269
-01.3878	-01.6131	0001.270
-01.3823	-01.6125	0001.271
-01.3762	-01.6122	0001.272
-01.3701	-01.6116	0001.273
-01.3637	-01.6113	0001.274
-01.3576	-01.6113	0001.275
-01.3524	-01.6104	0001.276
-01.3460	-01.6101	0001.277
-01.3396	-01.6095	0001.278
-01.3341	-01.6092	0001.279
-01.3280	-01.6082	0001.280
-01.3225	-01.6082	0001.281
-01.3155	-01.6079	0001.282
-01.3103	-01.6076	0001.283
-01.3039	-01.6070	0001.284
-01.2978	-01.6064	0001.285
-01.2917	-01.6067	0001.286
-01.2859	-01.6058	0001.287
-01.2798	-01.6052	0001.288
-01.2740	-01.6043	0001.289
-01.2679	-01.6040	0001.290
-01.2618	-01.6037	0001.291
-01.2560	-01.6034	0001.292
-01.2493	-01.6021	0001.293
-01.2438	-01.6021	0001.294
-01.2377	-01.6015	0001.295
-01.2319	-01.6012	0001.296
-01.2258	-01.6006	0001.297
-01.2200	-01.6003	0001.298
-01.2136	-01.6000	0001.299
-01.2078	-01.5997	0001.300
-01.2020	-01.5988	0001.301
-01.1956	-01.5985	0001.302
-01.1898	-01.5982	0001.303
-01.1840	-01.5976	0001.304
-01.1776	-01.5966	0001.305
-01.1718	-01.5960	0001.306
-01.1657	-01.5957	0001.307
-01.1592	-01.5951	0001.308
-01.1535	-01.5945	0001.309
-01.1477	-01.5939	0001.310
-01.1412	-01.5933	0001.311
-01.1354	-01.5927	0001.312
-01.1293	-01.5924	0001.313
-01.1238	-01.5918	0001.314
-01.1181	-01.5908	0001.315
-01.1113	-01.5905	0001.316
-01.1055	-01.5899	0001.317
-01.0997	-01.5896	0001.318
-01.0933	-01.5893	0001.319
-01.0881	-01.5887	0001.320
-01.0817	-01.5878	0001.321
-01.0756	-01.5875	0001.322
-01.0695	-01.5863	0001.323
-01.0634	-01.5857	0001.324
-01.0579	-01.5850	0001.325
-01.0512	-01.5850	0001.326
-01.0457	-01.5838	0001.327
-01.0396	-01.5835	0001.328
-01.0332	-01.5829	0001.329
-01.0274	-01.5823	0001.330
-01.0216	-01.5817	0001.331
-01.0152	-01.5814	0001.332
-01.0097	-01.5808	0001.333
-01.0033	-01.5796	0001.334
-00.9972	-01.5789	0001.335
-00.9914	-01.5786	0001.336
-00.9856	-01.5780	0001.337
-00.9792	-01.5765	0001.338
-00.9734	-01.5762	0001.339
-00.9670	-01.5756	0001.340
-00.9612	-01.5750	0001.341
-00.9554	-01.5744	0001.342
-00.9496	-01.5738	0001.343
-00.9435	-01.5731	0001.344
-00.9374	-01.5719	0001.345
-00.9316	-01.5719	0001.346
-00.9252	-01.5707	0001.347
-00.9191	-01.5701	0001.348
-00.9130	-01.5692	0001.349
-00.9072	-01.5686	0001.350
-00.9014	-01.5680	0001.351
-00.8953	-01.5670	0001.352
-00.8892	-01.5661	0001.353
-00.8828	-01.5661	0001.354
-00.8776	-01.5646	0001.355
-00.8706	-01.5640	0001.356
-00.8654	-01.5631	0001.357
-00.8587	-01.5628	0001.358
-00.8535	-01.5619	0001.359
-00.8477	-01.5612	0001.360
-00.8413	-01.5603	0001.361
-00.8352	-01.5594	0001.362
-00.8294	-01.5585	0001.363
-00.8226	-01.5576	0001.364
-00.8171	-01.5573	0001.365
-00.8113	-01.5561	0001.366
-00.8049	-01.5551	0001.367
-00.7988	-01.5542	0001.368
-00.7936	-01.5536	0001.369
-00.7872	-01.5530	0001.370
-00.7808	-01.5518	0001.371
-00.7753	-01.5515	0001.372
-00.7689	-01.5503	0001.373
-00.7631	-01.5496	0001.374
-00.7573	-01.5484	0001.375
-00.7515	-01.5475	0001.376
-00.7457	-01.5466	0001.377
-00.7393	-01.5460	0001.378
-00.7332	-01.5454	0001.379
-00.7274	-01.5438	0001.380
-00.7213	-01.5429	0001.381
-00.7149	-01.5423	0001.382
-00.7094	-01.5414	0001.383
-00.7033	-01.5402	0001.384
-00.6972	-01.5393	0001.385
-00.6911	-01.5384	0001.386
-00.6850	-01.5371	0001.387
-00.6789	-01.5362	0001.388
-00.6734	-01.5356	0001.389
-00.6673	-01.5344	0001.390
-00.6612	-01.5332	0001.391
-00.6551	-01.5326	0001.392
-00.6487	-01.5310	0001.393
-00.6429	-01.5304	0001.394
-00.6368	-01.5292	0001.395
-00.6313	-01.5283	0001.396
-00.6249	-01.5268	0001.397
-00.6194	-01.5261	0001.398
-00.6133	-01.5252	0001.399
-00.6069	-01.5243	0001.400
-00.6011	-01.5234	0001.401
-00.5947	-01.5222	0001.402
-00.5886	-01.5210	0001.403
-00.5828	-01.5194	0001.404
-00.5770	-01.5185	0001.405
-00.5709	-01.5176	0001.406
-00.5648	-01.5164	0001.407
-00.5587	-01.5149	0001.408
-00.5529	-01.5136	0001.409
-00.5471	-01.5130	0001.410
-00.5413	-01.5115	0001.411
-00.5349	-01.5109	0001.412
-00.5291	-01.5097	0001.413
-00.5227	-01.5078	0001.414
-00.5172	-01.5069	0001.415
-00.5108	-01.5060	0001.416
-00.5046	-01.5048	0001.417
-00.4988	-01.5036	0001.418
-00.4927	-01.5023	0001.419
-00.4869	-01.5008	0001.420
-00.4805	-01.4999	0001.421
-00.4750	-01.4984	0001.422
-00.4686	-01.4969	0001.423
-00.4628	-01.4959	0001.424
-00.4570	-01.4953	0001.425
-00.4506	-01.4932	0001.426
-00.4448	-01.4923	0001.427
-00.4387	-01.4907	0001.428
-00.4326	-01.4892	0001.429
-00.4268	-01.4880	0001.430
-00.4210	-01.4865	0001.431
-00.4146	-01.4856	0001.432
-00.4085	-01.4840	0001.433
-00.4027	-01.4825	0001.434
-00.3969	-01.4816	0001.435
-00.3905	-01.4795	0001.436
-00.3850	-01.4782	0001.437
-00.3783	-01.4767	0001.438
-00.3731	-01.4755	0001.439
-00.3670	-01.4746	0001.440
-00.3606	-01.4724	0001.441
-00.3545	-01.4709	0001.442
-00.3481	-01.4700	0001.443
-00.3426	-01.4682	0001.444
-00.3371	-01.4669	0001.445
-00.3307	-01.4654	0001.446
-00.3249	-01.4642	0001.447
-00.3185	-01.4624	0001.448
-00.3124	-01.4608	0001.449
-00.3066	-01.4590	0001.450
-00.3008	-01.4575	0001.451
-00.2947	-01.4557	0001.452
-00.2883	-01.4544	0001.453
-00.2825	-01.4529	0001.454
-00.2767	-01.4511	0001.455
-00.2709	-01.4495	0001.456
-00.2645	-01.4480	0001.457
-00.2587	-01.4462	0001.458
-00.2526	-01.4450	0001.459
-00.2468	-01.4428	0001.460
-00.2407	-01.4416	0001.461
-00.2343	-01.4398	0001.462
-00.2285	-01.4380	0001.463
-00.2227	-01.4361	0001.464
-00.2166	-01.4343	0001.465
-00.2105	-01.4328	0001.466
-00.2044	-01.4306	0001.467
-00.1979	-01.4297	0001.468
-00.1928	-01.4273	0001.469
-00.1863	-01.4257	0001.470
-00.1802	-01.4233	0001.471
-00.1748	-01.4221	0001.472
-00.1683	-01.4199	0001.473
-00.1622	-01.4181	0001.474
-00.1564	-01.4163	0001.475
-00.1503	-01.4141	0001.476
-00.1439	-01.4126	0001.477
-00.1384	-01.4111	0001.478
-00.1326	-01.4087	0001.479
-00.1262	-01.4065	0001.480
-00.1204	-01.4047	0001.481
-00.1146	-01.4032	0001.482
-00.1082	-01.4010	0001.483
-00.1024	-01.3986	0001.484
-00.0963	-01.3968	0001.485
-00.0902	-01.3943	0001.486
-00.0844	-01.3925	0001.487
-00.0783	-01.3903	0001.488
-00.0722	-01.3885	0001.489
-00.0667	-01.3867	0001.490
-00.0603	-01.3839	0001.491
-00.0542	-01.3818	0001.492
-00.0481	-01.3800	0001.493
-00.0423	-01.3778	0001.494
-00.0362	-01.3757	0001.495
-00.0307	-01.3733	0001.496
-00.0240	-01.3711	0001.497
-00.0182	-01.3687	0001.498
-00.0124	-01.3665	0001.499
