R,Ohm	C,pF	Temp,C
0000000000	0000100000	+025.00
Ch1,V	Ch2,V	Time,s
-00.0002	-00.0015	0000.000
-00.0002	-00.0009	0000.001
-00.0045	-00.0009	0000.002
-00.0090	-00.0015	0000.003
-00.0136	-00.0015	0000.004
-00.0179	-00.0015	0000.005
-00.0222	-00.0015	0000.006
-00.0270	-00.0021	0000.007
-00.0313	-00.0021	0000.008
-00.0356	-00.0027	0000.009
-00.0408	-00.0027	0000.010
-00.0451	-00.0033	0000.011
-00.0496	-00.0036	0000.012
-00.0539	-00.0045	0000.013
-00.0585	-00.0042	0000.014
-00.0631	-00.0058	0000.015
-00.0673	-00.0064	0000.016
-00.0719	-00.0070	0000.017
-00.0762	-00.0076	0000.018
-00.0811	-00.0085	0000.019
-00.0856	-00.0091	0000.020
-00.0899	-00.0103	0000.021
-00.0945	-00.0113	0000.022
-00.0991	-00.0122	0000.023
-00.1036	-00.0134	0000.024
-00.1079	-00.0140	0000.025
-00.1125	-00.0158	0000.026
-00.1168	-00.0167	0000.027
-00.1217	-00.0174	0000.028
-00.1259	-00.0192	0000.029
-00.1302	-00.0207	0000.030
-00.1354	-00.0213	0000.031
-00.1394	-00.0232	0000.032
-00.1442	-00.0250	0000.033
-00.1488	-00.0259	0000.034
-00.1531	-00.0277	0000.035
-00.1580	-00.0286	0000.036
-00.1613	-00.0308	0000.037
-00.1668	-00.0320	0000.038
-00.1714	-00.0332	0000.039
-00.1754	-00.0351	0000.040
-00.1799	-00.0369	0000.041
-00.1848	-00.0390	0000.042
-00.1891	-00.0402	0000.043
-00.1940	-00.0418	0000.044
-00.1983	-00.0439	0000.045
-00.2025	-00.0457	0000.046
-00.2074	-00.0476	0000.047
-00.2117	-00.0497	0000.048
-00.2163	-00.0515	0000.049
-00.2208	-00.0537	0000.050
-00.2251	-00.0552	0000.051
-00.2297	-00.0570	0000.052
-00.2343	-00.0595	0000.053
-00.2382	-00.0613	0000.054
-00.2431	-00.0634	0000.055
-00.2480	-00.0659	0000.056
-00.2523	-00.0680	0000.057
-00.2568	-00.0698	0000.058
-00.2614	-00.0723	0000.059
-00.2660	-00.0744	0000.060
-00.2703	-00.0766	0000.061
-00.2745	-00.0790	0000.062
-00.2797	-00.0808	0000.063
-00.2840	-00.0833	0000.064
-00.2883	-00.0860	0000.065
-00.2932	-00.0885	0000.066
-00.2971	-00.0909	0000.067
-00.3017	-00.0933	0000.068
-00.3063	-00.0955	0000.069
-00.3109	-00.0982	0000.070
-00.3154	-00.1010	0000.071
-00.3194	-00.1028	0000.072
-00.3240	-00.1059	0000.073
-00.3289	-00.1083	0000.074
-00.3334	-00.1110	0000.075
-00.3377	-00.1138	0000.076
-00.3426	-00.1168	0000.077
-00.3469	-00.1190	0000.078
-00.3518	-00.1220	0000.079
-00.3557	-00.1251	0000.080
-00.3600	-00.1278	0000.081
-00.3652	-00.1303	0000.082
-00.3695	-00.1333	0000.083
-00.3734	-00.1361	0000.084
-00.3783	-00.1388	0000.085
-00.3832	-00.1422	0000.086
-00.3875	-00.1452	0000.087
-00.3914	-00.1486	0000.088
-00.3966	-00.1507	0000.089
-00.4012	-00.1547	0000.090
-00.4058	-00.1574	0000.091
-00.4097	-00.1602	0000.092
-00.4140	-00.1632	0000.093
-00.4192	-00.1666	0000.094
-00.4241	-00.1696	0000.095
-00.4280	-00.1730	0000.096
-00.4323	-00.1760	0000.097
-00.4366	-00.1794	0000.098
-00.4415	-00.1828	0000.099
-00.4457	-00.1858	0000.100
-00.4503	-00.1892	0000.101
-00.4549	-00.1925	0000.102
-00.4595	-00.1965	0000.103
-00.4641	-00.1995	0000.104
-00.4683	-00.2029	0000.105
-00.4729	-00.2063	0000.106
-00.4778	-00.2096	0000.107
-00.4818	-00.2130	0000.108
-00.4860	-00.2169	0000.109
-00.4909	-00.2203	0000.110
-00.4955	-00.2237	0000.111
-00.4998	-00.2270	0000.112
-00.5046	-00.2310	0000.113
-00.5092	-00.2346	0000.114
-00.5135	-00.2383	0000.115
-00.5181	-00.2420	0000.116
-00.5227	-00.2456	0000.117
-00.5269	-00.2493	0000.118
-00.5315	-00.2533	0000.119
-00.5358	-00.2572	0000.120
-00.5407	-00.2609	0000.121
-00.5449	-00.2649	0000.122
-00.5495	-00.2691	0000.123
-00.5538	-00.2728	0000.124
-00.5587	-00.2768	0000.125
-00.5629	-00.2807	0000.126
-00.5675	-00.2844	0000.127
-00.5724	-00.2887	0000.128
-00.5764	-00.2926	0000.129
-00.5812	-00.2969	0000.130
-00.5858	-00.3012	0000.131
-00.5898	-00.3051	0000.132
-00.5947	-00.3097	0000.133
-00.5993	-00.3134	0000.134
-00.6038	-00.3180	0000.135
-00.6081	-00.3228	0000.136
-00.6133	-00.3268	0000.137
-00.6173	-00.3311	0000.138
-00.6215	-00.3354	0000.139
-00.6258	-00.3396	0000.140
-00.6307	-00.3433	0000.141
-00.6359	-00.3485	0000.142
-00.6392	-00.3527	0000.143
-00.6438	-00.3570	0000.144
-00.6490	-00.3622	0000.145
-00.6533	-00.3665	0000.146
-00.6575	-00.3708	0000.147
-00.6627	-00.3756	0000.148
-00.6670	-00.3802	0000.149
-00.6713	-00.3848	0000.150
-00.6755	-00.3897	0000.151
-00.6801	-00.3946	0000.152
-00.6850	-00.3991	0000.153
-00.6893	-00.4037	0000.154
-00.6936	-00.4086	0000.155
-00.6984	-00.4135	0000.156
-00.7030	-00.4181	0000.157
-00.7073	-00.4229	0000.158
-00.7122	-00.4272	0000.159
-00.7164	-00.4327	0000.160
-00.7207	-00.4373	0000.161
-00.7256	-00.4422	0000.162
-00.7293	-00.4467	0000.163
-00.7338	-00.4516	0000.164
-00.7387	-00.4568	0000.165
-00.7433	-00.4617	0000.166
-00.7476	-00.4663	0000.167
-00.7528	-00.4712	0000.168
-00.7570	-00.4757	0000.169
-00.7619	-00.4809	0000.170
-00.7656	-00.4861	0000.171
-00.7701	-00.4904	0000.172
-00.7750	-00.4950	0000.173
-00.7793	-00.5001	0000.174
-00.7839	-00.5050	0000.175
-00.7885	-00.5096	0000.176
-00.7927	-00.5142	0000.177
-00.7979	-00.5194	0000.178
-00.8016	-00.5240	0000.179
-00.8065	-00.5288	0000.180
-00.8110	-00.5337	0000.181
-00.8153	-00.5377	0000.182
-00.8199	-00.5426	0000.183
-00.8248	-00.5471	0000.184
-00.8290	-00.5517	0000.185
-00.8336	-00.5563	0000.186
-00.8379	-00.5612	0000.187
-00.8422	-00.5655	0000.188
-00.8474	-00.5706	0000.189
-00.8513	-00.5752	0000.190
-00.8556	-00.5795	0000.191
-00.8605	-00.5838	0000.192
-00.8651	-00.5880	0000.193
-00.8693	-00.5923	0000.194
-00.8739	-00.5969	0000.195
-00.8782	-00.6009	0000.196
-00.8831	-00.6051	0000.197
-00.8870	-00.6097	0000.198
-00.8922	-00.6140	0000.199
-00.8965	-00.6179	0000.200
-00.9011	-00.6225	0000.201
-00.9053	-00.6268	0000.202
-00.9096	-00.6305	0000.203
-00.9145	-00.6350	0000.204
-00.9191	-00.6384	0000.205
-00.9237	-00.6430	0000.206
-00.9279	-00.6466	0000.207
-00.9328	-00.6509	0000.208
-00.9374	-00.6546	0000.209
-00.9414	-00.6588	0000.210
-00.9462	-00.6622	0000.211
-00.9508	-00.6662	0000.212
-00.9554	-00.6698	0000.213
-00.9594	-00.6738	0000.214
-00.9642	-00.6775	0000.215
-00.9688	-00.6808	0000.216
-00.9734	-00.6848	0000.217
-00.9777	-00.6887	0000.218
-00.9822	-00.6918	0000.219
-00.9865	-00.6961	0000.220
-00.9914	-00.6997	0000.221
-00.9954	-00.7028	0000.222
-00.9999	-00.7064	0000.223
-01.0051	-00.7098	0000.224
-01.0091	-00.7132	0000.225
-01.0137	-00.7168	0000.226
-01.0183	-00.7202	0000.227
-01.0225	-00.7241	0000.228
-01.0271	-00.7266	0000.229
-01.0317	-00.7302	0000.230
-01.0366	-00.7333	0000.231
-01.0405	-00.7370	0000.232
-01.0451	-00.7403	0000.233
-01.0497	-00.7434	0000.234
-01.0543	-00.7470	0000.235
-01.0592	-00.7501	0000.236
-01.0634	-00.7534	0000.237
-01.0677	-00.7562	0000.238
-01.0723	-00.7595	0000.239
-01.0769	-00.7623	0000.240
-01.0811	-00.7660	0000.241
-01.0860	-00.7693	0000.242
-01.0903	-00.7714	0000.243
-01.0949	-00.7751	0000.244
-01.0994	-00.7779	0000.245
-01.1043	-00.7815	0000.246
-01.1083	-00.7837	0000.247
-01.1132	-00.7876	0000.248
-01.1171	-00.7901	0000.249
-01.1214	-00.7931	0000.250
-01.1260	-00.7956	0000.251
-01.1306	-00.7992	0000.252
-01.1351	-00.8020	0000.253
-01.1397	-00.8047	0000.254
-01.1446	-00.8075	0000.255
-01.1489	-00.8108	0000.256
-01.1531	-00.8136	0000.257
-01.1577	-00.8166	0000.258
-01.1620	-00.8188	0000.259
-01.1669	-00.8221	0000.260
-01.1712	-00.8245	0000.261
-01.1763	-00.8276	0000.262
-01.1806	-00.8303	0000.263
-01.1852	-00.8328	0000.264
-01.1892	-00.8352	0000.265
-01.1934	-00.8383	0000.266
-01.1986	-00.8413	0000.267
-01.2026	-00.8438	0000.268
-01.2069	-00.8459	0000.269
-01.2117	-00.8490	0000.270
-01.2166	-00.8520	0000.271
-01.2209	-00.8538	0000.272
-01.2249	-00.8566	0000.273
-01.2297	-00.8596	0000.274
-01.2343	-00.8624	0000.275
-01.2386	-00.8651	0000.276
-01.2435	-00.8676	0000.277
-01.2484	-00.8700	0000.278
-01.2520	-00.8725	0000.279
-01.2575	-00.8752	0000.280
-01.2612	-00.8776	0000.281
-01.2658	-00.8798	0000.282
-01.2706	-00.8822	0000.283
-01.2749	-00.8847	0000.284
-01.2798	-00.8871	0000.285
-01.2841	-00.8899	0000.286
-01.2886	-00.8920	0000.287
-01.2929	-00.8947	0000.288
-01.2975	-00.8972	0000.289
-01.3024	-00.8996	0000.290
-01.3066	-00.9018	0000.291
-01.3106	-00.9039	0000.292
-01.3155	-00.9066	0000.293
-01.3201	-00.9091	0000.294
-01.3247	-00.9112	0000.295
-01.3286	-00.9134	0000.296
-01.3338	-00.9164	0000.297
-01.3381	-00.9185	0000.298
-01.3427	-00.9210	0000.299
-01.3472	-00.9231	0000.300
-01.3518	-00.9253	0000.301
-01.3561	-00.9277	0000.302
-01.3604	-00.9301	0000.303
-01.3649	-00.9323	0000.304
-01.3698	-00.9347	0000.305
-01.3741	-00.9369	0000.306
-01.3784	-00.9390	0000.307
-01.3832	-00.9414	0000.308
-01.3875	-00.9436	0000.309
-01.3927	-00.9451	0000.310
-01.3964	-00.9475	0000.311
-01.4019	-00.9500	0000.312
-01.4058	-00.9521	0000.313
-01.4107	-00.9542	0000.314
-01.4147	-00.9567	0000.315
-01.4193	-00.9582	0000.316
-01.4235	-00.9607	0000.317
-01.4284	-00.9628	0000.318
-01.4327	-00.9649	0000.319
-01.4373	-00.9674	0000.320
-01.4412	-00.9695	0000.321
-01.4464	-00.9716	0000.322
-01.4510	-00.9741	0000.323
-01.4553	-00.9753	0000.324
-01.4595	-00.9774	0000.325
-01.4644	-00.9799	0000.326
-01.4690	-00.9814	0000.327
-01.4736	-00.9842	0000.328
-01.4779	-00.9860	0000.329
-01.4824	-00.9878	0000.330
-01.4873	-00.9903	0000.331
-01.4910	-00.9924	0000.332
-01.4962	-00.9942	0000.333
-01.5001	-00.9964	0000.334
-01.5050	-00.9979	0000.335
-01.5096	-01.0006	0000.336
-01.5136	-01.0025	0000.337
-01.5187	-01.0046	0000.338
-01.5230	-01.0061	0000.339
-01.5273	-01.0086	0000.340
-01.5316	-01.0098	0000.341
-01.5361	-01.0122	0000.342
-01.5407	-01.0144	0000.343
-01.5450	-01.0165	0000.344
-01.5502	-01.0183	0000.345
-01.5545	-01.0202	0000.346
-01.5587	-01.0220	0000.347
-01.5630	-01.0238	0000.348
-01.5679	-01.0266	0000.349
-01.5728	-01.0278	0000.350
-01.5770	-01.0299	0000.351
-01.5813	-01.0324	0000.352
-01.5865	-01.0339	0000.353
-01.5908	-01.0354	0000.354
-01.5957	-01.0376	0000.355
-01.5993	-01.0394	0000.356
-01.6039	-01.0412	0000.357
-01.6085	-01.0431	0000.358
-01.6134	-01.0452	0000.359
-01.6176	-01.0467	0000.360
-01.6225	-01.0489	0000.361
-01.6271	-01.0510	0000.362
-01.6314	-01.0522	0000.363
-01.6353	-01.0550	0000.364
-01.6402	-01.0565	0000.365
-01.6445	-01.0580	0000.366
-01.6497	-01.0601	0000.367
-01.6539	-01.0617	0000.368
-01.6585	-01.0641	0000.369
-01.6631	-01.0653	0000.370
-01.6674	-01.0672	0000.371
-01.6716	-01.0690	0000.372
-01.6762	-01.0708	0000.373
-01.6808	-01.0730	0000.374
-01.6854	-01.0745	0000.375
-01.6893	-01.0763	0000.376
-01.6942	-01.0785	0000.377
-01.6985	-01.0800	0000.378
-01.7031	-01.0818	0000.379
-01.7076	-01.0836	0000.380
-01.7122	-01.0855	0000.381
-01.7168	-01.0873	0000.382
-01.7208	-01.0891	0000.383
-01.7254	-01.0907	0000.384
-01.7299	-01.0928	0000.385
-01.7351	-01.0943	0000.386
-01.7394	-01.0962	0000.387
-01.7434	-01.0977	0000.388
-01.7488	-01.0995	0000.389
-01.7528	-01.1010	0000.390
-01.7571	-01.1029	0000.391
-01.7614	-01.1044	0000.392
-01.7662	-01.1065	0000.393
-01.7711	-01.1084	0000.394
-01.7754	-01.1102	0000.395
-01.7797	-01.1120	0000.396
-01.7839	-01.1135	0000.397
-01.7888	-01.1154	0000.398
-01.7931	-01.1172	0000.399
-01.7974	-01.1184	0000.400
-01.8026	-01.1206	0000.401
-01.8068	-01.1224	0000.402
-01.8111	-01.1239	0000.403
-01.8154	-01.1255	0000.404
-01.8200	-01.1270	0000.405
-01.8245	-01.1288	0000.406
-01.8294	-01.1306	0000.407
-01.8334	-01.1325	0000.408
-01.8383	-01.1343	0000.409
-01.8428	-01.1358	0000.410
-01.8471	-01.1374	0000.411
-01.8514	-01.1392	0000.412
-01.8560	-01.1410	0000.413
-01.8612	-01.1425	0000.414
-01.8654	-01.1444	0000.415
-01.8694	-01.1459	0000.416
-01.8746	-01.1477	0000.417
-01.8789	-01.1493	0000.418
-01.8837	-01.1508	0000.419
-01.8877	-01.1526	0000.420
-01.8923	-01.1541	0000.421
-01.8972	-01.1560	0000.422
-01.9014	-01.1575	0000.423
-01.9060	-01.1593	0000.424
-01.9109	-01.1609	0000.425
-01.9149	-01.1624	0000.426
-01.9194	-01.1642	0000.427
-01.9234	-01.1654	0000.428
-01.9289	-01.1673	0000.429
-01.9329	-01.1688	0000.430
-01.9374	-01.1706	0000.431
-01.9423	-01.1724	0000.432
-01.9469	-01.1740	0000.433
-01.9509	-01.1755	0000.434
-01.9555	-01.1770	0000.435
-01.9603	-01.1786	0000.436
-01.9643	-01.1807	0000.437
-01.9695	-01.1816	0000.438
-01.9735	-01.1834	0000.439
-01.9780	-01.1853	0000.440
-01.9826	-01.1871	0000.441
-01.9869	-01.1886	0000.442
-01.9918	-01.1898	0000.443
-01.9960	-01.1917	0000.444
-02.0006	-01.1932	0000.445
-02.0046	-01.1947	0000.446
-02.0092	-01.1963	0000.447
-02.0144	-01.1981	0000.448
-02.0195	-01.1996	0000.449
-02.0229	-01.2011	0000.450
-02.0275	-01.2027	0000.451
-02.0324	-01.2045	0000.452
-02.0360	-01.2063	0000.453
-02.0409	-01.2072	0000.454
-02.0449	-01.2091	0000.455
-02.0504	-01.2112	0000.456
-02.0549	-01.2121	0000.457
-02.0589	-01.2143	0000.458
-02.0635	-01.2152	0000.459
-02.0681	-01.2173	0000.460
-02.0726	-01.2185	0000.461
-02.0769	-01.2201	0000.462
-02.0821	-01.2219	0000.463
-02.0864	-01.2234	0000.464
-02.0906	-01.2249	0000.465
-02.0952	-01.2265	0000.466
-02.0995	-01.2280	0000.467
-02.1044	-01.2292	0000.468
-02.1087	-01.2313	0000.469
-02.1132	-01.2326	0000.470
-02.1181	-01.2341	0000.471
-02.1221	-01.2359	0000.472
-02.1270	-01.2375	0000.473
-02.1312	-01.2384	0000.474
-02.1358	-01.2402	0000.475
-02.1401	-01.2420	0000.476
-02.1450	-01.2432	0000.477
-02.1489	-01.2451	0000.478
-02.1535	-01.2466	0000.479
-02.1584	-01.2481	0000.480
-02.1633	-01.2500	0000.481
-02.1675	-01.2512	0000.482
-02.1718	-01.2527	0000.483
-02.1764	-01.2545	0000.484
-02.1810	-01.2558	0000.485
-02.1856	-01.2576	0000.486
-02.1895	-01.2585	0000.487
-02.1947	-01.2600	0000.488
-02.1990	-01.2622	0000.489
-02.2033	-01.2637	0000.490
-02.2078	-01.2655	0000.491
-02.2124	-01.2667	0000.492
-02.2167	-01.2680	0000.493
-02.2213	-01.2698	0000.494
-02.2261	-01.2710	0000.495
-02.2304	-01.2725	0000.496
-02.2347	-01.2741	0000.497
-02.2390	-01.2756	0000.498
-02.2441	-01.2774	0000.499
-02.2484	-01.2786	0000.500
-02.2530	-01.2802	0000.501
-02.2573	-01.2814	0000.502
-02.2615	-01.2832	0000.503
-02.2667	-01.2851	0000.504
-02.2710	-01.2866	0000.505
-02.2756	-01.2875	0000.506
-02.2799	-01.2890	0000.507
-02.2850	-01.2909	0000.508
-02.2887	-01.2924	0000.509
-02.2939	-01.2936	0000.510
-02.2982	-01.2951	0000.511
-02.3030	-01.2970	0000.512
-02.3073	-01.2985	0000.513
-02.3110	-01.2991	0000.514
-02.3165	-01.3012	0000.515
-02.3211	-01.3028	0000.516
-02.3244	-01.3040	0000.517
-02.3296	-01.3058	0000.518
-02.3342	-01.3070	0000.519
-02.3384	-01.3089	0000.520
-02.3430	-01.3101	0000.521
-02.3476	-01.3119	0000.522
-02.3525	-01.3131	0000.523
-02.3568	-01.3147	0000.524
-02.3607	-01.3159	0000.525
-02.3656	-01.3174	0000.526
-02.3702	-01.3189	0000.527
-02.3745	-01.3208	0000.528
-02.3793	-01.3217	0000.529
-02.3836	-01.3235	0000.530
-02.3882	-01.3247	0000.531
-02.3925	-01.3263	0000.532
-02.3970	-01.3281	0000.533
-02.4013	-01.3290	0000.534
-02.4062	-01.3308	0000.535
-02.4111	-01.3324	0000.536
-02.4154	-01.3339	0000.537
-02.4196	-01.3351	0000.538
-02.4245	-01.3363	0000.539
-02.4288	-01.3382	0000.540
-02.4334	-01.3397	0000.541
-02.4379	-01.3412	0000.542
-02.4425	-01.3418	0000.543
-02.4471	-01.3440	0000.544
-02.4511	-01.3452	0000.545
-02.4559	-01.3470	0000.546
-02.4605	-01.3485	0000.547
-02.4645	-01.3498	0000.548
-02.4691	-01.3513	0000.549
-02.4733	-01.3528	0000.550
-02.4779	-01.3540	0000.551
-02.4822	-01.3546	0000.552
-02.4877	-01.3571	0000.553
-02.4913	-01.3577	0000.554
-02.4959	-01.3595	0000.555
-02.5008	-01.3610	0000.556
-02.5048	-01.3620	0000.557
-02.5097	-01.3635	0000.558
-02.5139	-01.3653	0000.559
-02.5188	-01.3665	0000.560
-02.5231	-01.3681	0000.561
-02.5280	-01.3696	0000.562
-02.5319	-01.3708	0000.563
-02.5365	-01.3720	0000.564
-02.5411	-01.3736	0000.565
-02.5457	-01.3751	0000.566
-02.5499	-01.3763	0000.567
-02.5545	-01.3781	0000.568
-02.5597	-01.3794	0000.569
-02.5640	-01.3809	0000.570
-02.5679	-01.3821	0000.571
-02.5722	-01.3833	0000.572
-02.5771	-01.3852	0000.573
-02.5823	-01.3861	0000.574
-02.5869	-01.3879	0000.575
-02.5911	-01.3894	0000.576
-02.5954	-01.3903	0000.577
-02.5994	-01.3916	0000.578
-02.6040	-01.3934	0000.579
-02.6088	-01.3943	0000.580
-02.6134	-01.3958	0000.581
-02.6183	-01.3974	0000.582
-02.6229	-01.3983	0000.583
-02.6265	-01.4004	0000.584
-02.6314	-01.4010	0000.585
-02.6360	-01.4026	0000.586
-02.6406	-01.4038	0000.587
-02.6448	-01.4053	0000.588
-02.6494	-01.4062	0000.589
-02.6546	-01.4080	0000.590
-02.6583	-01.4093	0000.591
-02.6629	-01.4102	0000.592
-02.6671	-01.4117	0000.593
-02.6714	-01.4132	0000.594
-02.6757	-01.4148	0000.595
-02.6809	-01.4157	0000.596
-02.6854	-01.4169	0000.597
-02.6900	-01.4184	0000.598
-02.6946	-01.4199	0000.599
-02.6989	-01.4209	0000.600
-02.7028	-01.4227	0000.601
-02.7080	-01.4236	0000.602
-02.7126	-01.4248	0000.603
-02.7169	-01.4264	0000.604
-02.7205	-01.4276	0000.605
-02.7260	-01.4291	0000.606
-02.7309	-01.4300	0000.607
-02.7352	-01.4318	0000.608
-02.7391	-01.4328	0000.609
-02.7440	-01.4343	0000.610
-02.7483	-01.4355	0000.611
-02.7526	-01.4367	0000.612
-02.7575	-01.4376	0000.613
-02.7620	-01.4392	0000.614
-02.7663	-01.4407	0000.615
-02.7709	-01.4416	0000.616
-02.7752	-01.4425	0000.617
-02.7797	-01.4444	0000.618
-02.7846	-01.4456	0000.619
-02.7895	-01.4468	0000.620
-02.7938	-01.4480	0000.621
-02.7987	-01.4489	0000.622
-02.8020	-01.4505	0000.623
-02.8069	-01.4517	0000.624
-02.8118	-01.4529	0000.625
-02.8164	-01.4541	0000.626
-02.8209	-01.4553	0000.627
-02.8249	-01.4566	0000.628
-02.8292	-01.4581	0000.629
-02.8344	-01.4590	0000.630
-02.8383	-01.4602	0000.631
-02.8432	-01.4615	0000.632
-02.8478	-01.4627	0000.633
-02.8527	-01.4639	0000.634
-02.8560	-01.4651	0000.635
-02.8612	-01.4663	0000.636
-02.8658	-01.4679	0000.637
-02.8704	-01.4688	0000.638
-02.8749	-01.4700	0000.639
-02.8795	-01.4712	0000.640
-02.8829	-01.4727	0000.641
-02.8881	-01.4737	0000.642
-02.8917	-01.4743	0000.643
-02.8975	-01.4761	0000.644
-02.9018	-01.4773	0000.645
-02.9061	-01.4782	0000.646
-02.9110	-01.4798	0000.647
-02.9152	-01.4807	0000.648
-02.9201	-01.4816	0000.649
-02.9247	-01.4825	0000.650
-02.9284	-01.4843	0000.651
-02.9326	-01.4849	0000.652
-02.9384	-01.4868	0000.653
-02.9424	-01.4877	0000.654
-02.9470	-01.4886	0000.655
-02.9512	-01.4901	0000.656
-02.9558	-01.4911	0000.657
-02.9604	-01.4920	0000.658
-02.9653	-01.4932	0000.659
-02.9689	-01.4941	0000.660
-02.9738	-01.4956	0000.661
-02.9781	-01.4969	0000.662
-02.9824	-01.4981	0000.663
-02.9876	-01.4990	0000.664
-02.9918	-01.5002	0000.665
-02.9967	-01.5014	0000.666
-03.0013	-01.5026	0000.667
-03.0053	-01.5036	0000.668
-03.0101	-01.5045	0000.669
-03.0141	-01.5060	0000.670
-03.0193	-01.5072	0000.671
-03.0230	-01.5081	0000.672
-03.0281	-01.5091	0000.673
-03.0324	-01.5106	0000.674
-03.0364	-01.5109	0000.675
-03.0410	-01.5130	0000.676
-03.0455	-01.5133	0000.677
-03.0501	-01.5149	0000.678
-03.0544	-01.5161	0000.679
-03.0596	-01.5170	0000.680
-03.0639	-01.5182	0000.681
-03.0687	-01.5188	0000.682
-03.0733	-01.5207	0000.683
-03.0770	-01.5210	0000.684
-03.0819	-01.5225	0000.685
-03.0867	-01.5234	0000.686
-03.0904	-01.5249	0000.687
-03.0956	-01.5258	0000.688
-03.1002	-01.5265	0000.689
-03.1047	-01.5277	0000.690
-03.1084	-01.5289	0000.691
-03.1136	-01.5295	0000.692
-03.1179	-01.5307	0000.693
-03.1221	-01.5319	0000.694
-03.1267	-01.5329	0000.695
-03.1313	-01.5338	0000.696
-03.1362	-01.5353	0000.697
-03.1401	-01.5362	0000.698
-03.1450	-01.5365	0000.699
-03.1493	-01.5380	0000.700
-03.1542	-01.5396	0000.701
-03.1585	-01.5402	0000.702
-03.1633	-01.5411	0000.703
-03.1673	-01.5423	0000.704
-03.1716	-01.5432	0000.705
-03.1765	-01.5445	0000.706
-03.1807	-01.5457	0000.707
-03.1859	-01.5463	0000.708
-03.1902	-01.5475	0000.709
-03.1942	-01.5481	0000.710
-03.1987	-01.5500	0000.711
-03.2033	-01.5506	0000.712
-03.2076	-01.5515	0000.713
-03.2119	-01.5530	0000.714
-03.2170	-01.5536	0000.715
-03.2216	-01.5548	0000.716
-03.2259	-01.5557	0000.717
-03.2308	-01.5570	0000.718
-03.2354	-01.5579	0000.719
-03.2393	-01.5585	0000.720
-03.2439	-01.5597	0000.721
-03.2485	-01.5603	0000.722
-03.2528	-01.5612	0000.723
-03.2579	-01.5625	0000.724
-03.2628	-01.5637	0000.725
-03.2665	-01.5640	0000.726
-03.2717	-01.5655	0000.727
-03.2759	-01.5664	0000.728
-03.2808	-01.5677	0000.729
-03.2845	-01.5680	0000.730
-03.2891	-01.5689	0000.731
-03.2940	-01.5701	0000.732
-03.2988	-01.5710	0000.733
-03.3025	-01.5719	0000.734
-03.3071	-01.5731	0000.735
-03.3117	-01.5738	0000.736
-03.3168	-01.5753	0000.737
-03.3208	-01.5759	0000.738
-03.3254	-01.5765	0000.739
-03.3303	-01.5777	0000.740
-03.3345	-01.5789	0000.741
-03.3388	-01.5796	0000.742
-03.3437	-01.5811	0000.743
-03.3483	-01.5814	0000.744
-03.3522	-01.5823	0000.745
-03.3559	-01.5832	0000.746
-03.3617	-01.5844	0000.747
-03.3654	-01.5850	0000.748
-03.3712	-01.5863	0000.749
-03.3745	-01.5866	0000.750
-03.3788	-01.5878	0000.751
-03.3840	-01.5884	0000.752
-03.3883	-01.5896	0000.753
-03.3922	-01.5905	0000.754
-03.3977	-01.5911	0000.755
-03.4017	-01.5918	0000.756
-03.4060	-01.5930	0000.757
-03.4105	-01.5939	0000.758
-03.4151	-01.5945	0000.759
-03.4200	-01.5951	0000.760
-03.4246	-01.5957	0000.761
-03.4285	-01.5969	0000.762
-03.4337	-01.5979	0000.763
-03.4377	-01.5991	0000.764
-03.4423	-01.6000	0000.765
-03.4468	-01.6006	0000.766
-03.4517	-01.6012	0000.767
-03.4563	-01.6021	0000.768
-03.4597	-01.6027	0000.769
-03.4655	-01.6040	0000.770
-03.4694	-01.6046	0000.771
-03.4746	-01.6055	0000.772
-03.4780	-01.6061	0000.773
-03.4829	-01.6064	0000.774
-03.4868	-01.6076	0000.775
-03.4920	-01.6089	0000.776
-03.4966	-01.6092	0000.777
-03.5009	-01.6098	0000.778
-03.5048	-01.6107	0000.779
-03.5100	-01.6116	0000.780
-03.5143	-01.6122	0000.781
-03.5192	-01.6131	0000.782
-03.5231	-01.6140	0000.783
-03.5283	-01.6146	0000.784
-03.5326	-01.6153	0000.785
-03.5366	-01.6159	0000.786
-03.5408	-01.6171	0000.787
-03.5463	-01.6177	0000.788
-03.5497	-01.6183	0000.789
-03.5552	-01.6189	0000.790
-03.5592	-01.6198	0000.791
-03.5643	-01.6201	0000.792
-03.5686	-01.6211	0000.793
-03.5732	-01.6220	0000.794
-03.5775	-01.6226	0000.795
-03.5826	-01.6232	0000.796
-03.5863	-01.6241	0000.797
-03.5909	-01.6247	0000.798
-03.5961	-01.6256	0000.799
-03.6000	-01.6256	0000.800
-03.6049	-01.6269	0000.801
-03.6092	-01.6275	0000.802
-03.6144	-01.6281	0000.803
-03.6181	-01.6293	0000.804
-03.6229	-01.6293	0000.805
-03.6269	-01.6302	0000.806
-03.6312	-01.6308	0000.807
-03.6361	-01.6317	0000.808
-03.6403	-01.6320	0000.809
-03.6455	-01.6330	0000.810
-03.6492	-01.6336	0000.811
-03.6538	-01.6345	0000.812
-03.6586	-01.6348	0000.813
-03.6632	-01.6357	0000.814
-03.6681	-01.6351	0000.815
-03.6724	-01.6369	0000.816
-03.6760	-01.6366	0000.817
-03.6812	-01.6375	0000.818
-03.6855	-01.6381	0000.819
-03.6901	-01.6388	0000.820
-03.6953	-01.6394	0000.821
-03.6989	-01.6403	0000.822
-03.7044	-01.6409	0000.823
-03.7081	-01.6409	0000.824
-03.7130	-01.6418	0000.825
-03.7172	-01.6424	0000.826
-03.7221	-01.6433	0000.827
-03.7270	-01.6439	0000.828
-03.7310	-01.6436	0000.829
-03.7355	-01.6449	0000.830
-03.7401	-01.6452	0000.831
-03.7444	-01.6455	0000.832
-03.7487	-01.6464	0000.833
-03.7535	-01.6473	0000.834
-03.7578	-01.6476	0000.835
-03.7618	-01.6479	0000.836
-03.7667	-01.6488	0000.837
-03.7716	-01.6491	0000.838
-03.7755	-01.6491	0000.839
-03.7801	-01.6500	0000.840
-03.7856	-01.6513	0000.841
-03.7893	-01.6510	0000.842
-03.7935	-01.6519	0000.843
-03.7984	-01.6519	0000.844
-03.8033	-01.6528	0000.845
-03.8079	-01.6531	0000.846
-03.8121	-01.6534	0000.847
-03.8161	-01.6543	0000.848
-03.8210	-01.6543	0000.849
-03.8262	-01.6549	0000.850
-03.8301	-01.6558	0000.851
-03.8344	-01.6562	0000.852
-03.8390	-01.6568	0000.853
-03.8433	-01.6571	0000.854
-03.8478	-01.6577	0000.855
-03.8524	-01.6580	0000.856
-03.8567	-01.6586	0000.857
-03.8613	-01.6589	0000.858
-03.8665	-01.6595	0000.859
-03.8701	-01.6595	0000.860
-03.8753	-01.6604	0000.861
-03.8796	-01.6601	0000.862
-03.8848	-01.6610	0000.863
-03.8887	-01.6616	0000.864
-03.8933	-01.6623	0000.865
-03.8976	-01.6623	0000.866
-03.9025	-01.6632	0000.867
-03.9064	-01.6635	0000.868
-03.9116	-01.6638	0000.869
-03.9159	-01.6644	0000.870
-03.9205	-01.6647	0000.871
-03.9244	-01.6647	0000.872
-03.9284	-01.6656	0000.873
-03.9336	-01.6659	0000.874
-03.9388	-01.6668	0000.875
-03.9418	-01.6668	0000.876
-03.9473	-01.6671	0000.877
-03.9519	-01.6677	0000.878
-03.9556	-01.6681	0000.879
-03.9605	-01.6687	0000.880
-03.9650	-01.6693	0000.881
-03.9702	-01.6693	0000.882
-03.9742	-01.6699	0000.883
-03.9785	-01.6702	0000.884
-03.9833	-01.6702	0000.885
-03.9879	-01.6708	0000.886
-03.9919	-01.6711	0000.887
-03.9962	-01.6714	0000.888
-04.0014	-01.6723	0000.889
-04.0056	-01.6723	0000.890
-04.0105	-01.6723	0000.891
-04.0145	-01.6732	0000.892
-04.0191	-01.6732	0000.893
-04.0245	-01.6739	0000.894
-04.0279	-01.6742	0000.895
-04.0328	-01.6745	0000.896
-04.0374	-01.6748	0000.897
-04.0422	-01.6754	0000.898
-04.0465	-01.6757	0000.899
-04.0511	-01.6763	0000.900
-04.0557	-01.6766	0000.901
-04.0602	-01.6772	0000.902
-04.0642	-01.6772	0000.903
-04.0685	-01.6775	0000.904
-04.0746	-01.6778	0000.905
-04.0780	-01.6784	0000.906
-04.0822	-01.6790	0000.907
-04.0871	-01.6790	0000.908
-04.0911	-01.6793	0000.909
-04.0960	-01.6797	0000.910
-04.1005	-01.6803	0000.911
-04.1051	-01.6806	0000.912
-04.1091	-01.6809	0000.913
-04.1146	-01.6806	0000.914
-04.1179	-01.6812	0000.915
-04.1234	-01.6821	0000.916
-04.1280	-01.6821	0000.917
-04.1323	-01.6827	0000.918
-04.1368	-01.6824	0000.919
-04.1405	-01.6830	0000.920
-04.1457	-01.6833	0000.921
-04.1506	-01.6839	0000.922
-04.1545	-01.6839	0000.923
-04.1585	-01.6845	0000.924
-04.1640	-01.6848	0000.925
-04.1677	-01.6848	0000.926
-04.1719	-01.6851	0000.927
-04.1765	-01.6858	0000.928
-04.1817	-01.6861	0000.929
-04.1860	-01.6861	0000.930
-04.1899	-01.6867	0000.931
-04.1945	-01.6864	0000.932
-04.2000	-01.6870	0000.933
-04.2043	-01.6873	0000.934
-04.2089	-01.6876	0000.935
-04.2134	-01.6882	0000.936
-04.2177	-01.6885	0000.937
-04.2220	-01.6882	0000.938
-04.2263	-01.6891	0000.939
-04.2311	-01.6891	0000.940
-04.2357	-01.6894	0000.941
-04.2400	-01.6897	0000.942
-04.2443	-01.6903	0000.943
-04.2501	-01.6903	0000.944
-04.2528	-01.6906	0000.945
-04.2583	-01.6906	0000.946
-04.2632	-01.6916	0000.947
-04.2672	-01.6912	0000.948
-04.2727	-01.6919	0000.949
-04.2766	-01.6919	0000.950
-04.2803	-01.6925	0000.951
-04.2852	-01.6931	0000.952
-04.2894	-01.6928	0000.953
-04.2940	-01.6934	0000.954
-04.2986	-01.6934	0000.955
-04.3035	-01.6937	0000.956
-04.3074	-01.6943	0000.957
-04.3120	-01.6946	0000.958
-04.3163	-01.6946	0000.959
-04.3215	-01.6949	0000.960
-04.3258	-01.6952	0000.961
-04.3306	-01.6952	0000.962
-04.3343	-01.6958	0000.963
-04.3392	-01.6961	0000.964
-04.3435	-01.6964	0000.965
-04.3477	-01.6964	0000.966
-04.3529	-01.6967	0000.967
-04.3581	-01.6970	0000.968
-04.3624	-01.6970	0000.969
-04.3663	-01.6977	0000.970
-04.3706	-01.6980	0000.971
-04.3746	-01.6986	0000.972
-04.3795	-01.6986	0000.973
-04.3837	-01.6989	0000.974
-04.3889	-01.6992	0000.975
-04.3929	-01.6995	0000.976
-04.3978	-01.6998	0000.977
-04.4024	-01.7001	0000.978
-04.4066	-01.7001	0000.979
-04.4115	-01.7004	0000.980
-04.4158	-01.7007	0000.981
-04.4204	-01.7010	0000.982
-04.4243	-01.7013	0000.983
-04.4295	-01.7010	0000.984
-04.4347	-01.7016	0000.985
-04.4378	-01.7022	0000.986
-04.4429	-01.7022	0000.987
-04.4472	-01.7022	0000.988
-04.4524	-01.7028	0000.989
-04.4570	-01.7028	0000.990
-04.4600	-01.7035	0000.991
-04.4661	-01.7031	0000.992
-04.4698	-01.7038	0000.993
-04.4747	-01.7038	0000.994
-04.4793	-01.7041	0000.995
-04.4838	-01.7044	0000.996
-04.4881	-01.7050	0000.997
-04.4927	-01.7047	0000.998
-04.4970	-01.7056	0000.999
-04.5012	-01.7050	0001.000
-04.5067	-01.7056	0001.001
-04.5018	-01.7056	0001.002
-04.4979	-01.7056	0001.003
-04.4930	-01.7056	0001.004
-04.4893	-01.7062	0001.005
-04.4844	-01.7062	0001.006
-04.4790	-01.7062	0001.007
-04.4738	-01.7062	0001.008
-04.4707	-01.7062	0001.009
-04.4661	-01.7065	0001.010
-04.4613	-01.7065	0001.011
-04.4573	-01.7065	0001.012
-04.4521	-01.7068	0001.013
-04.4481	-01.7065	0001.014
-04.4439	-01.7062	0001.015
-04.4384	-01.7065	0001.016
-04.4344	-01.7065	0001.017
-04.4295	-01.7068	0001.018
-04.4255	-01.7071	0001.019
-04.4204	-01.7071	0001.020
-04.4167	-01.7068	0001.021
-04.4115	-01.7068	0001.022
-04.4072	-01.7074	0001.023
-04.4020	-01.7071	0001.024
-04.3993	-01.7068	0001.025
-04.3941	-01.7071	0001.026
-04.3886	-01.7068	0001.027
-04.3850	-01.7068	0001.028
-04.3801	-01.7068	0001.029
-04.3764	-01.7071	0001.030
-04.3709	-01.7071	0001.031
-04.3666	-01.7068	0001.032
-04.3624	-01.7077	0001.033
-04.3578	-01.7068	0001.034
-04.3532	-01.7071	0001.035
-04.3489	-01.7074	0001.036
-04.3444	-01.7074	0001.037
-04.3395	-01.7071	0001.038
-04.3349	-01.7077	0001.039
-04.3312	-01.7074	0001.040
-04.3264	-01.7074	0001.041
-04.3212	-01.7074	0001.042
-04.3166	-01.7068	0001.043
-04.3123	-01.7077	0001.044
-04.3081	-01.7074	0001.045
-04.3038	-01.7071	0001.046
-04.2989	-01.7074	0001.047
-04.2946	-01.7074	0001.048
-04.2900	-01.7074	0001.049
-04.2855	-01.7071	0001.050
-04.2806	-01.7074	0001.051
-04.2766	-01.7074	0001.052
-04.2717	-01.7071	0001.053
-04.2675	-01.7074	0001.054
-04.2632	-01.7074	0001.055
-04.2583	-01.7077	0001.056
-04.2537	-01.7077	0001.057
-04.2498	-01.7071	0001.058
-04.2443	-01.7074	0001.059
-04.2403	-01.7071	0001.060
-04.2373	-01.7077	0001.061
-04.2308	-01.7074	0001.062
-04.2266	-01.7074	0001.063
-04.2223	-01.7074	0001.064
-04.2177	-01.7068	0001.065
-04.2134	-01.7068	0001.066
-04.2086	-01.7071	0001.067
-04.2043	-01.7071	0001.068
-04.1997	-01.7074	0001.069
-04.1954	-01.7071	0001.070
-04.1912	-01.7071	0001.071
-04.1872	-01.7068	0001.072
-04.1820	-01.7071	0001.073
-04.1774	-01.7068	0001.074
-04.1735	-01.7071	0001.075
-04.1683	-01.7071	0001.076
-04.1640	-01.7068	0001.077
-04.1597	-01.7068	0001.078
-04.1542	-01.7068	0001.079
-04.1500	-01.7068	0001.080
-04.1460	-01.7068	0001.081
-04.1411	-01.7068	0001.082
-04.1365	-01.7071	0001.083
-04.1323	-01.7068	0001.084
-04.1274	-01.7068	0001.085
-04.1228	-01.7068	0001.086
-04.1188	-01.7065	0001.087
-04.1146	-01.7068	0001.088
-04.1097	-01.7068	0001.089
-04.1057	-01.7068	0001.090
-04.1002	-01.7065	0001.091
-04.0966	-01.7068	0001.092
-04.0917	-01.7065	0001.093
-04.0874	-01.7065	0001.094
-04.0828	-01.7065	0001.095
-04.0786	-01.7065	0001.096
-04.0740	-01.7065	0001.097
-04.0691	-01.7062	0001.098
-04.0651	-01.7068	0001.099
-04.0599	-01.7065	0001.100
-04.0557	-01.7062	0001.101
-04.0511	-01.7059	0001.102
-04.0465	-01.7062	0001.103
-04.0422	-01.7065	0001.104
-04.0374	-01.7062	0001.105
-04.0328	-01.7062	0001.106
-04.0288	-01.7062	0001.107
-04.0239	-01.7062	0001.108
-04.0197	-01.7059	0001.109
-04.0154	-01.7056	0001.110
-04.0102	-01.7059	0001.111
-04.0062	-01.7056	0001.112
-04.0014	-01.7056	0001.113
-03.9968	-01.7056	0001.114
-03.9928	-01.7059	0001.115
-03.9882	-01.7056	0001.116
-03.9830	-01.7056	0001.117
-03.9794	-01.7056	0001.118
-03.9742	-01.7056	0001.119
-03.9696	-01.7056	0001.120
-03.9650	-01.7053	0001.121
-03.9611	-01.7059	0001.122
-03.9565	-01.7056	0001.123
-03.9522	-01.7053	0001.124
-03.9479	-01.7053	0001.125
-03.9428	-01.7053	0001.126
-03.9385	-01.7056	0001.127
-03.9339	-01.7053	0001.128
-03.9287	-01.7053	0001.129
-03.9248	-01.7053	0001.130
-03.9208	-01.7053	0001.131
-03.9159	-01.7050	0001.132
-03.9119	-01.7047	0001.133
-03.9064	-01.7050	0001.134
-03.9025	-01.7044	0001.135
-03.8985	-01.7047	0001.136
-03.8930	-01.7050	0001.137
-03.8890	-01.7050	0001.138
-03.8854	-01.7047	0001.139
-03.8796	-01.7047	0001.140
-03.8759	-01.7050	0001.141
-03.8707	-01.7044	0001.142
-03.8665	-01.7044	0001.143
-03.8619	-01.7041	0001.144
-03.8576	-01.7044	0001.145
-03.8530	-01.7041	0001.146
-03.8485	-01.7044	0001.147
-03.8442	-01.7044	0001.148
-03.8393	-01.7041	0001.149
-03.8347	-01.7041	0001.150
-03.8308	-01.7041	0001.151
-03.8253	-01.7041	0001.152
-03.8207	-01.7041	0001.153
-03.8167	-01.7038	0001.154
-03.8128	-01.7038	0001.155
-03.8076	-01.7038	0001.156
-03.8030	-01.7038	0001.157
-03.7990	-01.7038	0001.158
-03.7941	-01.7038	0001.159
-03.7893	-01.7031	0001.160
-03.7856	-01.7035	0001.161
-03.7810	-01.7038	0001.162
-03.7767	-01.7031	0001.163
-03.7722	-01.7035	0001.164
-03.7676	-01.7031	0001.165
-03.7627	-01.7031	0001.166
-03.7584	-01.7028	0001.167
-03.7535	-01.7031	0001.168
-03.7490	-01.7028	0001.169
-03.7450	-01.7028	0001.170
-03.7401	-01.7025	0001.171
-03.7358	-01.7031	0001.172
-03.7313	-01.7031	0001.173
-03.7273	-01.7025	0001.174
-03.7221	-01.7025	0001.175
-03.7185	-01.7028	0001.176
-03.7130	-01.7025	0001.177
-03.7084	-01.7022	0001.178
-03.7044	-01.7025	0001.179
-03.6998	-01.7022	0001.180
-03.6953	-01.7022	0001.181
-03.6907	-01.7019	0001.182
-03.6861	-01.7022	0001.183
-03.6818	-01.7019	0001.184
-03.6769	-01.7016	0001.185
-03.6727	-01.7019	0001.186
-03.6684	-01.7019	0001.187
-03.6629	-01.7019	0001.188
-03.6592	-01.7016	0001.189
-03.6550	-01.7013	0001.190
-03.6501	-01.7016	0001.191
-03.6458	-01.7016	0001.192
-03.6419	-01.7013	0001.193
-03.6370	-01.7013	0001.194
-03.6324	-01.7013	0001.195
-03.6278	-01.7013	0001.196
-03.6226	-01.7013	0001.197
-03.6193	-01.7007	0001.198
-03.6138	-01.7010	0001.199
-03.6092	-01.7013	0001.200
-03.6049	-01.7007	0001.201
-03.6000	-01.7007	0001.202
-03.5958	-01.7007	0001.203
-03.5918	-01.7007	0001.204
-03.5869	-01.7004	0001.205
-03.5826	-01.7007	0001.206
-03.5775	-01.7001	0001.207
-03.5735	-01.7001	0001.208
-03.5686	-01.7004	0001.209
-03.5643	-01.7007	0001.210
-03.5604	-01.7001	0001.211
-03.5552	-01.6998	0001.212
-03.5515	-01.7001	0001.213
-03.5463	-01.6995	0001.214
-03.5415	-01.6995	0001.215
-03.5372	-01.6995	0001.216
-03.5329	-01.6995	0001.217
-03.5283	-01.6995	0001.218
-03.5234	-01.6995	0001.219
-03.5195	-01.6995	0001.220
-03.5149	-01.6995	0001.221
-03.5100	-01.6995	0001.222
-03.5061	-01.6992	0001.223
-03.5015	-01.6989	0001.224
-03.4972	-01.6989	0001.225
-03.4923	-01.6989	0001.226
-03.4884	-01.6992	0001.227
-03.4832	-01.6986	0001.228
-03.4789	-01.6989	0001.229
-03.4749	-01.6986	0001.230
-03.4700	-01.6983	0001.231
-03.4655	-01.6986	0001.232
-03.4612	-01.6986	0001.233
-03.4566	-01.6986	0001.234
-03.4520	-01.6986	0001.235
-03.4472	-01.6983	0001.236
-03.4426	-01.6980	0001.237
-03.4389	-01.6983	0001.238
-03.4340	-01.6980	0001.239
-03.4288	-01.6977	0001.240
-03.4243	-01.6974	0001.241
-03.4206	-01.6980	0001.242
-03.4157	-01.6980	0001.243
-03.4108	-01.6983	0001.244
-03.4063	-01.6977	0001.245
-03.4020	-01.6974	0001.246
-03.3977	-01.6974	0001.247
-03.3928	-01.6977	0001.248
-03.3886	-01.6970	0001.249
-03.3846	-01.6977	0001.250
-03.3794	-01.6967	0001.251
-03.3748	-01.6967	0001.252
-03.3706	-01.6970	0001.253
-03.3660	-01.6961	0001.254
-03.3617	-01.6967	0001.255
-03.3574	-01.6967	0001.256
-03.3525	-01.6964	0001.257
-03.3483	-01.6967	0001.258
-03.3437	-01.6961	0001.259
-03.3394	-01.6964	0001.260
-03.3345	-01.6961	0001.261
-03.3297	-01.6961	0001.262
-03.3254	-01.6964	0001.263
-03.3211	-01.6955	0001.264
-03.3162	-01.6961	0001.265
-03.3123	-01.6964	0001.266
-03.3074	-01.6952	0001.267
-03.3031	-01.6958	0001.268
-03.2985	-01.6952	0001.269
-03.2943	-01.6955	0001.270
-03.2891	-01.6955	0001.271
-03.2851	-01.6949	0001.272
-03.2808	-01.6955	0001.273
-03.2766	-01.6949	0001.274
-03.2717	-01.6952	0001.275
-03.2671	-01.6949	0001.276
-03.2628	-01.6949	0001.277
-03.2582	-01.6949	0001.278
-03.2534	-01.6952	0001.279
-03.2494	-01.6946	0001.280
-03.2445	-01.6946	0001.281
-03.2399	-01.6949	0001.282
-03.2347	-01.6943	0001.283
-03.2311	-01.6943	0001.284
-03.2265	-01.6943	0001.285
-03.2219	-01.6940	0001.286
-03.2177	-01.6940	0001.287
-03.2125	-01.6937	0001.288
-03.2088	-01.6940	0001.289
-03.2042	-01.6940	0001.290
-03.1990	-01.6934	0001.291
-03.1945	-01.6937	0001.292
-03.1902	-01.6934	0001.293
-03.1859	-01.6928	0001.294
-03.1810	-01.6934	0001.295
-03.1768	-01.6931	0001.296
-03.1719	-01.6934	0001.297
-03.1676	-01.6928	0001.298
-03.1636	-01.6928	0001.299
-03.1582	-01.6931	0001.300
-03.1551	-01.6928	0001.301
-03.1505	-01.6925	0001.302
-03.1450	-01.6925	0001.303
-03.1401	-01.6922	0001.304
-03.1362	-01.6922	0001.305
-03.1316	-01.6925	0001.306
-03.1270	-01.6922	0001.307
-03.1227	-01.6919	0001.308
-03.1185	-01.6922	0001.309
-03.1133	-01.6919	0001.310
-03.1093	-01.6919	0001.311
-03.1044	-01.6916	0001.312
-03.1002	-01.6916	0001.313
-03.0959	-01.6916	0001.314
-03.0910	-01.6909	0001.315
-03.0877	-01.6912	0001.316
-03.0822	-01.6912	0001.317
-03.0776	-01.6909	0001.318
-03.0727	-01.6912	0001.319
-03.0693	-01.6909	0001.320
-03.0642	-01.6909	0001.321
-03.0602	-01.6906	0001.322
-03.0553	-01.6906	0001.323
-03.0510	-01.6906	0001.324
-03.0468	-01.6906	0001.325
-03.0410	-01.6903	0001.326
-03.0367	-01.6900	0001.327
-03.0330	-01.6903	0001.328
-03.0285	-01.6897	0001.329
-03.0239	-01.6900	0001.330
-03.0187	-01.6894	0001.331
-03.0144	-01.6900	0001.332
-03.0098	-01.6897	0001.333
-03.0062	-01.6894	0001.334
-03.0007	-01.6894	0001.335
-02.9967	-01.6894	0001.336
-02.9921	-01.6894	0001.337
-02.9882	-01.6891	0001.338
-02.9833	-01.6891	0001.339
-02.9787	-01.6891	0001.340
-02.9744	-01.6888	0001.341
-02.9692	-01.6891	0001.342
-02.9647	-01.6888	0001.343
-02.9610	-01.6882	0001.344
-02.9561	-01.6885	0001.345
-02.9515	-01.6882	0001.346
-02.9470	-01.6885	0001.347
-02.9424	-01.6882	0001.348
-02.9381	-01.6876	0001.349
-02.9332	-01.6882	0001.350
-02.9293	-01.6879	0001.351
-02.9253	-01.6876	0001.352
-02.9207	-01.6879	0001.353
-02.9155	-01.6879	0001.354
-02.9100	-01.6873	0001.355
-02.9070	-01.6876	0001.356
-02.9024	-01.6873	0001.357
-02.8972	-01.6873	0001.358
-02.8930	-01.6870	0001.359
-02.8884	-01.6873	0001.360
-02.8841	-01.6867	0001.361
-02.8795	-01.6864	0001.362
-02.8746	-01.6867	0001.363
-02.8710	-01.6864	0001.364
-02.8655	-01.6864	0001.365
-02.8612	-01.6864	0001.366
-02.8569	-01.6861	0001.367
-02.8524	-01.6858	0001.368
-02.8478	-01.6858	0001.369
-02.8432	-01.6858	0001.370
-02.8383	-01.6858	0001.371
-02.8353	-01.6858	0001.372
-02.8301	-01.6854	0001.373
-02.8255	-01.6854	0001.374
-02.8209	-01.6851	0001.375
-02.8170	-01.6851	0001.376
-02.8124	-01.6848	0001.377
-02.8069	-01.6848	0001.378
-02.8041	-01.6848	0001.379
-02.7983	-01.6848	0001.380
-02.7938	-01.6848	0001.381
-02.7889	-01.6845	0001.382
-02.7849	-01.6839	0001.383
-02.7806	-01.6842	0001.384
-02.7764	-01.6842	0001.385
-02.7718	-01.6842	0001.386
-02.7672	-01.6842	0001.387
-02.7626	-01.6839	0001.388
-02.7584	-01.6839	0001.389
-02.7532	-01.6839	0001.390
-02.7495	-01.6836	0001.391
-02.7443	-01.6833	0001.392
-02.7394	-01.6830	0001.393
-02.7352	-01.6836	0001.394
-02.7309	-01.6833	0001.395
-02.7263	-01.6833	0001.396
-02.7217	-01.6830	0001.397
-02.7169	-01.6827	0001.398
-02.7132	-01.6827	0001.399
-02.7080	-01.6827	0001.400
-02.7031	-01.6824	0001.401
-02.6992	-01.6824	0001.402
-02.6952	-01.6818	0001.403
-02.6900	-01.6821	0001.404
-02.6851	-01.6818	0001.405
-02.6812	-01.6818	0001.406
-02.6769	-01.6818	0001.407
-02.6726	-01.6818	0001.408
-02.6677	-01.6815	0001.409
-02.6629	-01.6812	0001.410
-02.6586	-01.6815	0001.411
-02.6543	-01.6809	0001.412
-02.6497	-01.6812	0001.413
-02.6451	-01.6809	0001.414
-02.6412	-01.6812	0001.415
-02.6363	-01.6809	0001.416
-02.6320	-01.6806	0001.417
-02.6274	-01.6803	0001.418
-02.6229	-01.6800	0001.419
-02.6180	-01.6800	0001.420
-02.6140	-01.6803	0001.421
-02.6088	-01.6797	0001.422
-02.6049	-01.6793	0001.423
-02.6000	-01.6797	0001.424
-02.5963	-01.6800	0001.425
-02.5911	-01.6790	0001.426
-02.5866	-01.6797	0001.427
-02.5820	-01.6793	0001.428
-02.5774	-01.6793	0001.429
-02.5728	-01.6790	0001.430
-02.5689	-01.6787	0001.431
-02.5640	-01.6787	0001.432
-02.5597	-01.6784	0001.433
-02.5548	-01.6784	0001.434
-02.5509	-01.6784	0001.435
-02.5463	-01.6781	0001.436
-02.5414	-01.6784	0001.437
-02.5365	-01.6781	0001.438
-02.5325	-01.6781	0001.439
-02.5283	-01.6775	0001.440
-02.5234	-01.6775	0001.441
-02.5197	-01.6775	0001.442
-02.5148	-01.6772	0001.443
-02.5100	-01.6775	0001.444
-02.5060	-01.6769	0001.445
-02.5011	-01.6772	0001.446
-02.4965	-01.6766	0001.447
-02.4920	-01.6766	0001.448
-02.4874	-01.6766	0001.449
-02.4837	-01.6766	0001.450
-02.4788	-01.6760	0001.451
-02.4739	-01.6763	0001.452
-02.4697	-01.6760	0001.453
-02.4657	-01.6760	0001.454
-02.4608	-01.6760	0001.455
-02.4556	-01.6760	0001.456
-02.4511	-01.6757	0001.457
-02.4468	-01.6754	0001.458
-02.4419	-01.6754	0001.459
-02.4379	-01.6754	0001.460
-02.4327	-01.6751	0001.461
-02.4291	-01.6754	0001.462
-02.4248	-01.6745	0001.463
-02.4199	-01.6748	0001.464
-02.4147	-01.6745	0001.465
-02.4111	-01.6745	0001.466
-02.4065	-01.6742	0001.467
-02.4016	-01.6739	0001.468
-02.3973	-01.6739	0001.469
-02.3931	-01.6739	0001.470
-02.3885	-01.6739	0001.471
-02.3839	-01.6735	0001.472
-02.3796	-01.6739	0001.473
-02.3754	-01.6735	0001.474
-02.3702	-01.6735	0001.475
-02.3659	-01.6732	0001.476
-02.3610	-01.6729	0001.477
-02.3571	-01.6729	0001.478
-02.3525	-01.6726	0001.479
-02.3482	-01.6723	0001.480
-02.3430	-01.6723	0001.481
-02.3391	-01.6726	0001.482
-02.3342	-01.6720	0001.483
-02.3296	-01.6717	0001.484
-02.3253	-01.6717	0001.485
-02.3204	-01.6714	0001.486
-02.3162	-01.6717	0001.487
-02.3113	-01.6717	0001.488
-02.3076	-01.6708	0001.489
-02.3027	-01.6708	0001.490
-02.2988	-01.6714	0001.491
-02.2939	-01.6708	0001.492
-02.2893	-01.6708	0001.493
-02.2847	-01.6708	0001.494
-02.2805	-01.6705	0001.495
-02.2762	-01.6708	0001.496
-02.2710	-01.6702	0001.497
-02.2670	-01.6696	0001.498
-02.2622	-01.6699	0001.499
-02.2576	-01.6696	0001.500
-02.2533	-01.6699	0001.501
-02.2490	-01.6693	0001.502
-02.2438	-01.6693	0001.503
-02.2396	-01.6693	0001.504
-02.2356	-01.6693	0001.505
-02.2307	-01.6690	0001.506
-02.2261	-01.6687	0001.507
-02.2222	-01.6690	0001.508
-02.2173	-01.6681	0001.509
-02.2127	-01.6684	0001.510
-02.2075	-01.6681	0001.511
-02.2033	-01.6677	0001.512
-02.1996	-01.6674	0001.513
-02.1944	-01.6677	0001.514
-02.1898	-01.6674	0001.515
-02.1859	-01.6677	0001.516
-02.1813	-01.6671	0001.517
-02.1764	-01.6671	0001.518
-02.1724	-01.6668	0001.519
-02.1672	-01.6668	0001.520
-02.1636	-01.6665	0001.521
-02.1587	-01.6662	0001.522
-02.1538	-01.6662	0001.523
-02.1495	-01.6662	0001.524
-02.1447	-01.6659	0001.525
-02.1407	-01.6656	0001.526
-02.1358	-01.6659	0001.527
-02.1315	-01.6653	0001.528
-02.1270	-01.6653	0001.529
-02.1227	-01.6650	0001.530
-02.1181	-01.6650	0001.531
-02.1129	-01.6647	0001.532
-02.1090	-01.6647	0001.533
-02.1044	-01.6647	0001.534
-02.0995	-01.6647	0001.535
-02.0955	-01.6644	0001.536
-02.0916	-01.6638	0001.537
-02.0864	-01.6641	0001.538
-02.0824	-01.6638	0001.539
-02.0775	-01.6638	0001.540
-02.0729	-01.6638	0001.541
-02.0687	-01.6635	0001.542
-02.0641	-01.6632	0001.543
-02.0595	-01.6632	0001.544
-02.0552	-01.6629	0001.545
-02.0504	-01.6629	0001.546
-02.0455	-01.6623	0001.547
-02.0421	-01.6623	0001.548
-02.0372	-01.6623	0001.549
-02.0321	-01.6623	0001.550
-02.0281	-01.6613	0001.551
-02.0229	-01.6620	0001.552
-02.0195	-01.6610	0001.553
-02.0147	-01.6613	0001.554
-02.0092	-01.6616	0001.555
-02.0052	-01.6610	0001.556
-02.0012	-01.6607	0001.557
-01.9967	-01.6607	0001.558
-01.9924	-01.6604	0001.559
-01.9872	-01.6601	0001.560
-01.9832	-01.6604	0001.561
-01.9783	-01.6598	0001.562
-01.9741	-01.6598	0001.563
-01.9692	-01.6598	0001.564
-01.9646	-01.6592	0001.565
-01.9603	-01.6592	0001.566
-01.9558	-01.6595	0001.567
-01.9512	-01.6589	0001.568
-01.9466	-01.6589	0001.569
-01.9423	-01.6589	0001.570
-01.9378	-01.6583	0001.571
-01.9338	-01.6583	0001.572
-01.9286	-01.6586	0001.573
-01.9240	-01.6577	0001.574
-01.9194	-01.6580	0001.575
-01.9152	-01.6574	0001.576
-01.9106	-01.6574	0001.577
-01.9063	-01.6571	0001.578
-01.9014	-01.6574	0001.579
-01.8975	-01.6571	0001.580
-01.8932	-01.6565	0001.581
-01.8883	-01.6565	0001.582
-01.8837	-01.6565	0001.583
-01.8795	-01.6562	0001.584
-01.8746	-01.6562	0001.585
-01.8700	-01.6558	0001.586
-01.8657	-01.6552	0001.587
-01.8615	-01.6552	0001.588
-01.8569	-01.6552	0001.589
-01.8520	-01.6552	0001.590
-01.8474	-01.6549	0001.591
-01.8431	-01.6546	0001.592
-01.8386	-01.6549	0001.593
-01.8343	-01.6543	0001.594
-01.8294	-01.6546	0001.595
-01.8251	-01.6537	0001.596
-01.8209	-01.6540	0001.597
-01.8163	-01.6534	0001.598
-01.8114	-01.6531	0001.599
-01.8071	-01.6528	0001.600
-01.8029	-01.6528	0001.601
-01.7983	-01.6528	0001.602
-01.7940	-01.6528	0001.603
-01.7894	-01.6525	0001.604
-01.7846	-01.6525	0001.605
-01.7797	-01.6519	0001.606
-01.7754	-01.6516	0001.607
-01.7714	-01.6519	0001.608
-01.7665	-01.6510	0001.609
-01.7620	-01.6513	0001.610
-01.7577	-01.6510	0001.611
-01.7534	-01.6507	0001.612
-01.7485	-01.6504	0001.613
-01.7437	-01.6504	0001.614
-01.7394	-01.6500	0001.615
-01.7348	-01.6497	0001.616
-01.7305	-01.6497	0001.617
-01.7260	-01.6494	0001.618
-01.7214	-01.6497	0001.619
-01.7168	-01.6488	0001.620
-01.7128	-01.6491	0001.621
-01.7086	-01.6488	0001.622
-01.7031	-01.6488	0001.623
-01.6991	-01.6476	0001.624
-01.6942	-01.6485	0001.625
-01.6899	-01.6479	0001.626
-01.6854	-01.6476	0001.627
-01.6811	-01.6476	0001.628
-01.6762	-01.6473	0001.629
-01.6726	-01.6473	0001.630
-01.6677	-01.6470	0001.631
-01.6631	-01.6464	0001.632
-01.6585	-01.6464	0001.633
-01.6536	-01.6461	0001.634
-01.6497	-01.6458	0001.635
-01.6451	-01.6455	0001.636
-01.6405	-01.6452	0001.637
-01.6359	-01.6452	0001.638
-01.6314	-01.6455	0001.639
-01.6268	-01.6449	0001.640
-01.6222	-01.6446	0001.641
-01.6179	-01.6446	0001.642
-01.6137	-01.6443	0001.643
-01.6082	-01.6439	0001.644
-01.6045	-01.6439	0001.645
-01.5996	-01.6433	0001.646
-01.5953	-01.6430	0001.647
-01.5911	-01.6433	0001.648
-01.5862	-01.6427	0001.649
-01.5819	-01.6424	0001.650
-01.5773	-01.6427	0001.651
-01.5731	-01.6421	0001.652
-01.5679	-01.6418	0001.653
-01.5633	-01.6418	0001.654
-01.5596	-01.6412	0001.655
-01.5551	-01.6412	0001.656
-01.5502	-01.6412	0001.657
-01.5453	-01.6406	0001.658
-01.5413	-01.6403	0001.659
-01.5368	-01.6400	0001.660
-01.5319	-01.6400	0001.661
-01.5270	-01.6397	0001.662
-01.5236	-01.6397	0001.663
-01.5184	-01.6388	0001.664
-01.5142	-01.6391	0001.665
-01.5099	-01.6388	0001.666
-01.5050	-01.6388	0001.667
-01.5001	-01.6378	0001.668
-01.4959	-01.6378	0001.669
-01.4916	-01.6378	0001.670
-01.4873	-01.6372	0001.671
-01.4830	-01.6372	0001.672
-01.4772	-01.6369	0001.673
-01.4739	-01.6366	0001.674
-01.4687	-01.6366	0001.675
-01.4644	-01.6360	0001.676
-01.4605	-01.6360	0001.677
-01.4553	-01.6360	0001.678
-01.4513	-01.6354	0001.679
-01.4464	-01.6351	0001.680
-01.4421	-01.6345	0001.681
-01.4376	-01.6342	0001.682
-01.4330	-01.6342	0001.683
-01.4284	-01.6339	0001.684
-01.4241	-01.6342	0001.685
-01.4190	-01.6333	0001.686
-01.4150	-01.6336	0001.687
-01.4104	-01.6330	0001.688
-01.4061	-01.6323	0001.689
-01.4016	-01.6320	0001.690
-01.3973	-01.6323	0001.691
-01.3924	-01.6317	0001.692
-01.3875	-01.6314	0001.693
-01.3836	-01.6311	0001.694
-01.3793	-01.6308	0001.695
-01.3747	-01.6311	0001.696
-01.3698	-01.6305	0001.697
-01.3655	-01.6299	0001.698
-01.3607	-01.6299	0001.699
-01.3570	-01.6293	0001.700
-01.3518	-01.6293	0001.701
-01.3475	-01.6287	0001.702
-01.3433	-01.6284	0001.703
-01.3390	-01.6281	0001.704
-01.3338	-01.6278	0001.705
-01.3292	-01.6278	0001.706
-01.3253	-01.6272	0001.707
-01.3207	-01.6266	0001.708
-01.3161	-01.6269	0001.709
-01.3115	-01.6262	0001.710
-01.3070	-01.6259	0001.711
-01.3027	-01.6259	0001.712
-01.2975	-01.6256	0001.713
-01.2935	-01.6250	0001.714
-01.2893	-01.6250	0001.715
-01.2844	-01.6244	0001.716
-01.2801	-01.6241	0001.717
-01.2755	-01.6241	0001.718
-01.2706	-01.6235	0001.719
-01.2661	-01.6232	0001.720
-01.2618	-01.6229	0001.721
-01.2578	-01.6223	0001.722
-01.2529	-01.6223	0001.723
-01.2484	-01.6220	0001.724
-01.2438	-01.6217	0001.725
-01.2392	-01.6214	0001.726
-01.2352	-01.6204	0001.727
-01.2297	-01.6204	0001.728
-01.2258	-01.6198	0001.729
-01.2212	-01.6198	0001.730
-01.2166	-01.6195	0001.731
-01.2127	-01.6192	0001.732
-01.2081	-01.6192	0001.733
-01.2032	-01.6183	0001.734
-01.1986	-01.6180	0001.735
-01.1937	-01.6180	0001.736
-01.1895	-01.6174	0001.737
-01.1855	-01.6174	0001.738
-01.1806	-01.6165	0001.739
-01.1763	-01.6162	0001.740
-01.1715	-01.6159	0001.741
-01.1675	-01.6153	0001.742
-01.1623	-01.6150	0001.743
-01.1580	-01.6146	0001.744
-01.1541	-01.6143	0001.745
-01.1495	-01.6140	0001.746
-01.1449	-01.6134	0001.747
-01.1397	-01.6131	0001.748
-01.1358	-01.6131	0001.749
-01.1312	-01.6128	0001.750
-01.1266	-01.6119	0001.751
-01.1223	-01.6119	0001.752
-01.1177	-01.6113	0001.753
-01.1129	-01.6107	0001.754
-01.1086	-01.6107	0001.755
-01.1040	-01.6101	0001.756
-01.0997	-01.6092	0001.757
-01.0955	-01.6092	0001.758
-01.0906	-01.6082	0001.759
-01.0860	-01.6085	0001.760
-01.0817	-01.6079	0001.761
-01.0769	-01.6076	0001.762
-01.0726	-01.6073	0001.763
-01.0680	-01.6067	0001.764
-01.0634	-01.6061	0001.765
-01.0592	-01.6061	0001.766
-01.0543	-01.6052	0001.767
-01.0494	-01.6049	0001.768
-01.0457	-01.6046	0001.769
-01.0411	-01.6040	0001.770
-01.0366	-01.6037	0001.771
-01.0317	-01.6034	0001.772
-01.0274	-01.6031	0001.773
-01.0234	-01.6024	0001.774
-01.0186	-01.6015	0001.775
-01.0140	-01.6018	0001.776
-01.0100	-01.6006	0001.777
-01.0048	-01.6012	0001.778
-01.0006	-01.6000	0001.779
-00.9963	-01.6000	0001.780
-00.9914	-01.5991	0001.781
-00.9871	-01.5988	0001.782
-00.9822	-01.5979	0001.783
-00.9777	-01.5976	0001.784
-00.9734	-01.5969	0001.785
-00.9691	-01.5969	0001.786
-00.9639	-01.5966	0001.787
-00.9600	-01.5957	0001.788
-00.9557	-01.5954	0001.789
-00.9517	-01.5951	0001.790
-00.9465	-01.5942	0001.791
-00.9417	-01.5942	0001.792
-00.9374	-01.5933	0001.793
-00.9322	-01.5927	0001.794
-00.9285	-01.5918	0001.795
-00.9237	-01.5921	0001.796
-00.9194	-01.5915	0001.797
-00.9148	-01.5905	0001.798
-00.9102	-01.5905	0001.799
-00.9060	-01.5893	0001.800
-00.9014	-01.5893	0001.801
-00.8965	-01.5884	0001.802
-00.8922	-01.5878	0001.803
-00.8876	-01.5875	0001.804
-00.8837	-01.5866	0001.805
-00.8791	-01.5866	0001.806
-00.8742	-01.5857	0001.807
-00.8702	-01.5854	0001.808
-00.8651	-01.5850	0001.809
-00.8605	-01.5838	0001.810
-00.8565	-01.5838	0001.811
-00.8513	-01.5829	0001.812
-00.8474	-01.5826	0001.813
-00.8431	-01.5823	0001.814
-00.8382	-01.5814	0001.815
-00.8339	-01.5808	0001.816
-00.8290	-01.5808	0001.817
-00.8251	-01.5796	0001.818
-00.8202	-01.5789	0001.819
-00.8156	-01.5786	0001.820
-00.8110	-01.5777	0001.821
-00.8065	-01.5774	0001.822
-00.8022	-01.5762	0001.823
-00.7976	-01.5762	0001.824
-00.7930	-01.5756	0001.825
-00.7888	-01.5744	0001.826
-00.7839	-01.5744	0001.827
-00.7802	-01.5734	0001.828
-00.7753	-01.5731	0001.829
-00.7708	-01.5722	0001.830
-00.7659	-01.5716	0001.831
-00.7616	-01.5710	0001.832
-00.7576	-01.5707	0001.833
-00.7528	-01.5698	0001.834
-00.7479	-01.5689	0001.835
-00.7442	-01.5686	0001.836
-00.7393	-01.5677	0001.837
-00.7351	-01.5667	0001.838
-00.7302	-01.5664	0001.839
-00.7259	-01.5658	0001.840
-00.7213	-01.5652	0001.841
-00.7164	-01.5643	0001.842
-00.7122	-01.5640	0001.843
-00.7073	-01.5628	0001.844
-00.7033	-01.5625	0001.845
-00.6984	-01.5615	0001.846
-00.6942	-01.5609	0001.847
-00.6899	-01.5603	0001.848
-00.6850	-01.5591	0001.849
-00.6804	-01.5591	0001.850
-00.6762	-01.5582	0001.851
-00.6719	-01.5573	0001.852
-00.6673	-01.5570	0001.853
-00.6624	-01.5561	0001.854
-00.6575	-01.5554	0001.855
-00.6539	-01.5548	0001.856
-00.6487	-01.5539	0001.857
-00.6441	-01.5530	0001.858
-00.6395	-01.5524	0001.859
-00.6356	-01.5515	0001.860
-00.6310	-01.5509	0001.861
-00.6264	-01.5503	0001.862
-00.6218	-01.5490	0001.863
-00.6173	-01.5487	0001.864
-00.6130	-01.5475	0001.865
-00.6084	-01.5469	0001.866
-00.6038	-01.5460	0001.867
-00.5993	-01.5454	0001.868
-00.5950	-01.5442	0001.869
-00.5907	-01.5438	0001.870
-00.5864	-01.5429	0001.871
-00.5809	-01.5420	0001.872
-00.5770	-01.5414	0001.873
-00.5724	-01.5402	0001.874
-00.5684	-01.5396	0001.875
-00.5632	-01.5390	0001.876
-00.5590	-01.5377	0001.877
-00.5544	-01.5371	0001.878
-00.5498	-01.5365	0001.879
-00.5452	-01.5353	0001.880
-00.5410	-01.5341	0001.881
-00.5367	-01.5338	0001.882
-00.5318	-01.5329	0001.883
-00.5278	-01.5323	0001.884
-00.5227	-01.5310	0001.885
-00.5181	-01.5304	0001.886
-00.5141	-01.5292	0001.887
-00.5098	-01.5283	0001.888
-00.5053	-01.5277	0001.889
-00.5004	-01.5268	0001.890
-00.4961	-01.5255	0001.891
-00.4915	-01.5249	0001.892
-00.4869	-01.5237	0001.893
-00.4824	-01.5231	0001.894
-00.4781	-01.5222	0001.895
-00.4738	-01.5213	0001.896
-00.4686	-01.5200	0001.897
-00.4641	-01.5191	0001.898
-00.4598	-01.5185	0001.899
-00.4555	-01.5176	0001.900
-00.4506	-01.5164	0001.901
-00.4464	-01.5152	0001.902
-00.4421	-01.5142	0001.903
-00.4375	-01.5130	0001.904
-00.4323	-01.5121	0001.905
-00.4287	-01.5115	0001.906
-00.4238	-01.5106	0001.907
-00.4192	-01.5094	0001.908
-00.4143	-01.5081	0001.909
-00.4100	-01.5075	0001.910
-00.4058	-01.5066	0001.911
-00.4012	-01.5054	0001.912
-00.3963	-01.5042	0001.913
-00.3923	-01.5033	0001.914
-00.3878	-01.5026	0001.915
-00.3829	-01.5011	0001.916
-00.3789	-01.5002	0001.917
-00.3740	-01.4990	0001.918
-00.3701	-01.4981	0001.919
-00.3652	-01.4972	0001.920
-00.3609	-01.4959	0001.921
-00.3563	-01.4944	0001.922
-00.3521	-01.4935	0001.923
-00.3472	-01.4923	0001.924
-00.3423	-01.4911	0001.925
-00.3380	-01.4904	0001.926
-00.3334	-01.4892	0001.927
-00.3292	-01.4880	0001.928
-00.3246	-01.4871	0001.929
-00.3200	-01.4856	0001.930
-00.3160	-01.4846	0001.931
-00.3112	-01.4831	0001.932
-00.3066	-01.4822	0001.933
-00.3020	-01.4813	0001.934
-00.2974	-01.4801	0001.935
-00.2932	-01.4788	0001.936
-00.2886	-01.4779	0001.937
-00.2840	-01.4767	0001.938
-00.2797	-01.4752	0001.939
-00.2752	-01.4737	0001.940
-00.2703	-01.4727	0001.941
-00.2666	-01.4715	0001.942
-00.2617	-01.4706	0001.943
-00.2571	-01.4694	0001.944
-00.2523	-01.4682	0001.945
-00.2483	-01.4666	0001.946
-00.2431	-01.4654	0001.947
-00.2388	-01.4645	0001.948
-00.2346	-01.4630	0001.949
-00.2297	-01.4621	0001.950
-00.2257	-01.4602	0001.951
-00.2208	-01.4593	0001.952
-00.2166	-01.4575	0001.953
-00.2120	-01.4566	0001.954
-00.2074	-01.4553	0001.955
-00.2031	-01.4538	0001.956
-00.1979	-01.4526	0001.957
-00.1937	-01.4511	0001.958
-00.1897	-01.4499	0001.959
-00.1845	-01.4483	0001.960
-00.1802	-01.4468	0001.961
-00.1760	-01.4456	0001.962
-00.1714	-01.4444	0001.963
-00.1668	-01.4431	0001.964
-00.1622	-01.4416	0001.965
-00.1577	-01.4401	0001.966
-00.1534	-01.4386	0001.967
-00.1488	-01.4370	0001.968
-00.1445	-01.4361	0001.969
-00.1400	-01.4346	0001.970
-00.1351	-01.4334	0001.971
-00.1311	-01.4315	0001.972
-00.1262	-01.4297	0001.973
-00.1220	-01.4282	0001.974
-00.1177	-01.4267	0001.975
-00.1128	-01.4248	0001.976
-00.1082	-01.4242	0001.977
-00.1040	-01.4224	0001.978
-00.0994	-01.4209	0001.979
-00.0948	-01.4190	0001.980
-00.0905	-01.4175	0001.981
-00.0859	-01.4163	0001.982
-00.0814	-01.4148	0001.983
-00.0768	-01.4129	0001.984
-00.0725	-01.4117	0001.985
-00.0676	-01.4099	0001.986
-00.0631	-01.4083	0001.987
-00.0588	-01.4065	0001.988
-00.0545	-01.4053	0001.989
-00.0499	-01.4035	0001.990
-00.0451	-01.4013	0001.991
-00.0408	-01.4004	0001.992
-00.0362	-01.3986	0001.993
-00.0319	-01.3971	0001.994
-00.0274	-01.3955	0001.995
-00.0228	-01.3937	0001.996
-00.0185	-01.3919	0001.997
-00.0139	-01.3903	0001.998
-00.0093	-01.3888	0001.999
