R,Ohm	C,pF	Temp,C
0000000000	0000100000	+025.00
Ch1,V	Ch2,V	Time,s
-00.0002	-00.0006	0000.000
-00.0005	-00.0006	0000.001
+00.0041	-00.0009	0000.002
+00.0087	-00.0003	0000.003
+00.0132	-00.0003	0000.004
+00.0175	-00.0006	0000.005
+00.0218	+00.0000	0000.006
+00.0267	+00.0000	0000.007
+00.0309	+00.0003	0000.008
+00.0358	+00.0010	0000.009
+00.0401	+00.0016	0000.010
+00.0447	+00.0019	0000.011
+00.0492	+00.0022	0000.012
+00.0538	+00.0031	0000.013
+00.0584	+00.0034	0000.014
+00.0627	+00.0043	0000.015
+00.0679	+00.0052	0000.016
+00.0718	+00.0055	0000.017
+00.0767	+00.0068	0000.018
+00.0804	+00.0071	0000.019
+00.0853	+00.0083	0000.020
+00.0892	+00.0092	0000.021
+00.0944	+00.0101	0000.022
+00.0990	+00.0113	0000.023
+00.1033	+00.0125	0000.024
+00.1081	+00.0135	0000.025
+00.1127	+00.0144	0000.026
+00.1170	+00.0159	0000.027
+00.1213	+00.0174	0000.028
+00.1262	+00.0190	0000.029
+00.1304	+00.0196	0000.030
+00.1347	+00.0214	0000.031
+00.1396	+00.0229	0000.032
+00.1435	+00.0241	0000.033
+00.1481	+00.0260	0000.034
+00.1527	+00.0275	0000.035
+00.1570	+00.0287	0000.036
+00.1616	+00.0302	0000.037
+00.1667	+00.0321	0000.038
+00.1707	+00.0339	0000.039
+00.1759	+00.0354	0000.040
+00.1796	+00.0373	0000.041
+00.1844	+00.0391	0000.042
+00.1884	+00.0403	0000.043
+00.1933	+00.0425	0000.044
+00.1979	+00.0446	0000.045
+00.2024	+00.0458	0000.046
+00.2067	+00.0483	0000.047
+00.2116	+00.0501	0000.048
+00.2162	+00.0522	0000.049
+00.2208	+00.0544	0000.050
+00.2247	+00.0559	0000.051
+00.2293	+00.0583	0000.052
+00.2342	+00.0605	0000.053
+00.2388	+00.0626	0000.054
+00.2427	+00.0647	0000.055
+00.2476	+00.0669	0000.056
+00.2516	+00.0693	0000.057
+00.2565	+00.0711	0000.058
+00.2607	+00.0733	0000.059
+00.2653	+00.0757	0000.060
+00.2702	+00.0779	0000.061
+00.2745	+00.0809	0000.062
+00.2790	+00.0824	0000.063
+00.2833	+00.0855	0000.064
+00.2882	+00.0879	0000.065
+00.2925	+00.0904	0000.066
+00.2970	+00.0922	0000.067
+00.3013	+00.0953	0000.068
+00.3062	+00.0980	0000.069
+00.3108	+00.1001	0000.070
+00.3154	+00.1029	0000.071
+00.3190	+00.1059	0000.072
+00.3239	+00.1084	0000.073
+00.3288	+00.1114	0000.074
+00.3331	+00.1139	0000.075
+00.3379	+00.1169	0000.076
+00.3422	+00.1197	0000.077
+00.3468	+00.1221	0000.078
+00.3511	+00.1252	0000.079
+00.3553	+00.1282	0000.080
+00.3605	+00.1310	0000.081
+00.3645	+00.1340	0000.082
+00.3697	+00.1374	0000.083
+00.3730	+00.1398	0000.084
+00.3788	+00.1429	0000.085
+00.3822	+00.1459	0000.086
+00.3871	+00.1496	0000.087
+00.3917	+00.1526	0000.088
+00.3959	+00.1551	0000.089
+00.4008	+00.1590	0000.090
+00.4054	+00.1618	0000.091
+00.4097	+00.1654	0000.092
+00.4142	+00.1688	0000.093
+00.4188	+00.1725	0000.094
+00.4228	+00.1752	0000.095
+00.4277	+00.1789	0000.096
+00.4319	+00.1819	0000.097
+00.4368	+00.1856	0000.098
+00.4417	+00.1889	0000.099
+00.4454	+00.1926	0000.100
+00.4499	+00.1960	0000.101
+00.4548	+00.1999	0000.102
+00.4594	+00.2033	0000.103
+00.4634	+00.2069	0000.104
+00.4692	+00.2106	0000.105
+00.4725	+00.2140	0000.106
+00.4777	+00.2176	0000.107
+00.4817	+00.2219	0000.108
+00.4863	+00.2256	0000.109
+00.4908	+00.2289	0000.110
+00.4954	+00.2329	0000.111
+00.4994	+00.2365	0000.112
+00.5043	+00.2402	0000.113
+00.5088	+00.2445	0000.114
+00.5137	+00.2478	0000.115
+00.5177	+00.2524	0000.116
+00.5223	+00.2564	0000.117
+00.5268	+00.2600	0000.118
+00.5317	+00.2640	0000.119
+00.5360	+00.2683	0000.120
+00.5400	+00.2719	0000.121
+00.5452	+00.2756	0000.122
+00.5497	+00.2802	0000.123
+00.5534	+00.2832	0000.124
+00.5583	+00.2881	0000.125
+00.5629	+00.2918	0000.126
+00.5671	+00.2958	0000.127
+00.5717	+00.3000	0000.128
+00.5766	+00.3046	0000.129
+00.5809	+00.3083	0000.130
+00.5854	+00.3128	0000.131
+00.5903	+00.3165	0000.132
+00.5946	+00.3208	0000.133
+00.5992	+00.3250	0000.134
+00.6031	+00.3290	0000.135
+00.6077	+00.3333	0000.136
+00.6126	+00.3376	0000.137
+00.6166	+00.3418	0000.138
+00.6215	+00.3461	0000.139
+00.6260	+00.3501	0000.140
+00.6303	+00.3540	0000.141
+00.6355	+00.3586	0000.142
+00.6392	+00.3632	0000.143
+00.6440	+00.3669	0000.144
+00.6486	+00.3714	0000.145
+00.6532	+00.3757	0000.146
+00.6572	+00.3803	0000.147
+00.6620	+00.3836	0000.148
+00.6669	+00.3882	0000.149
+00.6709	+00.3931	0000.150
+00.6752	+00.3971	0000.151
+00.6804	+00.4010	0000.152
+00.6846	+00.4056	0000.153
+00.6892	+00.4102	0000.154
+00.6938	+00.4142	0000.155
+00.6981	+00.4187	0000.156
+00.7026	+00.4230	0000.157
+00.7075	+00.4276	0000.158
+00.7115	+00.4319	0000.159
+00.7164	+00.4361	0000.160
+00.7206	+00.4404	0000.161
+00.7252	+00.4450	0000.162
+00.7301	+00.4490	0000.163
+00.7338	+00.4538	0000.164
+00.7389	+00.4584	0000.165
+00.7432	+00.4624	0000.166
+00.7478	+00.4670	0000.167
+00.7521	+00.4715	0000.168
+00.7569	+00.4758	0000.169
+00.7612	+00.4807	0000.170
+00.7655	+00.4850	0000.171
+00.7707	+00.4895	0000.172
+00.7753	+00.4941	0000.173
+00.7792	+00.4984	0000.174
+00.7838	+00.5033	0000.175
+00.7881	+00.5078	0000.176
+00.7927	+00.5127	0000.177
+00.7972	+00.5170	0000.178
+00.8012	+00.5216	0000.179
+00.8064	+00.5259	0000.180
+00.8110	+00.5310	0000.181
+00.8155	+00.5353	0000.182
+00.8198	+00.5402	0000.183
+00.8247	+00.5445	0000.184
+00.8287	+00.5494	0000.185
+00.8332	+00.5539	0000.186
+00.8378	+00.5588	0000.187
+00.8424	+00.5634	0000.188
+00.8467	+00.5683	0000.189
+00.8512	+00.5729	0000.190
+00.8561	+00.5777	0000.191
+00.8601	+00.5820	0000.192
+00.8653	+00.5869	0000.193
+00.8693	+00.5918	0000.194
+00.8738	+00.5964	0000.195
+00.8781	+00.6015	0000.196
+00.8830	+00.6064	0000.197
+00.8870	+00.6110	0000.198
+00.8915	+00.6156	0000.199
+00.8961	+00.6205	0000.200
+00.9007	+00.6250	0000.201
+00.9053	+00.6293	0000.202
+00.9101	+00.6345	0000.203
+00.9144	+00.6394	0000.204
+00.9190	+00.6443	0000.205
+00.9236	+00.6485	0000.206
+00.9275	+00.6534	0000.207
+00.9321	+00.6586	0000.208
+00.9370	+00.6632	0000.209
+00.9413	+00.6678	0000.210
+00.9455	+00.6726	0000.211
+00.9501	+00.6772	0000.212
+00.9550	+00.6821	0000.213
+00.9596	+00.6864	0000.214
+00.9642	+00.6913	0000.215
+00.9687	+00.6958	0000.216
+00.9730	+00.7004	0000.217
+00.9776	+00.7053	0000.218
+00.9819	+00.7099	0000.219
+00.9858	+00.7148	0000.220
+00.9910	+00.7187	0000.221
+00.9953	+00.7239	0000.222
+01.0002	+00.7279	0000.223
+01.0048	+00.7328	0000.224
+01.0096	+00.7373	0000.225
+01.0136	+00.7419	0000.226
+01.0182	+00.7468	0000.227
+01.0231	+00.7508	0000.228
+01.0276	+00.7557	0000.229
+01.0313	+00.7605	0000.230
+01.0362	+00.7642	0000.231
+01.0411	+00.7688	0000.232
+01.0450	+00.7740	0000.233
+01.0496	+00.7779	0000.234
+01.0545	+00.7825	0000.235
+01.0588	+00.7868	0000.236
+01.0633	+00.7920	0000.237
+01.0679	+00.7959	0000.238
+01.0722	+00.8002	0000.239
+01.0765	+00.8048	0000.240
+01.0817	+00.8091	0000.241
+01.0853	+00.8139	0000.242
+01.0902	+00.8182	0000.243
+01.0951	+00.8225	0000.244
+01.0991	+00.8268	0000.245
+01.1039	+00.8313	0000.246
+01.1079	+00.8356	0000.247
+01.1128	+00.8402	0000.248
+01.1174	+00.8445	0000.249
+01.1216	+00.8490	0000.250
+01.1262	+00.8530	0000.251
+01.1305	+00.8576	0000.252
+01.1351	+00.8619	0000.253
+01.1396	+00.8661	0000.254
+01.1439	+00.8707	0000.255
+01.1491	+00.8747	0000.256
+01.1531	+00.8789	0000.257
+01.1576	+00.8832	0000.258
+01.1619	+00.8875	0000.259
+01.1671	+00.8915	0000.260
+01.1714	+00.8963	0000.261
+01.1760	+00.9003	0000.262
+01.1805	+00.9049	0000.263
+01.1848	+00.9085	0000.264
+01.1891	+00.9134	0000.265
+01.1934	+00.9171	0000.266
+01.1982	+00.9220	0000.267
+01.2031	+00.9259	0000.268
+01.2074	+00.9299	0000.269
+01.2120	+00.9342	0000.270
+01.2162	+00.9385	0000.271
+01.2211	+00.9424	0000.272
+01.2257	+00.9467	0000.273
+01.2303	+00.9510	0000.274
+01.2342	+00.9552	0000.275
+01.2397	+00.9595	0000.276
+01.2434	+00.9635	0000.277
+01.2480	+00.9681	0000.278
+01.2523	+00.9720	0000.279
+01.2571	+00.9760	0000.280
+01.2608	+00.9803	0000.281
+01.2657	+00.9836	0000.282
+01.2700	+00.9885	0000.283
+01.2751	+00.9928	0000.284
+01.2797	+00.9970	0000.285
+01.2834	+01.0007	0000.286
+01.2883	+01.0047	0000.287
+01.2931	+01.0086	0000.288
+01.2971	+01.0132	0000.289
+01.3017	+01.0169	0000.290
+01.3066	+01.0205	0000.291
+01.3108	+01.0254	0000.292
+01.3151	+01.0291	0000.293
+01.3200	+01.0331	0000.294
+01.3246	+01.0373	0000.295
+01.3285	+01.0413	0000.296
+01.3334	+01.0453	0000.297
+01.3380	+01.0489	0000.298
+01.3426	+01.0532	0000.299
+01.3472	+01.0572	0000.300
+01.3514	+01.0608	0000.301
+01.3557	+01.0654	0000.302
+01.3615	+01.0688	0000.303
+01.3652	+01.0730	0000.304
+01.3697	+01.0770	0000.305
+01.3743	+01.0810	0000.306
+01.3789	+01.0849	0000.307
+01.3835	+01.0886	0000.308
+01.3874	+01.0926	0000.309
+01.3923	+01.0965	0000.310
+01.3969	+01.1005	0000.311
+01.4009	+01.1042	0000.312
+01.4061	+01.1081	0000.313
+01.4100	+01.1115	0000.314
+01.4143	+01.1158	0000.315
+01.4189	+01.1194	0000.316
+01.4231	+01.1234	0000.317
+01.4280	+01.1274	0000.318
+01.4320	+01.1310	0000.319
+01.4369	+01.1347	0000.320
+01.4415	+01.1383	0000.321
+01.4460	+01.1423	0000.322
+01.4506	+01.1460	0000.323
+01.4549	+01.1496	0000.324
+01.4595	+01.1536	0000.325
+01.4647	+01.1573	0000.326
+01.4689	+01.1606	0000.327
+01.4729	+01.1649	0000.328
+01.4781	+01.1679	0000.329
+01.4820	+01.1719	0000.330
+01.4866	+01.1753	0000.331
+01.4915	+01.1789	0000.332
+01.4958	+01.1823	0000.333
+01.5004	+01.1863	0000.334
+01.5049	+01.1896	0000.335
+01.5092	+01.1933	0000.336
+01.5138	+01.1966	0000.337
+01.5181	+01.2000	0000.338
+01.5229	+01.2036	0000.339
+01.5275	+01.2070	0000.340
+01.5312	+01.2101	0000.341
+01.5361	+01.2134	0000.342
+01.5409	+01.2174	0000.343
+01.5455	+01.2204	0000.344
+01.5498	+01.2238	0000.345
+01.5544	+01.2271	0000.346
+01.5586	+01.2305	0000.347
+01.5629	+01.2339	0000.348
+01.5675	+01.2372	0000.349
+01.5724	+01.2406	0000.350
+01.5770	+01.2442	0000.351
+01.5818	+01.2470	0000.352
+01.5855	+01.2500	0000.353
+01.5907	+01.2531	0000.354
+01.5950	+01.2564	0000.355
+01.5995	+01.2598	0000.356
+01.6038	+01.2625	0000.357
+01.6084	+01.2656	0000.358
+01.6136	+01.2690	0000.359
+01.6169	+01.2720	0000.360
+01.6218	+01.2751	0000.361
+01.6264	+01.2781	0000.362
+01.6313	+01.2809	0000.363
+01.6359	+01.2839	0000.364
+01.6398	+01.2870	0000.365
+01.6447	+01.2900	0000.366
+01.6487	+01.2931	0000.367
+01.6536	+01.2958	0000.368
+01.6578	+01.2983	0000.369
+01.6624	+01.3013	0000.370
+01.6673	+01.3047	0000.371
+01.6719	+01.3071	0000.372
+01.6764	+01.3095	0000.373
+01.6804	+01.3123	0000.374
+01.6856	+01.3153	0000.375
+01.6896	+01.3181	0000.376
+01.6941	+01.3202	0000.377
+01.6981	+01.3233	0000.378
+01.7030	+01.3260	0000.379
+01.7076	+01.3288	0000.380
+01.7118	+01.3312	0000.381
+01.7167	+01.3333	0000.382
+01.7210	+01.3358	0000.383
+01.7250	+01.3388	0000.384
+01.7295	+01.3410	0000.385
+01.7347	+01.3434	0000.386
+01.7387	+01.3453	0000.387
+01.7433	+01.3483	0000.388
+01.7479	+01.3504	0000.389
+01.7527	+01.3532	0000.390
+01.7564	+01.3550	0000.391
+01.7616	+01.3578	0000.392
+01.7659	+01.3599	0000.393
+01.7710	+01.3623	0000.394
+01.7747	+01.3642	0000.395
+01.7799	+01.3672	0000.396
+01.7842	+01.3687	0000.397
+01.7884	+01.3709	0000.398
+01.7930	+01.3736	0000.399
+01.7979	+01.3752	0000.400
+01.8022	+01.3773	0000.401
+01.8068	+01.3794	0000.402
+01.8104	+01.3816	0000.403
+01.8150	+01.3837	0000.404
+01.8205	+01.3852	0000.405
+01.8241	+01.3880	0000.406
+01.8287	+01.3898	0000.407
+01.8342	+01.3916	0000.408
+01.8379	+01.3938	0000.409
+01.8431	+01.3956	0000.410
+01.8470	+01.3974	0000.411
+01.8522	+01.3990	0000.412
+01.8562	+01.4017	0000.413
+01.8608	+01.4026	0000.414
+01.8650	+01.4057	0000.415
+01.8702	+01.4069	0000.416
+01.8739	+01.4081	0000.417
+01.8794	+01.4103	0000.418
+01.8827	+01.4118	0000.419
+01.8876	+01.4139	0000.420
+01.8922	+01.4154	0000.421
+01.8968	+01.4170	0000.422
+01.9017	+01.4188	0000.423
+01.9062	+01.4206	0000.424
+01.9102	+01.4222	0000.425
+01.9148	+01.4237	0000.426
+01.9194	+01.4252	0000.427
+01.9236	+01.4267	0000.428
+01.9291	+01.4286	0000.429
+01.9331	+01.4298	0000.430
+01.9377	+01.4310	0000.431
+01.9419	+01.4331	0000.432
+01.9462	+01.4347	0000.433
+01.9511	+01.4365	0000.434
+01.9554	+01.4374	0000.435
+01.9596	+01.4392	0000.436
+01.9639	+01.4402	0000.437
+01.9685	+01.4420	0000.438
+01.9737	+01.4438	0000.439
+01.9780	+01.4444	0000.440
+01.9822	+01.4463	0000.441
+01.9868	+01.4469	0000.442
+01.9914	+01.4484	0000.443
+01.9957	+01.4502	0000.444
+02.0005	+01.4515	0000.445
+02.0045	+01.4527	0000.446
+02.0091	+01.4536	0000.447
+02.0140	+01.4554	0000.448
+02.0185	+01.4563	0000.449
+02.0228	+01.4576	0000.450
+02.0274	+01.4588	0000.451
+02.0320	+01.4603	0000.452
+02.0366	+01.4615	0000.453
+02.0405	+01.4627	0000.454
+02.0451	+01.4634	0000.455
+02.0500	+01.4646	0000.456
+02.0543	+01.4667	0000.457
+02.0591	+01.4676	0000.458
+02.0631	+01.4685	0000.459
+02.0683	+01.4695	0000.460
+02.0729	+01.4707	0000.461
+02.0768	+01.4719	0000.462
+02.0811	+01.4731	0000.463
+02.0863	+01.4740	0000.464
+02.0906	+01.4753	0000.465
+02.0951	+01.4762	0000.466
+02.0988	+01.4774	0000.467
+02.1037	+01.4780	0000.468
+02.1083	+01.4798	0000.469
+02.1125	+01.4804	0000.470
+02.1177	+01.4811	0000.471
+02.1220	+01.4823	0000.472
+02.1269	+01.4832	0000.473
+02.1305	+01.4847	0000.474
+02.1354	+01.4856	0000.475
+02.1397	+01.4859	0000.476
+02.1446	+01.4869	0000.477
+02.1492	+01.4887	0000.478
+02.1531	+01.4887	0000.479
+02.1586	+01.4896	0000.480
+02.1623	+01.4911	0000.481
+02.1672	+01.4923	0000.482
+02.1711	+01.4923	0000.483
+02.1757	+01.4939	0000.484
+02.1806	+01.4951	0000.485
+02.1849	+01.4957	0000.486
+02.1891	+01.4960	0000.487
+02.1940	+01.4960	0000.488
+02.1992	+01.4978	0000.489
+02.2032	+01.4991	0000.490
+02.2078	+01.5000	0000.491
+02.2117	+01.5006	0000.492
+02.2166	+01.5015	0000.493
+02.2209	+01.5021	0000.494
+02.2255	+01.5027	0000.495
+02.2303	+01.5039	0000.496
+02.2346	+01.5046	0000.497
+02.2389	+01.5055	0000.498
+02.2438	+01.5058	0000.499
+02.2480	+01.5070	0000.500
+02.2532	+01.5073	0000.501
+02.2572	+01.5082	0000.502
+02.2612	+01.5088	0000.503
+02.2663	+01.5097	0000.504
+02.2709	+01.5104	0000.505
+02.2749	+01.5116	0000.506
+02.2795	+01.5122	0000.507
+02.2837	+01.5125	0000.508
+02.2883	+01.5137	0000.509
+02.2935	+01.5140	0000.510
+02.2975	+01.5146	0000.511
+02.3021	+01.5155	0000.512
+02.3069	+01.5158	0000.513
+02.3112	+01.5168	0000.514
+02.3155	+01.5171	0000.515
+02.3204	+01.5180	0000.516
+02.3246	+01.5192	0000.517
+02.3292	+01.5198	0000.518
+02.3335	+01.5207	0000.519
+02.3387	+01.5207	0000.520
+02.3423	+01.5216	0000.521
+02.3466	+01.5219	0000.522
+02.3521	+01.5229	0000.523
+02.3564	+01.5232	0000.524
+02.3606	+01.5241	0000.525
+02.3655	+01.5250	0000.526
+02.3692	+01.5250	0000.527
+02.3744	+01.5259	0000.528
+02.3787	+01.5259	0000.529
+02.3829	+01.5277	0000.530
+02.3878	+01.5274	0000.531
+02.3924	+01.5284	0000.532
+02.3970	+01.5293	0000.533
+02.4015	+01.5293	0000.534
+02.4061	+01.5305	0000.535
+02.4110	+01.5311	0000.536
+02.4150	+01.5314	0000.537
+02.4192	+01.5317	0000.538
+02.4238	+01.5326	0000.539
+02.4290	+01.5335	0000.540
+02.4333	+01.5339	0000.541
+02.4376	+01.5342	0000.542
+02.4415	+01.5348	0000.543
+02.4467	+01.5351	0000.544
+02.4504	+01.5357	0000.545
+02.4553	+01.5360	0000.546
+02.4598	+01.5366	0000.547
+02.4641	+01.5369	0000.548
+02.4693	+01.5381	0000.549
+02.4730	+01.5390	0000.550
+02.4781	+01.5387	0000.551
+02.4827	+01.5390	0000.552
+02.4867	+01.5409	0000.553
+02.4916	+01.5409	0000.554
+02.4958	+01.5412	0000.555
+02.5004	+01.5418	0000.556
+02.5047	+01.5427	0000.557
+02.5093	+01.5433	0000.558
+02.5145	+01.5436	0000.559
+02.5190	+01.5442	0000.560
+02.5230	+01.5445	0000.561
+02.5282	+01.5454	0000.562
+02.5319	+01.5458	0000.563
+02.5358	+01.5461	0000.564
+02.5410	+01.5467	0000.565
+02.5456	+01.5467	0000.566
+02.5502	+01.5476	0000.567
+02.5541	+01.5482	0000.568
+02.5593	+01.5488	0000.569
+02.5636	+01.5491	0000.570
+02.5685	+01.5494	0000.571
+02.5721	+01.5500	0000.572
+02.5770	+01.5500	0000.573
+02.5813	+01.5506	0000.574
+02.5859	+01.5512	0000.575
+02.5911	+01.5522	0000.576
+02.5950	+01.5522	0000.577
+02.5996	+01.5528	0000.578
+02.6042	+01.5528	0000.579
+02.6088	+01.5534	0000.580
+02.6127	+01.5537	0000.581
+02.6179	+01.5549	0000.582
+02.6219	+01.5549	0000.583
+02.6262	+01.5552	0000.584
+02.6310	+01.5555	0000.585
+02.6359	+01.5567	0000.586
+02.6402	+01.5567	0000.587
+02.6451	+01.5577	0000.588
+02.6490	+01.5577	0000.589
+02.6536	+01.5580	0000.590
+02.6585	+01.5583	0000.591
+02.6625	+01.5595	0000.592
+02.6674	+01.5598	0000.593
+02.6719	+01.5601	0000.594
+02.6765	+01.5601	0000.595
+02.6805	+01.5607	0000.596
+02.6854	+01.5619	0000.597
+02.6899	+01.5619	0000.598
+02.6945	+01.5616	0000.599
+02.6982	+01.5628	0000.600
+02.7028	+01.5631	0000.601
+02.7076	+01.5635	0000.602
+02.7122	+01.5638	0000.603
+02.7165	+01.5644	0000.604
+02.7211	+01.5647	0000.605
+02.7256	+01.5653	0000.606
+02.7302	+01.5659	0000.607
+02.7348	+01.5662	0000.608
+02.7397	+01.5668	0000.609
+02.7436	+01.5668	0000.610
+02.7482	+01.5671	0000.611
+02.7522	+01.5677	0000.612
+02.7574	+01.5686	0000.613
+02.7623	+01.5683	0000.614
+02.7668	+01.5689	0000.615
+02.7708	+01.5693	0000.616
+02.7754	+01.5696	0000.617
+02.7803	+01.5702	0000.618
+02.7848	+01.5708	0000.619
+02.7882	+01.5714	0000.620
+02.7937	+01.5711	0000.621
+02.7977	+01.5720	0000.622
+02.8025	+01.5723	0000.623
+02.8065	+01.5723	0000.624
+02.8120	+01.5729	0000.625
+02.8157	+01.5738	0000.626
+02.8202	+01.5732	0000.627
+02.8251	+01.5741	0000.628
+02.8297	+01.5744	0000.629
+02.8340	+01.5747	0000.630
+02.8386	+01.5760	0000.631
+02.8434	+01.5760	0000.632
+02.8471	+01.5763	0000.633
+02.8523	+01.5769	0000.634
+02.8556	+01.5775	0000.635
+02.8611	+01.5775	0000.636
+02.8654	+01.5778	0000.637
+02.8706	+01.5781	0000.638
+02.8752	+01.5790	0000.639
+02.8788	+01.5787	0000.640
+02.8831	+01.5793	0000.641
+02.8880	+01.5793	0000.642
+02.8926	+01.5799	0000.643
+02.8975	+01.5808	0000.644
+02.9020	+01.5808	0000.645
+02.9063	+01.5818	0000.646
+02.9103	+01.5815	0000.647
+02.9155	+01.5824	0000.648
+02.9200	+01.5824	0000.649
+02.9243	+01.5830	0000.650
+02.9289	+01.5827	0000.651
+02.9332	+01.5833	0000.652
+02.9374	+01.5839	0000.653
+02.9420	+01.5848	0000.654
+02.9460	+01.5848	0000.655
+02.9512	+01.5848	0000.656
+02.9557	+01.5854	0000.657
+02.9600	+01.5854	0000.658
+02.9646	+01.5863	0000.659
+02.9692	+01.5876	0000.660
+02.9741	+01.5866	0000.661
+02.9786	+01.5879	0000.662
+02.9823	+01.5879	0000.663
+02.9872	+01.5885	0000.664
+02.9914	+01.5882	0000.665
+02.9960	+01.5888	0000.666
+03.0000	+01.5894	0000.667
+03.0049	+01.5894	0000.668
+03.0101	+01.5900	0000.669
+03.0143	+01.5906	0000.670
+03.0186	+01.5909	0000.671
+03.0229	+01.5915	0000.672
+03.0278	+01.5921	0000.673
+03.0323	+01.5924	0000.674
+03.0366	+01.5924	0000.675
+03.0415	+01.5921	0000.676
+03.0461	+01.5927	0000.677
+03.0510	+01.5931	0000.678
+03.0543	+01.5934	0000.679
+03.0598	+01.5940	0000.680
+03.0638	+01.5940	0000.681
+03.0680	+01.5946	0000.682
+03.0726	+01.5949	0000.683
+03.0778	+01.5949	0000.684
+03.0824	+01.5958	0000.685
+03.0864	+01.5961	0000.686
+03.0912	+01.5967	0000.687
+03.0952	+01.5970	0000.688
+03.1001	+01.5970	0000.689
+03.1044	+01.5973	0000.690
+03.1086	+01.5979	0000.691
+03.1132	+01.5976	0000.692
+03.1181	+01.5982	0000.693
+03.1221	+01.5995	0000.694
+03.1269	+01.5992	0000.695
+03.1312	+01.5998	0000.696
+03.1361	+01.5998	0000.697
+03.1410	+01.6007	0000.698
+03.1443	+01.6007	0000.699
+03.1483	+01.6013	0000.700
+03.1538	+01.6013	0000.701
+03.1584	+01.6016	0000.702
+03.1623	+01.6022	0000.703
+03.1666	+01.6025	0000.704
+03.1715	+01.6025	0000.705
+03.1761	+01.6034	0000.706
+03.1813	+01.6040	0000.707
+03.1855	+01.6040	0000.708
+03.1898	+01.6043	0000.709
+03.1953	+01.6047	0000.710
+03.1993	+01.6047	0000.711
+03.2032	+01.6050	0000.712
+03.2081	+01.6062	0000.713
+03.2124	+01.6056	0000.714
+03.2170	+01.6068	0000.715
+03.2215	+01.6068	0000.716
+03.2258	+01.6074	0000.717
+03.2307	+01.6077	0000.718
+03.2356	+01.6074	0000.719
+03.2392	+01.6083	0000.720
+03.2438	+01.6080	0000.721
+03.2481	+01.6086	0000.722
+03.2533	+01.6089	0000.723
+03.2573	+01.6098	0000.724
+03.2621	+01.6095	0000.725
+03.2664	+01.6092	0000.726
+03.2713	+01.6101	0000.727
+03.2756	+01.6104	0000.728
+03.2801	+01.6114	0000.729
+03.2844	+01.6111	0000.730
+03.2884	+01.6114	0000.731
+03.2939	+01.6114	0000.732
+03.2985	+01.6120	0000.733
+03.3024	+01.6126	0000.734
+03.3067	+01.6126	0000.735
+03.3119	+01.6129	0000.736
+03.3158	+01.6135	0000.737
+03.3207	+01.6141	0000.738
+03.3253	+01.6144	0000.739
+03.3299	+01.6147	0000.740
+03.3348	+01.6147	0000.741
+03.3384	+01.6147	0000.742
+03.3433	+01.6153	0000.743
+03.3482	+01.6159	0000.744
+03.3522	+01.6166	0000.745
+03.3567	+01.6166	0000.746
+03.3613	+01.6166	0000.747
+03.3656	+01.6169	0000.748
+03.3699	+01.6172	0000.749
+03.3751	+01.6181	0000.750
+03.3790	+01.6181	0000.751
+03.3836	+01.6181	0000.752
+03.3885	+01.6193	0000.753
+03.3924	+01.6196	0000.754
+03.3976	+01.6199	0000.755
+03.4016	+01.6196	0000.756
+03.4059	+01.6202	0000.757
+03.4111	+01.6202	0000.758
+03.4153	+01.6211	0000.759
+03.4196	+01.6211	0000.760
+03.4251	+01.6208	0000.761
+03.4285	+01.6214	0000.762
+03.4333	+01.6217	0000.763
+03.4373	+01.6214	0000.764
+03.4419	+01.6230	0000.765
+03.4465	+01.6230	0000.766
+03.4510	+01.6233	0000.767
+03.4559	+01.6230	0000.768
+03.4599	+01.6236	0000.769
+03.4651	+01.6242	0000.770
+03.4694	+01.6239	0000.771
+03.4739	+01.6251	0000.772
+03.4782	+01.6251	0000.773
+03.4825	+01.6254	0000.774
+03.4871	+01.6251	0000.775
+03.4916	+01.6266	0000.776
+03.4962	+01.6263	0000.777
+03.5008	+01.6266	0000.778
+03.5048	+01.6263	0000.779
+03.5106	+01.6269	0000.780
+03.5145	+01.6272	0000.781
+03.5182	+01.6275	0000.782
+03.5234	+01.6281	0000.783
+03.5276	+01.6285	0000.784
+03.5325	+01.6281	0000.785
+03.5362	+01.6285	0000.786
+03.5417	+01.6294	0000.787
+03.5460	+01.6294	0000.788
+03.5502	+01.6291	0000.789
+03.5557	+01.6297	0000.790
+03.5600	+01.6300	0000.791
+03.5637	+01.6306	0000.792
+03.5682	+01.6312	0000.793
+03.5734	+01.6318	0000.794
+03.5780	+01.6315	0000.795
+03.5823	+01.6321	0000.796
+03.5868	+01.6321	0000.797
+03.5914	+01.6324	0000.798
+03.5960	+01.6333	0000.799
+03.5997	+01.6330	0000.800
+03.6042	+01.6333	0000.801
+03.6094	+01.6336	0000.802
+03.6134	+01.6336	0000.803
+03.6183	+01.6339	0000.804
+03.6226	+01.6339	0000.805
+03.6271	+01.6349	0000.806
+03.6317	+01.6352	0000.807
+03.6363	+01.6352	0000.808
+03.6403	+01.6358	0000.809
+03.6448	+01.6358	0000.810
+03.6494	+01.6361	0000.811
+03.6546	+01.6367	0000.812
+03.6586	+01.6370	0000.813
+03.6631	+01.6373	0000.814
+03.6677	+01.6370	0000.815
+03.6711	+01.6376	0000.816
+03.6760	+01.6373	0000.817
+03.6799	+01.6385	0000.818
+03.6863	+01.6382	0000.819
+03.6900	+01.6382	0000.820
+03.6937	+01.6391	0000.821
+03.6988	+01.6391	0000.822
+03.7037	+01.6394	0000.823
+03.7074	+01.6394	0000.824
+03.7126	+01.6397	0000.825
+03.7175	+01.6404	0000.826
+03.7223	+01.6401	0000.827
+03.7266	+01.6404	0000.828
+03.7303	+01.6410	0000.829
+03.7355	+01.6413	0000.830
+03.7400	+01.6416	0000.831
+03.7440	+01.6416	0000.832
+03.7489	+01.6419	0000.833
+03.7532	+01.6425	0000.834
+03.7580	+01.6425	0000.835
+03.7620	+01.6425	0000.836
+03.7657	+01.6428	0000.837
+03.7712	+01.6437	0000.838
+03.7761	+01.6431	0000.839
+03.7794	+01.6434	0000.840
+03.7843	+01.6443	0000.841
+03.7892	+01.6449	0000.842
+03.7934	+01.6449	0000.843
+03.7980	+01.6449	0000.844
+03.8029	+01.6452	0000.845
+03.8075	+01.6455	0000.846
+03.8124	+01.6452	0000.847
+03.8163	+01.6458	0000.848
+03.8206	+01.6462	0000.849
+03.8255	+01.6462	0000.850
+03.8301	+01.6471	0000.851
+03.8343	+01.6468	0000.852
+03.8380	+01.6471	0000.853
+03.8438	+01.6477	0000.854
+03.8475	+01.6483	0000.855
+03.8523	+01.6480	0000.856
+03.8575	+01.6486	0000.857
+03.8615	+01.6486	0000.858
+03.8667	+01.6486	0000.859
+03.8704	+01.6495	0000.860
+03.8740	+01.6492	0000.861
+03.8798	+01.6498	0000.862
+03.8844	+01.6501	0000.863
+03.8887	+01.6504	0000.864
+03.8932	+01.6501	0000.865
+03.8972	+01.6513	0000.866
+03.9018	+01.6507	0000.867
+03.9061	+01.6510	0000.868
+03.9112	+01.6520	0000.869
+03.9155	+01.6520	0000.870
+03.9201	+01.6516	0000.871
+03.9238	+01.6523	0000.872
+03.9283	+01.6529	0000.873
+03.9338	+01.6526	0000.874
+03.9378	+01.6535	0000.875
+03.9421	+01.6532	0000.876
+03.9457	+01.6535	0000.877
+03.9515	+01.6538	0000.878
+03.9552	+01.6544	0000.879
+03.9601	+01.6538	0000.880
+03.9643	+01.6544	0000.881
+03.9695	+01.6550	0000.882
+03.9738	+01.6550	0000.883
+03.9778	+01.6556	0000.884
+03.9824	+01.6556	0000.885
+03.9882	+01.6559	0000.886
+03.9918	+01.6562	0000.887
+03.9964	+01.6571	0000.888
+04.0013	+01.6568	0000.889
+04.0049	+01.6578	0000.890
+04.0101	+01.6568	0000.891
+04.0147	+01.6581	0000.892
+04.0190	+01.6578	0000.893
+04.0232	+01.6581	0000.894
+04.0269	+01.6584	0000.895
+04.0327	+01.6587	0000.896
+04.0367	+01.6587	0000.897
+04.0419	+01.6593	0000.898
+04.0455	+01.6596	0000.899
+04.0513	+01.6593	0000.900
+04.0550	+01.6596	0000.901
+04.0596	+01.6605	0000.902
+04.0635	+01.6605	0000.903
+04.0690	+01.6608	0000.904
+04.0727	+01.6602	0000.905
+04.0782	+01.6605	0000.906
+04.0818	+01.6608	0000.907
+04.0867	+01.6611	0000.908
+04.0916	+01.6614	0000.909
+04.0953	+01.6623	0000.910
+04.0998	+01.6626	0000.911
+04.1044	+01.6629	0000.912
+04.1096	+01.6626	0000.913
+04.1133	+01.6635	0000.914
+04.1188	+01.6632	0000.915
+04.1221	+01.6635	0000.916
+04.1270	+01.6635	0000.917
+04.1316	+01.6642	0000.918
+04.1365	+01.6645	0000.919
+04.1404	+01.6642	0000.920
+04.1450	+01.6645	0000.921
+04.1505	+01.6645	0000.922
+04.1542	+01.6651	0000.923
+04.1587	+01.6651	0000.924
+04.1630	+01.6657	0000.925
+04.1673	+01.6660	0000.926
+04.1722	+01.6657	0000.927
+04.1771	+01.6663	0000.928
+04.1810	+01.6663	0000.929
+04.1868	+01.6666	0000.930
+04.1902	+01.6669	0000.931
+04.1941	+01.6672	0000.932
+04.1996	+01.6675	0000.933
+04.2042	+01.6678	0000.934
+04.2082	+01.6678	0000.935
+04.2128	+01.6684	0000.936
+04.2170	+01.6684	0000.937
+04.2222	+01.6687	0000.938
+04.2256	+01.6684	0000.939
+04.2305	+01.6693	0000.940
+04.2353	+01.6693	0000.941
+04.2393	+01.6697	0000.942
+04.2430	+01.6697	0000.943
+04.2494	+01.6700	0000.944
+04.2537	+01.6703	0000.945
+04.2582	+01.6709	0000.946
+04.2616	+01.6706	0000.947
+04.2668	+01.6703	0000.948
+04.2717	+01.6715	0000.949
+04.2753	+01.6712	0000.950
+04.2802	+01.6712	0000.951
+04.2848	+01.6721	0000.952
+04.2891	+01.6727	0000.953
+04.2933	+01.6724	0000.954
+04.2988	+01.6733	0000.955
+04.3031	+01.6727	0000.956
+04.3080	+01.6739	0000.957
+04.3116	+01.6730	0000.958
+04.3162	+01.6739	0000.959
+04.3217	+01.6742	0000.960
+04.3260	+01.6736	0000.961
+04.3290	+01.6739	0000.962
+04.3348	+01.6745	0000.963
+04.3394	+01.6748	0000.964
+04.3434	+01.6758	0000.965
+04.3480	+01.6755	0000.966
+04.3522	+01.6755	0000.967
+04.3562	+01.6761	0000.968
+04.3611	+01.6758	0000.969
+04.3657	+01.6767	0000.970
+04.3711	+01.6767	0000.971
+04.3751	+01.6776	0000.972
+04.3797	+01.6767	0000.973
+04.3840	+01.6770	0000.974
+04.3882	+01.6773	0000.975
+04.3925	+01.6773	0000.976
+04.3974	+01.6776	0000.977
+04.4020	+01.6785	0000.978
+04.4059	+01.6782	0000.979
+04.4108	+01.6788	0000.980
+04.4151	+01.6785	0000.981
+04.4206	+01.6788	0000.982
+04.4242	+01.6788	0000.983
+04.4294	+01.6788	0000.984
+04.4340	+01.6794	0000.985
+04.4374	+01.6797	0000.986
+04.4432	+01.6794	0000.987
+04.4468	+01.6806	0000.988
+04.4523	+01.6803	0000.989
+04.4566	+01.6806	0000.990
+04.4603	+01.6816	0000.991
+04.4654	+01.6809	0000.992
+04.4694	+01.6806	0000.993
+04.4740	+01.6816	0000.994
+04.4783	+01.6819	0000.995
+04.4831	+01.6822	0000.996
+04.4880	+01.6825	0000.997
+04.4917	+01.6825	0000.998
+04.4966	+01.6828	0000.999
+04.5015	+01.6831	0001.000
+04.5057	+01.6825	0001.001
+04.5018	+01.6828	0001.002
+04.4960	+01.6828	0001.003
+04.4923	+01.6831	0001.004
+04.4883	+01.6834	0001.005
+04.4838	+01.6831	0001.006
+04.4798	+01.6831	0001.007
+04.4740	+01.6840	0001.008
+04.4691	+01.6834	0001.009
+04.4658	+01.6828	0001.010
+04.4612	+01.6834	0001.011
+04.4566	+01.6825	0001.012
+04.4523	+01.6834	0001.013
+04.4471	+01.6834	0001.014
+04.4429	+01.6831	0001.015
+04.4386	+01.6831	0001.016
+04.4343	+01.6840	0001.017
+04.4288	+01.6834	0001.018
+04.4246	+01.6837	0001.019
+04.4203	+01.6834	0001.020
+04.4157	+01.6837	0001.021
+04.4114	+01.6834	0001.022
+04.4075	+01.6834	0001.023
+04.4023	+01.6831	0001.024
+04.3986	+01.6837	0001.025
+04.3931	+01.6831	0001.026
+04.3892	+01.6831	0001.027
+04.3840	+01.6828	0001.028
+04.3794	+01.6837	0001.029
+04.3760	+01.6831	0001.030
+04.3705	+01.6834	0001.031
+04.3660	+01.6831	0001.032
+04.3611	+01.6831	0001.033
+04.3568	+01.6837	0001.034
+04.3528	+01.6834	0001.035
+04.3476	+01.6837	0001.036
+04.3437	+01.6828	0001.037
+04.3391	+01.6837	0001.038
+04.3345	+01.6837	0001.039
+04.3296	+01.6831	0001.040
+04.3263	+01.6831	0001.041
+04.3208	+01.6831	0001.042
+04.3168	+01.6828	0001.043
+04.3119	+01.6825	0001.044
+04.3077	+01.6828	0001.045
+04.3040	+01.6828	0001.046
+04.2982	+01.6822	0001.047
+04.2939	+01.6828	0001.048
+04.2897	+01.6831	0001.049
+04.2851	+01.6825	0001.050
+04.2805	+01.6825	0001.051
+04.2753	+01.6831	0001.052
+04.2717	+01.6825	0001.053
+04.2662	+01.6825	0001.054
+04.2622	+01.6825	0001.055
+04.2585	+01.6822	0001.056
+04.2527	+01.6828	0001.057
+04.2497	+01.6822	0001.058
+04.2445	+01.6822	0001.059
+04.2402	+01.6825	0001.060
+04.2360	+01.6825	0001.061
+04.2314	+01.6822	0001.062
+04.2262	+01.6831	0001.063
+04.2228	+01.6825	0001.064
+04.2176	+01.6822	0001.065
+04.2131	+01.6825	0001.066
+04.2082	+01.6822	0001.067
+04.2045	+01.6816	0001.068
+04.1996	+01.6819	0001.069
+04.1944	+01.6819	0001.070
+04.1905	+01.6819	0001.071
+04.1868	+01.6819	0001.072
+04.1819	+01.6825	0001.073
+04.1764	+01.6822	0001.074
+04.1731	+01.6816	0001.075
+04.1682	+01.6822	0001.076
+04.1633	+01.6816	0001.077
+04.1590	+01.6816	0001.078
+04.1545	+01.6819	0001.079
+04.1502	+01.6816	0001.080
+04.1450	+01.6812	0001.081
+04.1407	+01.6812	0001.082
+04.1362	+01.6819	0001.083
+04.1325	+01.6816	0001.084
+04.1276	+01.6816	0001.085
+04.1227	+01.6812	0001.086
+04.1185	+01.6812	0001.087
+04.1139	+01.6812	0001.088
+04.1096	+01.6806	0001.089
+04.1056	+01.6812	0001.090
+04.1002	+01.6809	0001.091
+04.0953	+01.6809	0001.092
+04.0907	+01.6806	0001.093
+04.0873	+01.6806	0001.094
+04.0825	+01.6803	0001.095
+04.0782	+01.6806	0001.096
+04.0733	+01.6806	0001.097
+04.0681	+01.6812	0001.098
+04.0641	+01.6809	0001.099
+04.0593	+01.6806	0001.100
+04.0553	+01.6806	0001.101
+04.0510	+01.6806	0001.102
+04.0455	+01.6803	0001.103
+04.0425	+01.6806	0001.104
+04.0376	+01.6806	0001.105
+04.0324	+01.6803	0001.106
+04.0278	+01.6803	0001.107
+04.0236	+01.6806	0001.108
+04.0202	+01.6800	0001.109
+04.0147	+01.6797	0001.110
+04.0098	+01.6794	0001.111
+04.0065	+01.6797	0001.112
+04.0016	+01.6797	0001.113
+03.9964	+01.6800	0001.114
+03.9918	+01.6800	0001.115
+03.9878	+01.6800	0001.116
+03.9839	+01.6800	0001.117
+03.9793	+01.6788	0001.118
+03.9738	+01.6800	0001.119
+03.9701	+01.6797	0001.120
+03.9653	+01.6788	0001.121
+03.9607	+01.6794	0001.122
+03.9564	+01.6794	0001.123
+03.9512	+01.6794	0001.124
+03.9473	+01.6791	0001.125
+03.9430	+01.6791	0001.126
+03.9381	+01.6791	0001.127
+03.9341	+01.6791	0001.128
+03.9286	+01.6782	0001.129
+03.9244	+01.6785	0001.130
+03.9204	+01.6794	0001.131
+03.9152	+01.6782	0001.132
+03.9103	+01.6785	0001.133
+03.9070	+01.6782	0001.134
+03.9027	+01.6779	0001.135
+03.8975	+01.6782	0001.136
+03.8926	+01.6782	0001.137
+03.8884	+01.6782	0001.138
+03.8835	+01.6785	0001.139
+03.8801	+01.6782	0001.140
+03.8755	+01.6779	0001.141
+03.8710	+01.6776	0001.142
+03.8661	+01.6782	0001.143
+03.8618	+01.6779	0001.144
+03.8578	+01.6773	0001.145
+03.8520	+01.6776	0001.146
+03.8484	+01.6776	0001.147
+03.8435	+01.6776	0001.148
+03.8389	+01.6776	0001.149
+03.8343	+01.6779	0001.150
+03.8301	+01.6776	0001.151
+03.8255	+01.6770	0001.152
+03.8215	+01.6767	0001.153
+03.8157	+01.6767	0001.154
+03.8121	+01.6767	0001.155
+03.8075	+01.6770	0001.156
+03.8029	+01.6767	0001.157
+03.7989	+01.6770	0001.158
+03.7944	+01.6773	0001.159
+03.7901	+01.6761	0001.160
+03.7846	+01.6764	0001.161
+03.7800	+01.6767	0001.162
+03.7757	+01.6767	0001.163
+03.7721	+01.6764	0001.164
+03.7672	+01.6761	0001.165
+03.7623	+01.6764	0001.166
+03.7580	+01.6758	0001.167
+03.7529	+01.6758	0001.168
+03.7489	+01.6758	0001.169
+03.7446	+01.6758	0001.170
+03.7400	+01.6758	0001.171
+03.7358	+01.6755	0001.172
+03.7303	+01.6758	0001.173
+03.7266	+01.6755	0001.174
+03.7220	+01.6751	0001.175
+03.7175	+01.6751	0001.176
+03.7129	+01.6755	0001.177
+03.7077	+01.6755	0001.178
+03.7040	+01.6745	0001.179
+03.6991	+01.6745	0001.180
+03.6946	+01.6751	0001.181
+03.6906	+01.6751	0001.182
+03.6860	+01.6748	0001.183
+03.6802	+01.6748	0001.184
+03.6769	+01.6748	0001.185
+03.6720	+01.6748	0001.186
+03.6686	+01.6739	0001.187
+03.6634	+01.6742	0001.188
+03.6586	+01.6745	0001.189
+03.6546	+01.6739	0001.190
+03.6497	+01.6739	0001.191
+03.6457	+01.6742	0001.192
+03.6409	+01.6742	0001.193
+03.6363	+01.6736	0001.194
+03.6323	+01.6733	0001.195
+03.6277	+01.6739	0001.196
+03.6222	+01.6736	0001.197
+03.6177	+01.6733	0001.198
+03.6140	+01.6730	0001.199
+03.6088	+01.6733	0001.200
+03.6045	+01.6736	0001.201
+03.6003	+01.6721	0001.202
+03.5957	+01.6736	0001.203
+03.5917	+01.6730	0001.204
+03.5868	+01.6721	0001.205
+03.5829	+01.6733	0001.206
+03.5783	+01.6724	0001.207
+03.5731	+01.6727	0001.208
+03.5685	+01.6724	0001.209
+03.5646	+01.6727	0001.210
+03.5603	+01.6721	0001.211
+03.5557	+01.6721	0001.212
+03.5502	+01.6718	0001.213
+03.5460	+01.6721	0001.214
+03.5411	+01.6718	0001.215
+03.5368	+01.6715	0001.216
+03.5328	+01.6718	0001.217
+03.5286	+01.6715	0001.218
+03.5237	+01.6724	0001.219
+03.5194	+01.6715	0001.220
+03.5142	+01.6715	0001.221
+03.5102	+01.6715	0001.222
+03.5060	+01.6712	0001.223
+03.5011	+01.6715	0001.224
+03.4968	+01.6715	0001.225
+03.4925	+01.6715	0001.226
+03.4871	+01.6709	0001.227
+03.4837	+01.6712	0001.228
+03.4791	+01.6706	0001.229
+03.4742	+01.6706	0001.230
+03.4697	+01.6706	0001.231
+03.4651	+01.6700	0001.232
+03.4608	+01.6703	0001.233
+03.4556	+01.6697	0001.234
+03.4510	+01.6703	0001.235
+03.4474	+01.6700	0001.236
+03.4419	+01.6703	0001.237
+03.4379	+01.6693	0001.238
+03.4333	+01.6697	0001.239
+03.4291	+01.6697	0001.240
+03.4245	+01.6693	0001.241
+03.4205	+01.6697	0001.242
+03.4153	+01.6697	0001.243
+03.4105	+01.6690	0001.244
+03.4056	+01.6687	0001.245
+03.4025	+01.6684	0001.246
+03.3973	+01.6687	0001.247
+03.3934	+01.6687	0001.248
+03.3879	+01.6684	0001.249
+03.3836	+01.6687	0001.250
+03.3793	+01.6681	0001.251
+03.3744	+01.6687	0001.252
+03.3705	+01.6678	0001.253
+03.3653	+01.6687	0001.254
+03.3619	+01.6681	0001.255
+03.3567	+01.6684	0001.256
+03.3522	+01.6681	0001.257
+03.3479	+01.6684	0001.258
+03.3436	+01.6675	0001.259
+03.3384	+01.6672	0001.260
+03.3348	+01.6675	0001.261
+03.3299	+01.6675	0001.262
+03.3256	+01.6672	0001.263
+03.3210	+01.6669	0001.264
+03.3162	+01.6672	0001.265
+03.3116	+01.6672	0001.266
+03.3076	+01.6672	0001.267
+03.3030	+01.6666	0001.268
+03.2985	+01.6669	0001.269
+03.2936	+01.6663	0001.270
+03.2899	+01.6663	0001.271
+03.2847	+01.6663	0001.272
+03.2814	+01.6660	0001.273
+03.2756	+01.6666	0001.274
+03.2716	+01.6660	0001.275
+03.2667	+01.6663	0001.276
+03.2631	+01.6663	0001.277
+03.2579	+01.6651	0001.278
+03.2527	+01.6660	0001.279
+03.2484	+01.6654	0001.280
+03.2447	+01.6657	0001.281
+03.2392	+01.6657	0001.282
+03.2353	+01.6654	0001.283
+03.2310	+01.6648	0001.284
+03.2264	+01.6654	0001.285
+03.2215	+01.6648	0001.286
+03.2176	+01.6651	0001.287
+03.2127	+01.6642	0001.288
+03.2081	+01.6645	0001.289
+03.2045	+01.6648	0001.290
+03.1990	+01.6642	0001.291
+03.1944	+01.6642	0001.292
+03.1901	+01.6642	0001.293
+03.1858	+01.6645	0001.294
+03.1813	+01.6642	0001.295
+03.1767	+01.6642	0001.296
+03.1721	+01.6639	0001.297
+03.1678	+01.6629	0001.298
+03.1627	+01.6632	0001.299
+03.1593	+01.6629	0001.300
+03.1544	+01.6635	0001.301
+03.1498	+01.6623	0001.302
+03.1453	+01.6626	0001.303
+03.1404	+01.6632	0001.304
+03.1361	+01.6629	0001.305
+03.1318	+01.6623	0001.306
+03.1269	+01.6629	0001.307
+03.1227	+01.6623	0001.308
+03.1187	+01.6629	0001.309
+03.1138	+01.6626	0001.310
+03.1089	+01.6623	0001.311
+03.1047	+01.6617	0001.312
+03.1004	+01.6623	0001.313
+03.0955	+01.6617	0001.314
+03.0912	+01.6617	0001.315
+03.0870	+01.6620	0001.316
+03.0821	+01.6617	0001.317
+03.0778	+01.6611	0001.318
+03.0726	+01.6614	0001.319
+03.0687	+01.6614	0001.320
+03.0647	+01.6605	0001.321
+03.0592	+01.6614	0001.322
+03.0546	+01.6602	0001.323
+03.0507	+01.6611	0001.324
+03.0464	+01.6605	0001.325
+03.0421	+01.6602	0001.326
+03.0375	+01.6599	0001.327
+03.0326	+01.6602	0001.328
+03.0284	+01.6605	0001.329
+03.0238	+01.6599	0001.330
+03.0192	+01.6605	0001.331
+03.0146	+01.6593	0001.332
+03.0104	+01.6599	0001.333
+03.0058	+01.6596	0001.334
+03.0012	+01.6593	0001.335
+02.9963	+01.6596	0001.336
+02.9921	+01.6596	0001.337
+02.9878	+01.6593	0001.338
+02.9826	+01.6590	0001.339
+02.9780	+01.6593	0001.340
+02.9747	+01.6590	0001.341
+02.9689	+01.6584	0001.342
+02.9652	+01.6587	0001.343
+02.9603	+01.6581	0001.344
+02.9564	+01.6581	0001.345
+02.9515	+01.6581	0001.346
+02.9469	+01.6581	0001.347
+02.9426	+01.6578	0001.348
+02.9380	+01.6578	0001.349
+02.9335	+01.6574	0001.350
+02.9289	+01.6581	0001.351
+02.9249	+01.6574	0001.352
+02.9200	+01.6568	0001.353
+02.9158	+01.6574	0001.354
+02.9112	+01.6574	0001.355
+02.9069	+01.6571	0001.356
+02.9014	+01.6568	0001.357
+02.8975	+01.6568	0001.358
+02.8932	+01.6568	0001.359
+02.8892	+01.6568	0001.360
+02.8837	+01.6556	0001.361
+02.8791	+01.6559	0001.362
+02.8746	+01.6559	0001.363
+02.8709	+01.6559	0001.364
+02.8654	+01.6559	0001.365
+02.8611	+01.6559	0001.366
+02.8566	+01.6556	0001.367
+02.8526	+01.6559	0001.368
+02.8474	+01.6550	0001.369
+02.8431	+01.6547	0001.370
+02.8386	+01.6544	0001.371
+02.8346	+01.6547	0001.372
+02.8306	+01.6544	0001.373
+02.8254	+01.6547	0001.374
+02.8205	+01.6547	0001.375
+02.8163	+01.6541	0001.376
+02.8117	+01.6538	0001.377
+02.8074	+01.6544	0001.378
+02.8025	+01.6535	0001.379
+02.7983	+01.6538	0001.380
+02.7937	+01.6535	0001.381
+02.7888	+01.6538	0001.382
+02.7848	+01.6532	0001.383
+02.7800	+01.6532	0001.384
+02.7760	+01.6532	0001.385
+02.7711	+01.6529	0001.386
+02.7662	+01.6529	0001.387
+02.7623	+01.6523	0001.388
+02.7574	+01.6520	0001.389
+02.7531	+01.6523	0001.390
+02.7491	+01.6529	0001.391
+02.7443	+01.6523	0001.392
+02.7397	+01.6516	0001.393
+02.7345	+01.6523	0001.394
+02.7305	+01.6520	0001.395
+02.7259	+01.6513	0001.396
+02.7220	+01.6516	0001.397
+02.7168	+01.6510	0001.398
+02.7128	+01.6516	0001.399
+02.7085	+01.6504	0001.400
+02.7028	+01.6513	0001.401
+02.6991	+01.6510	0001.402
+02.6948	+01.6513	0001.403
+02.6893	+01.6507	0001.404
+02.6860	+01.6504	0001.405
+02.6811	+01.6501	0001.406
+02.6768	+01.6507	0001.407
+02.6716	+01.6498	0001.408
+02.6677	+01.6501	0001.409
+02.6634	+01.6501	0001.410
+02.6579	+01.6492	0001.411
+02.6542	+01.6489	0001.412
+02.6496	+01.6501	0001.413
+02.6448	+01.6495	0001.414
+02.6408	+01.6486	0001.415
+02.6356	+01.6492	0001.416
+02.6313	+01.6489	0001.417
+02.6271	+01.6489	0001.418
+02.6228	+01.6489	0001.419
+02.6179	+01.6486	0001.420
+02.6136	+01.6480	0001.421
+02.6088	+01.6483	0001.422
+02.6051	+01.6480	0001.423
+02.6005	+01.6477	0001.424
+02.5956	+01.6477	0001.425
+02.5911	+01.6471	0001.426
+02.5871	+01.6474	0001.427
+02.5816	+01.6471	0001.428
+02.5773	+01.6471	0001.429
+02.5724	+01.6471	0001.430
+02.5682	+01.6468	0001.431
+02.5636	+01.6471	0001.432
+02.5596	+01.6471	0001.433
+02.5547	+01.6462	0001.434
+02.5508	+01.6462	0001.435
+02.5459	+01.6462	0001.436
+02.5413	+01.6462	0001.437
+02.5364	+01.6455	0001.438
+02.5322	+01.6458	0001.439
+02.5279	+01.6455	0001.440
+02.5233	+01.6458	0001.441
+02.5193	+01.6449	0001.442
+02.5145	+01.6449	0001.443
+02.5096	+01.6446	0001.444
+02.5050	+01.6449	0001.445
+02.5010	+01.6446	0001.446
+02.4971	+01.6443	0001.447
+02.4916	+01.6449	0001.448
+02.4873	+01.6443	0001.449
+02.4830	+01.6440	0001.450
+02.4778	+01.6437	0001.451
+02.4736	+01.6431	0001.452
+02.4690	+01.6434	0001.453
+02.4647	+01.6440	0001.454
+02.4601	+01.6434	0001.455
+02.4556	+01.6437	0001.456
+02.4507	+01.6425	0001.457
+02.4467	+01.6428	0001.458
+02.4421	+01.6428	0001.459
+02.4376	+01.6431	0001.460
+02.4327	+01.6428	0001.461
+02.4284	+01.6419	0001.462
+02.4238	+01.6425	0001.463
+02.4195	+01.6422	0001.464
+02.4153	+01.6425	0001.465
+02.4110	+01.6416	0001.466
+02.4067	+01.6419	0001.467
+02.4015	+01.6416	0001.468
+02.3970	+01.6413	0001.469
+02.3924	+01.6404	0001.470
+02.3881	+01.6401	0001.471
+02.3841	+01.6404	0001.472
+02.3790	+01.6410	0001.473
+02.3744	+01.6407	0001.474
+02.3698	+01.6407	0001.475
+02.3655	+01.6401	0001.476
+02.3610	+01.6404	0001.477
+02.3567	+01.6401	0001.478
+02.3521	+01.6397	0001.479
+02.3472	+01.6391	0001.480
+02.3429	+01.6397	0001.481
+02.3384	+01.6394	0001.482
+02.3341	+01.6388	0001.483
+02.3295	+01.6382	0001.484
+02.3249	+01.6385	0001.485
+02.3207	+01.6385	0001.486
+02.3155	+01.6379	0001.487
+02.3112	+01.6385	0001.488
+02.3072	+01.6376	0001.489
+02.3030	+01.6373	0001.490
+02.2987	+01.6379	0001.491
+02.2938	+01.6379	0001.492
+02.2892	+01.6373	0001.493
+02.2844	+01.6373	0001.494
+02.2804	+01.6373	0001.495
+02.2752	+01.6373	0001.496
+02.2709	+01.6370	0001.497
+02.2667	+01.6361	0001.498
+02.2618	+01.6367	0001.499
+02.2569	+01.6361	0001.500
+02.2529	+01.6364	0001.501
+02.2483	+01.6364	0001.502
+02.2441	+01.6355	0001.503
+02.2395	+01.6361	0001.504
+02.2349	+01.6349	0001.505
+02.2306	+01.6358	0001.506
+02.2258	+01.6352	0001.507
+02.2206	+01.6346	0001.508
+02.2172	+01.6346	0001.509
+02.2123	+01.6343	0001.510
+02.2081	+01.6339	0001.511
+02.2032	+01.6336	0001.512
+02.1986	+01.6343	0001.513
+02.1946	+01.6339	0001.514
+02.1898	+01.6336	0001.515
+02.1855	+01.6333	0001.516
+02.1806	+01.6333	0001.517
+02.1763	+01.6324	0001.518
+02.1717	+01.6330	0001.519
+02.1675	+01.6333	0001.520
+02.1629	+01.6327	0001.521
+02.1583	+01.6324	0001.522
+02.1537	+01.6324	0001.523
+02.1489	+01.6318	0001.524
+02.1452	+01.6321	0001.525
+02.1403	+01.6315	0001.526
+02.1357	+01.6324	0001.527
+02.1305	+01.6318	0001.528
+02.1269	+01.6312	0001.529
+02.1217	+01.6309	0001.530
+02.1183	+01.6309	0001.531
+02.1132	+01.6312	0001.532
+02.1086	+01.6303	0001.533
+02.1043	+01.6303	0001.534
+02.0994	+01.6306	0001.535
+02.0951	+01.6300	0001.536
+02.0906	+01.6297	0001.537
+02.0857	+01.6300	0001.538
+02.0814	+01.6294	0001.539
+02.0771	+01.6288	0001.540
+02.0726	+01.6294	0001.541
+02.0683	+01.6291	0001.542
+02.0634	+01.6291	0001.543
+02.0591	+01.6291	0001.544
+02.0543	+01.6281	0001.545
+02.0503	+01.6281	0001.546
+02.0457	+01.6288	0001.547
+02.0411	+01.6278	0001.548
+02.0366	+01.6275	0001.549
+02.0323	+01.6275	0001.550
+02.0274	+01.6275	0001.551
+02.0228	+01.6269	0001.552
+02.0192	+01.6269	0001.553
+02.0143	+01.6269	0001.554
+02.0091	+01.6269	0001.555
+02.0051	+01.6266	0001.556
+02.0015	+01.6260	0001.557
+01.9966	+01.6263	0001.558
+01.9920	+01.6257	0001.559
+01.9868	+01.6254	0001.560
+01.9828	+01.6251	0001.561
+01.9780	+01.6257	0001.562
+01.9734	+01.6248	0001.563
+01.9694	+01.6251	0001.564
+01.9651	+01.6248	0001.565
+01.9600	+01.6248	0001.566
+01.9551	+01.6242	0001.567
+01.9514	+01.6242	0001.568
+01.9465	+01.6236	0001.569
+01.9419	+01.6239	0001.570
+01.9371	+01.6236	0001.571
+01.9331	+01.6233	0001.572
+01.9285	+01.6227	0001.573
+01.9236	+01.6227	0001.574
+01.9197	+01.6230	0001.575
+01.9148	+01.6220	0001.576
+01.9105	+01.6220	0001.577
+01.9059	+01.6227	0001.578
+01.9014	+01.6220	0001.579
+01.8965	+01.6220	0001.580
+01.8922	+01.6214	0001.581
+01.8885	+01.6214	0001.582
+01.8834	+01.6211	0001.583
+01.8791	+01.6208	0001.584
+01.8742	+01.6211	0001.585
+01.8702	+01.6208	0001.586
+01.8657	+01.6202	0001.587
+01.8614	+01.6202	0001.588
+01.8565	+01.6199	0001.589
+01.8522	+01.6193	0001.590
+01.8473	+01.6190	0001.591
+01.8428	+01.6193	0001.592
+01.8388	+01.6187	0001.593
+01.8339	+01.6187	0001.594
+01.8296	+01.6184	0001.595
+01.8248	+01.6193	0001.596
+01.8205	+01.6184	0001.597
+01.8162	+01.6181	0001.598
+01.8113	+01.6175	0001.599
+01.8074	+01.6178	0001.600
+01.8025	+01.6178	0001.601
+01.7976	+01.6175	0001.602
+01.7936	+01.6166	0001.603
+01.7884	+01.6166	0001.604
+01.7845	+01.6162	0001.605
+01.7802	+01.6156	0001.606
+01.7753	+01.6159	0001.607
+01.7710	+01.6162	0001.608
+01.7662	+01.6156	0001.609
+01.7616	+01.6162	0001.610
+01.7573	+01.6156	0001.611
+01.7530	+01.6147	0001.612
+01.7479	+01.6144	0001.613
+01.7439	+01.6147	0001.614
+01.7393	+01.6144	0001.615
+01.7344	+01.6138	0001.616
+01.7299	+01.6141	0001.617
+01.7259	+01.6144	0001.618
+01.7207	+01.6141	0001.619
+01.7167	+01.6132	0001.620
+01.7121	+01.6135	0001.621
+01.7079	+01.6129	0001.622
+01.7036	+01.6129	0001.623
+01.6990	+01.6123	0001.624
+01.6941	+01.6120	0001.625
+01.6899	+01.6117	0001.626
+01.6856	+01.6123	0001.627
+01.6813	+01.6117	0001.628
+01.6764	+01.6117	0001.629
+01.6719	+01.6111	0001.630
+01.6676	+01.6111	0001.631
+01.6627	+01.6104	0001.632
+01.6587	+01.6101	0001.633
+01.6536	+01.6101	0001.634
+01.6496	+01.6098	0001.635
+01.6450	+01.6101	0001.636
+01.6404	+01.6092	0001.637
+01.6359	+01.6092	0001.638
+01.6316	+01.6092	0001.639
+01.6270	+01.6086	0001.640
+01.6218	+01.6089	0001.641
+01.6175	+01.6086	0001.642
+01.6136	+01.6086	0001.643
+01.6087	+01.6077	0001.644
+01.6041	+01.6071	0001.645
+01.5992	+01.6080	0001.646
+01.5953	+01.6074	0001.647
+01.5910	+01.6065	0001.648
+01.5864	+01.6068	0001.649
+01.5812	+01.6062	0001.650
+01.5770	+01.6062	0001.651
+01.5730	+01.6065	0001.652
+01.5678	+01.6056	0001.653
+01.5638	+01.6062	0001.654
+01.5593	+01.6056	0001.655
+01.5544	+01.6050	0001.656
+01.5501	+01.6050	0001.657
+01.5458	+01.6053	0001.658
+01.5416	+01.6047	0001.659
+01.5367	+01.6043	0001.660
+01.5321	+01.6043	0001.661
+01.5278	+01.6037	0001.662
+01.5232	+01.6040	0001.663
+01.5184	+01.6028	0001.664
+01.5141	+01.6031	0001.665
+01.5092	+01.6025	0001.666
+01.5052	+01.6031	0001.667
+01.5004	+01.6022	0001.668
+01.4958	+01.6019	0001.669
+01.4912	+01.6022	0001.670
+01.4866	+01.6013	0001.671
+01.4827	+01.6013	0001.672
+01.4781	+01.6013	0001.673
+01.4732	+01.6010	0001.674
+01.4686	+01.6010	0001.675
+01.4643	+01.6001	0001.676
+01.4598	+01.6004	0001.677
+01.4552	+01.6001	0001.678
+01.4512	+01.5995	0001.679
+01.4466	+01.5998	0001.680
+01.4421	+01.5989	0001.681
+01.4369	+01.5995	0001.682
+01.4326	+01.5985	0001.683
+01.4289	+01.5989	0001.684
+01.4238	+01.5979	0001.685
+01.4195	+01.5979	0001.686
+01.4152	+01.5967	0001.687
+01.4100	+01.5976	0001.688
+01.4061	+01.5967	0001.689
+01.4018	+01.5970	0001.690
+01.3972	+01.5964	0001.691
+01.3923	+01.5964	0001.692
+01.3877	+01.5958	0001.693
+01.3838	+01.5952	0001.694
+01.3792	+01.5961	0001.695
+01.3740	+01.5955	0001.696
+01.3704	+01.5952	0001.697
+01.3652	+01.5946	0001.698
+01.3609	+01.5943	0001.699
+01.3563	+01.5943	0001.700
+01.3514	+01.5940	0001.701
+01.3475	+01.5934	0001.702
+01.3432	+01.5937	0001.703
+01.3383	+01.5931	0001.704
+01.3337	+01.5931	0001.705
+01.3298	+01.5924	0001.706
+01.3249	+01.5921	0001.707
+01.3197	+01.5918	0001.708
+01.3160	+01.5921	0001.709
+01.3111	+01.5918	0001.710
+01.3069	+01.5909	0001.711
+01.3023	+01.5906	0001.712
+01.2977	+01.5909	0001.713
+01.2934	+01.5906	0001.714
+01.2889	+01.5894	0001.715
+01.2840	+01.5900	0001.716
+01.2794	+01.5894	0001.717
+01.2754	+01.5885	0001.718
+01.2709	+01.5888	0001.719
+01.2663	+01.5882	0001.720
+01.2617	+01.5882	0001.721
+01.2571	+01.5879	0001.722
+01.2526	+01.5882	0001.723
+01.2483	+01.5876	0001.724
+01.2434	+01.5870	0001.725
+01.2394	+01.5863	0001.726
+01.2345	+01.5866	0001.727
+01.2303	+01.5866	0001.728
+01.2254	+01.5860	0001.729
+01.2211	+01.5851	0001.730
+01.2165	+01.5854	0001.731
+01.2120	+01.5854	0001.732
+01.2077	+01.5845	0001.733
+01.2028	+01.5845	0001.734
+01.1985	+01.5842	0001.735
+01.1943	+01.5836	0001.736
+01.1894	+01.5836	0001.737
+01.1851	+01.5836	0001.738
+01.1808	+01.5827	0001.739
+01.1757	+01.5824	0001.740
+01.1714	+01.5824	0001.741
+01.1671	+01.5824	0001.742
+01.1628	+01.5821	0001.743
+01.1583	+01.5815	0001.744
+01.1534	+01.5808	0001.745
+01.1491	+01.5808	0001.746
+01.1448	+01.5796	0001.747
+01.1390	+01.5799	0001.748
+01.1351	+01.5799	0001.749
+01.1314	+01.5799	0001.750
+01.1268	+01.5793	0001.751
+01.1216	+01.5787	0001.752
+01.1180	+01.5790	0001.753
+01.1128	+01.5787	0001.754
+01.1085	+01.5778	0001.755
+01.1039	+01.5775	0001.756
+01.0997	+01.5778	0001.757
+01.0951	+01.5769	0001.758
+01.0908	+01.5769	0001.759
+01.0862	+01.5763	0001.760
+01.0817	+01.5757	0001.761
+01.0768	+01.5757	0001.762
+01.0722	+01.5750	0001.763
+01.0682	+01.5750	0001.764
+01.0637	+01.5747	0001.765
+01.0588	+01.5741	0001.766
+01.0548	+01.5741	0001.767
+01.0499	+01.5735	0001.768
+01.0460	+01.5726	0001.769
+01.0405	+01.5732	0001.770
+01.0365	+01.5723	0001.771
+01.0319	+01.5720	0001.772
+01.0273	+01.5714	0001.773
+01.0228	+01.5720	0001.774
+01.0182	+01.5711	0001.775
+01.0139	+01.5705	0001.776
+01.0099	+01.5702	0001.777
+01.0054	+01.5702	0001.778
+01.0002	+01.5699	0001.779
+00.9959	+01.5693	0001.780
+00.9913	+01.5696	0001.781
+00.9871	+01.5689	0001.782
+00.9825	+01.5677	0001.783
+00.9776	+01.5677	0001.784
+00.9730	+01.5674	0001.785
+00.9687	+01.5671	0001.786
+00.9639	+01.5671	0001.787
+00.9605	+01.5662	0001.788
+00.9553	+01.5662	0001.789
+00.9507	+01.5656	0001.790
+00.9462	+01.5653	0001.791
+00.9419	+01.5647	0001.792
+00.9373	+01.5644	0001.793
+00.9327	+01.5635	0001.794
+00.9278	+01.5635	0001.795
+00.9239	+01.5635	0001.796
+00.9193	+01.5635	0001.797
+00.9150	+01.5628	0001.798
+00.9101	+01.5622	0001.799
+00.9056	+01.5619	0001.800
+00.9013	+01.5613	0001.801
+00.8964	+01.5610	0001.802
+00.8921	+01.5604	0001.803
+00.8876	+01.5604	0001.804
+00.8836	+01.5598	0001.805
+00.8787	+01.5589	0001.806
+00.8744	+01.5592	0001.807
+00.8693	+01.5586	0001.808
+00.8653	+01.5583	0001.809
+00.8604	+01.5577	0001.810
+00.8558	+01.5570	0001.811
+00.8522	+01.5573	0001.812
+00.8473	+01.5564	0001.813
+00.8427	+01.5555	0001.814
+00.8375	+01.5561	0001.815
+00.8339	+01.5555	0001.816
+00.8290	+01.5549	0001.817
+00.8247	+01.5546	0001.818
+00.8198	+01.5540	0001.819
+00.8155	+01.5537	0001.820
+00.8110	+01.5534	0001.821
+00.8067	+01.5531	0001.822
+00.8018	+01.5528	0001.823
+00.7972	+01.5519	0001.824
+00.7933	+01.5512	0001.825
+00.7887	+01.5506	0001.826
+00.7838	+01.5506	0001.827
+00.7798	+01.5500	0001.828
+00.7753	+01.5500	0001.829
+00.7707	+01.5494	0001.830
+00.7658	+01.5485	0001.831
+00.7615	+01.5482	0001.832
+00.7576	+01.5473	0001.833
+00.7527	+01.5470	0001.834
+00.7481	+01.5470	0001.835
+00.7435	+01.5467	0001.836
+00.7396	+01.5451	0001.837
+00.7344	+01.5458	0001.838
+00.7298	+01.5451	0001.839
+00.7255	+01.5445	0001.840
+00.7209	+01.5442	0001.841
+00.7167	+01.5433	0001.842
+00.7115	+01.5427	0001.843
+00.7075	+01.5427	0001.844
+00.7029	+01.5421	0001.845
+00.6987	+01.5412	0001.846
+00.6938	+01.5406	0001.847
+00.6889	+01.5403	0001.848
+00.6849	+01.5400	0001.849
+00.6804	+01.5396	0001.850
+00.6761	+01.5387	0001.851
+00.6715	+01.5384	0001.852
+00.6672	+01.5378	0001.853
+00.6623	+01.5375	0001.854
+00.6578	+01.5369	0001.855
+00.6535	+01.5366	0001.856
+00.6492	+01.5360	0001.857
+00.6440	+01.5351	0001.858
+00.6401	+01.5348	0001.859
+00.6346	+01.5339	0001.860
+00.6309	+01.5339	0001.861
+00.6257	+01.5329	0001.862
+00.6221	+01.5329	0001.863
+00.6175	+01.5326	0001.864
+00.6126	+01.5317	0001.865
+00.6077	+01.5311	0001.866
+00.6041	+01.5308	0001.867
+00.5998	+01.5296	0001.868
+00.5946	+01.5287	0001.869
+00.5900	+01.5284	0001.870
+00.5861	+01.5281	0001.871
+00.5815	+01.5271	0001.872
+00.5763	+01.5271	0001.873
+00.5723	+01.5262	0001.874
+00.5677	+01.5262	0001.875
+00.5635	+01.5250	0001.876
+00.5589	+01.5238	0001.877
+00.5540	+01.5247	0001.878
+00.5497	+01.5232	0001.879
+00.5455	+01.5223	0001.880
+00.5406	+01.5223	0001.881
+00.5357	+01.5210	0001.882
+00.5317	+01.5207	0001.883
+00.5272	+01.5207	0001.884
+00.5229	+01.5198	0001.885
+00.5180	+01.5189	0001.886
+00.5134	+01.5177	0001.887
+00.5088	+01.5177	0001.888
+00.5046	+01.5171	0001.889
+00.5000	+01.5165	0001.890
+00.4960	+01.5155	0001.891
+00.4918	+01.5146	0001.892
+00.4863	+01.5146	0001.893
+00.4823	+01.5134	0001.894
+00.4774	+01.5128	0001.895
+00.4734	+01.5122	0001.896
+00.4689	+01.5119	0001.897
+00.4643	+01.5107	0001.898
+00.4600	+01.5104	0001.899
+00.4548	+01.5094	0001.900
+00.4509	+01.5082	0001.901
+00.4463	+01.5082	0001.902
+00.4417	+01.5070	0001.903
+00.4374	+01.5061	0001.904
+00.4329	+01.5061	0001.905
+00.4283	+01.5049	0001.906
+00.4237	+01.5042	0001.907
+00.4191	+01.5039	0001.908
+00.4145	+01.5027	0001.909
+00.4100	+01.5018	0001.910
+00.4057	+01.5012	0001.911
+00.4014	+01.5006	0001.912
+00.3971	+01.4994	0001.913
+00.3917	+01.4984	0001.914
+00.3874	+01.4975	0001.915
+00.3831	+01.4966	0001.916
+00.3779	+01.4963	0001.917
+00.3736	+01.4957	0001.918
+00.3697	+01.4948	0001.919
+00.3651	+01.4939	0001.920
+00.3605	+01.4933	0001.921
+00.3559	+01.4920	0001.922
+00.3520	+01.4914	0001.923
+00.3471	+01.4899	0001.924
+00.3425	+01.4893	0001.925
+00.3379	+01.4890	0001.926
+00.3334	+01.4878	0001.927
+00.3294	+01.4869	0001.928
+00.3245	+01.4862	0001.929
+00.3199	+01.4847	0001.930
+00.3157	+01.4841	0001.931
+00.3111	+01.4835	0001.932
+00.3062	+01.4826	0001.933
+00.3019	+01.4811	0001.934
+00.2970	+01.4804	0001.935
+00.2931	+01.4795	0001.936
+00.2885	+01.4780	0001.937
+00.2836	+01.4777	0001.938
+00.2790	+01.4768	0001.939
+00.2748	+01.4756	0001.940
+00.2705	+01.4743	0001.941
+00.2659	+01.4734	0001.942
+00.2616	+01.4722	0001.943
+00.2565	+01.4719	0001.944
+00.2519	+01.4704	0001.945
+00.2479	+01.4698	0001.946
+00.2433	+01.4679	0001.947
+00.2388	+01.4667	0001.948
+00.2342	+01.4661	0001.949
+00.2293	+01.4649	0001.950
+00.2250	+01.4637	0001.951
+00.2208	+01.4627	0001.952
+00.2159	+01.4612	0001.953
+00.2122	+01.4600	0001.954
+00.2073	+01.4594	0001.955
+00.2028	+01.4582	0001.956
+00.1982	+01.4566	0001.957
+00.1939	+01.4560	0001.958
+00.1893	+01.4545	0001.959
+00.1847	+01.4536	0001.960
+00.1802	+01.4521	0001.961
+00.1762	+01.4508	0001.962
+00.1713	+01.4496	0001.963
+00.1658	+01.4481	0001.964
+00.1622	+01.4472	0001.965
+00.1573	+01.4463	0001.966
+00.1530	+01.4453	0001.967
+00.1490	+01.4429	0001.968
+00.1439	+01.4420	0001.969
+00.1402	+01.4408	0001.970
+00.1353	+01.4392	0001.971
+00.1307	+01.4380	0001.972
+00.1262	+01.4368	0001.973
+00.1219	+01.4353	0001.974
+00.1173	+01.4344	0001.975
+00.1124	+01.4325	0001.976
+00.1078	+01.4313	0001.977
+00.1036	+01.4304	0001.978
+00.0993	+01.4289	0001.979
+00.0944	+01.4270	0001.980
+00.0904	+01.4258	0001.981
+00.0859	+01.4243	0001.982
+00.0813	+01.4228	0001.983
+00.0764	+01.4209	0001.984
+00.0718	+01.4200	0001.985
+00.0679	+01.4182	0001.986
+00.0633	+01.4170	0001.987
+00.0587	+01.4151	0001.988
+00.0538	+01.4136	0001.989
+00.0496	+01.4124	0001.990
+00.0450	+01.4103	0001.991
+00.0407	+01.4084	0001.992
+00.0358	+01.4075	0001.993
+00.0319	+01.4057	0001.994
+00.0270	+01.4042	0001.995
+00.0224	+01.4023	0001.996
+00.0175	+01.4008	0001.997
+00.0135	+01.3990	0001.998
+00.0090	+01.3974	0001.999
