R,Ohm	C,pF	Temp,C
0000000000	0000100000	+025.00
Ch1,V	Ch2,V	Time,s
-00.0002	-00.0003	0000.000
+00.0001	-00.0003	0000.001
-00.0045	-00.0006	0000.002
-00.0090	-00.0006	0000.003
-00.0136	-00.0012	0000.004
-00.0179	-00.0012	0000.005
-00.0222	-00.0012	0000.006
-00.0270	-00.0015	0000.007
-00.0313	-00.0018	0000.008
-00.0362	-00.0018	0000.009
-00.0405	-00.0018	0000.010
-00.0447	-00.0018	0000.011
-00.0493	-00.0021	0000.012
-00.0539	-00.0024	0000.013
-00.0588	-00.0027	0000.014
-00.0628	-00.0024	0000.015
-00.0673	-00.0033	0000.016
-00.0719	-00.0027	0000.017
-00.0765	-00.0030	0000.018
-00.0805	-00.0027	0000.019
-00.0856	-00.0030	0000.020
-00.0899	-00.0036	0000.021
-00.0948	-00.0039	0000.022
-00.0994	-00.0039	0000.023
-00.1036	-00.0039	0000.024
-00.1082	-00.0045	0000.025
-00.1125	-00.0045	0000.026
-00.1174	-00.0048	0000.027
-00.1220	-00.0052	0000.028
-00.1262	-00.0058	0000.029
-00.1305	-00.0058	0000.030
-00.1354	-00.0058	0000.031
-00.1394	-00.0064	0000.032
-00.1436	-00.0067	0000.033
-00.1485	-00.0073	0000.034
-00.1531	-00.0076	0000.035
-00.1574	-00.0082	0000.036
-00.1619	-00.0082	0000.037
-00.1662	-00.0091	0000.038
-00.1711	-00.0091	0000.039
-00.1757	-00.0094	0000.040
-00.1802	-00.0103	0000.041
-00.1845	-00.0106	0000.042
-00.1894	-00.0109	0000.043
-00.1934	-00.0116	0000.044
-00.1976	-00.0122	0000.045
-00.2022	-00.0125	0000.046
-00.2071	-00.0131	0000.047
-00.2120	-00.0140	0000.048
-00.2156	-00.0143	0000.049
-00.2205	-00.0152	0000.050
-00.2251	-00.0155	0000.051
-00.2300	-00.0161	0000.052
-00.2343	-00.0167	0000.053
-00.2385	-00.0171	0000.054
-00.2434	-00.0180	0000.055
-00.2474	-00.0189	0000.056
-00.2523	-00.0195	0000.057
-00.2565	-00.0204	0000.058
-00.2611	-00.0210	0000.059
-00.2657	-00.0213	0000.060
-00.2703	-00.0222	0000.061
-00.2745	-00.0232	0000.062
-00.2794	-00.0238	0000.063
-00.2834	-00.0244	0000.064
-00.2889	-00.0256	0000.065
-00.2925	-00.0262	0000.066
-00.2977	-00.0265	0000.067
-00.3020	-00.0277	0000.068
-00.3060	-00.0283	0000.069
-00.3106	-00.0286	0000.070
-00.3157	-00.0302	0000.071
-00.3197	-00.0308	0000.072
-00.3240	-00.0317	0000.073
-00.3289	-00.0329	0000.074
-00.3331	-00.0332	0000.075
-00.3377	-00.0338	0000.076
-00.3423	-00.0354	0000.077
-00.3466	-00.0360	0000.078
-00.3518	-00.0369	0000.079
-00.3557	-00.0375	0000.080
-00.3600	-00.0384	0000.081
-00.3652	-00.0393	0000.082
-00.3695	-00.0399	0000.083
-00.3740	-00.0412	0000.084
-00.3783	-00.0421	0000.085
-00.3829	-00.0430	0000.086
-00.3872	-00.0436	0000.087
-00.3911	-00.0442	0000.088
-00.3966	-00.0460	0000.089
-00.4012	-00.0467	0000.090
-00.4055	-00.0476	0000.091
-00.4097	-00.0485	0000.092
-00.4140	-00.0497	0000.093
-00.4192	-00.0503	0000.094
-00.4235	-00.0518	0000.095
-00.4280	-00.0528	0000.096
-00.4326	-00.0537	0000.097
-00.4366	-00.0546	0000.098
-00.4418	-00.0555	0000.099
-00.4464	-00.0567	0000.100
-00.4506	-00.0576	0000.101
-00.4549	-00.0586	0000.102
-00.4598	-00.0598	0000.103
-00.4638	-00.0607	0000.104
-00.4683	-00.0613	0000.105
-00.4732	-00.0628	0000.106
-00.4778	-00.0637	0000.107
-00.4818	-00.0647	0000.108
-00.4866	-00.0659	0000.109
-00.4912	-00.0668	0000.110
-00.4955	-00.0677	0000.111
-00.4998	-00.0689	0000.112
-00.5046	-00.0702	0000.113
-00.5089	-00.0714	0000.114
-00.5135	-00.0723	0000.115
-00.5181	-00.0735	0000.116
-00.5223	-00.0744	0000.117
-00.5269	-00.0753	0000.118
-00.5318	-00.0760	0000.119
-00.5361	-00.0778	0000.120
-00.5407	-00.0784	0000.121
-00.5446	-00.0799	0000.122
-00.5495	-00.0811	0000.123
-00.5538	-00.0821	0000.124
-00.5584	-00.0833	0000.125
-00.5632	-00.0842	0000.126
-00.5675	-00.0851	0000.127
-00.5721	-00.0860	0000.128
-00.5770	-00.0875	0000.129
-00.5806	-00.0888	0000.130
-00.5858	-00.0897	0000.131
-00.5904	-00.0912	0000.132
-00.5947	-00.0918	0000.133
-00.5989	-00.0930	0000.134
-00.6035	-00.0943	0000.135
-00.6081	-00.0949	0000.136
-00.6124	-00.0964	0000.137
-00.6176	-00.0976	0000.138
-00.6215	-00.0988	0000.139
-00.6264	-00.0998	0000.140
-00.6310	-00.1007	0000.141
-00.6353	-00.1022	0000.142
-00.6395	-00.1031	0000.143
-00.6441	-00.1043	0000.144
-00.6487	-00.1056	0000.145
-00.6536	-00.1068	0000.146
-00.6575	-00.1071	0000.147
-00.6624	-00.1089	0000.148
-00.6670	-00.1098	0000.149
-00.6713	-00.1114	0000.150
-00.6755	-00.1126	0000.151
-00.6804	-00.1132	0000.152
-00.6847	-00.1144	0000.153
-00.6899	-00.1156	0000.154
-00.6936	-00.1165	0000.155
-00.6984	-00.1181	0000.156
-00.7030	-00.1190	0000.157
-00.7073	-00.1205	0000.158
-00.7116	-00.1211	0000.159
-00.7164	-00.1226	0000.160
-00.7210	-00.1236	0000.161
-00.7256	-00.1245	0000.162
-00.7299	-00.1260	0000.163
-00.7344	-00.1272	0000.164
-00.7393	-00.1281	0000.165
-00.7433	-00.1294	0000.166
-00.7479	-00.1306	0000.167
-00.7528	-00.1318	0000.168
-00.7573	-00.1327	0000.169
-00.7616	-00.1336	0000.170
-00.7659	-00.1349	0000.171
-00.7705	-00.1361	0000.172
-00.7753	-00.1376	0000.173
-00.7796	-00.1385	0000.174
-00.7836	-00.1391	0000.175
-00.7882	-00.1406	0000.176
-00.7930	-00.1416	0000.177
-00.7976	-00.1428	0000.178
-00.8016	-00.1440	0000.179
-00.8065	-00.1449	0000.180
-00.8113	-00.1461	0000.181
-00.8153	-00.1474	0000.182
-00.8193	-00.1483	0000.183
-00.8248	-00.1492	0000.184
-00.8287	-00.1504	0000.185
-00.8333	-00.1516	0000.186
-00.8376	-00.1522	0000.187
-00.8422	-00.1535	0000.188
-00.8474	-00.1547	0000.189
-00.8513	-00.1556	0000.190
-00.8556	-00.1568	0000.191
-00.8605	-00.1580	0000.192
-00.8651	-00.1593	0000.193
-00.8696	-00.1602	0000.194
-00.8742	-00.1614	0000.195
-00.8785	-00.1626	0000.196
-00.8834	-00.1635	0000.197
-00.8876	-00.1645	0000.198
-00.8919	-00.1657	0000.199
-00.8965	-00.1663	0000.200
-00.9011	-00.1675	0000.201
-00.9056	-00.1684	0000.202
-00.9102	-00.1699	0000.203
-00.9148	-00.1712	0000.204
-00.9194	-00.1718	0000.205
-00.9233	-00.1730	0000.206
-00.9279	-00.1739	0000.207
-00.9328	-00.1751	0000.208
-00.9374	-00.1757	0000.209
-00.9414	-00.1770	0000.210
-00.9459	-00.1782	0000.211
-00.9505	-00.1794	0000.212
-00.9554	-00.1803	0000.213
-00.9597	-00.1806	0000.214
-00.9639	-00.1822	0000.215
-00.9685	-00.1831	0000.216
-00.9728	-00.1846	0000.217
-00.9774	-00.1849	0000.218
-00.9822	-00.1864	0000.219
-00.9865	-00.1873	0000.220
-00.9914	-00.1880	0000.221
-00.9954	-00.1889	0000.222
-00.9999	-00.1901	0000.223
-01.0045	-00.1910	0000.224
-01.0094	-00.1922	0000.225
-01.0137	-00.1931	0000.226
-01.0186	-00.1941	0000.227
-01.0228	-00.1950	0000.228
-01.0277	-00.1962	0000.229
-01.0317	-00.1974	0000.230
-01.0363	-00.1980	0000.231
-01.0402	-00.1989	0000.232
-01.0454	-00.1999	0000.233
-01.0497	-00.2011	0000.234
-01.0543	-00.2020	0000.235
-01.0585	-00.2026	0000.236
-01.0631	-00.2038	0000.237
-01.0674	-00.2047	0000.238
-01.0717	-00.2060	0000.239
-01.0769	-00.2069	0000.240
-01.0814	-00.2075	0000.241
-01.0854	-00.2090	0000.242
-01.0903	-00.2093	0000.243
-01.0952	-00.2105	0000.244
-01.0994	-00.2111	0000.245
-01.1037	-00.2127	0000.246
-01.1083	-00.2133	0000.247
-01.1129	-00.2139	0000.248
-01.1174	-00.2148	0000.249
-01.1217	-00.2157	0000.250
-01.1260	-00.2166	0000.251
-01.1306	-00.2182	0000.252
-01.1351	-00.2188	0000.253
-01.1400	-00.2194	0000.254
-01.1440	-00.2200	0000.255
-01.1486	-00.2209	0000.256
-01.1531	-00.2221	0000.257
-01.1580	-00.2227	0000.258
-01.1620	-00.2237	0000.259
-01.1675	-00.2243	0000.260
-01.1712	-00.2255	0000.261
-01.1760	-00.2264	0000.262
-01.1803	-00.2270	0000.263
-01.1852	-00.2279	0000.264
-01.1889	-00.2288	0000.265
-01.1934	-00.2301	0000.266
-01.1980	-00.2304	0000.267
-01.2029	-00.2313	0000.268
-01.2072	-00.2322	0000.269
-01.2120	-00.2328	0000.270
-01.2166	-00.2340	0000.271
-01.2206	-00.2346	0000.272
-01.2255	-00.2353	0000.273
-01.2297	-00.2359	0000.274
-01.2343	-00.2374	0000.275
-01.2392	-00.2383	0000.276
-01.2432	-00.2389	0000.277
-01.2484	-00.2395	0000.278
-01.2523	-00.2404	0000.279
-01.2572	-00.2414	0000.280
-01.2609	-00.2417	0000.281
-01.2661	-00.2429	0000.282
-01.2706	-00.2435	0000.283
-01.2746	-00.2444	0000.284
-01.2795	-00.2450	0000.285
-01.2841	-00.2456	0000.286
-01.2886	-00.2469	0000.287
-01.2935	-00.2472	0000.288
-01.2972	-00.2478	0000.289
-01.3021	-00.2490	0000.290
-01.3066	-00.2496	0000.291
-01.3112	-00.2502	0000.292
-01.3158	-00.2511	0000.293
-01.3198	-00.2520	0000.294
-01.3247	-00.2526	0000.295
-01.3289	-00.2533	0000.296
-01.3338	-00.2542	0000.297
-01.3381	-00.2545	0000.298
-01.3427	-00.2554	0000.299
-01.3469	-00.2560	0000.300
-01.3512	-00.2572	0000.301
-01.3564	-00.2578	0000.302
-01.3604	-00.2581	0000.303
-01.3652	-00.2591	0000.304
-01.3695	-00.2597	0000.305
-01.3738	-00.2603	0000.306
-01.3793	-00.2609	0000.307
-01.3829	-00.2621	0000.308
-01.3875	-00.2627	0000.309
-01.3927	-00.2630	0000.310
-01.3970	-00.2642	0000.311
-01.4016	-00.2652	0000.312
-01.4058	-00.2652	0000.313
-01.4104	-00.2658	0000.314
-01.4147	-00.2667	0000.315
-01.4190	-00.2673	0000.316
-01.4232	-00.2679	0000.317
-01.4281	-00.2688	0000.318
-01.4324	-00.2694	0000.319
-01.4373	-00.2700	0000.320
-01.4415	-00.2703	0000.321
-01.4461	-00.2713	0000.322
-01.4510	-00.2719	0000.323
-01.4550	-00.2722	0000.324
-01.4595	-00.2731	0000.325
-01.4638	-00.2737	0000.326
-01.4693	-00.2746	0000.327
-01.4730	-00.2752	0000.328
-01.4782	-00.2755	0000.329
-01.4821	-00.2761	0000.330
-01.4867	-00.2771	0000.331
-01.4913	-00.2774	0000.332
-01.4959	-00.2777	0000.333
-01.4998	-00.2792	0000.334
-01.5050	-00.2792	0000.335
-01.5090	-00.2804	0000.336
-01.5139	-00.2807	0000.337
-01.5184	-00.2807	0000.338
-01.5230	-00.2816	0000.339
-01.5273	-00.2823	0000.340
-01.5322	-00.2826	0000.341
-01.5368	-00.2835	0000.342
-01.5410	-00.2841	0000.343
-01.5453	-00.2841	0000.344
-01.5499	-00.2853	0000.345
-01.5548	-00.2859	0000.346
-01.5593	-00.2862	0000.347
-01.5636	-00.2868	0000.348
-01.5682	-00.2874	0000.349
-01.5728	-00.2880	0000.350
-01.5770	-00.2887	0000.351
-01.5813	-00.2890	0000.352
-01.5859	-00.2899	0000.353
-01.5911	-00.2905	0000.354
-01.5950	-00.2905	0000.355
-01.5993	-00.2914	0000.356
-01.6042	-00.2923	0000.357
-01.6082	-00.2923	0000.358
-01.6134	-00.2932	0000.359
-01.6173	-00.2938	0000.360
-01.6222	-00.2945	0000.361
-01.6268	-00.2948	0000.362
-01.6311	-00.2951	0000.363
-01.6356	-00.2951	0000.364
-01.6402	-00.2963	0000.365
-01.6448	-00.2969	0000.366
-01.6497	-00.2972	0000.367
-01.6536	-00.2975	0000.368
-01.6585	-00.2981	0000.369
-01.6625	-00.2987	0000.370
-01.6674	-00.2993	0000.371
-01.6716	-00.3000	0000.372
-01.6762	-00.3003	0000.373
-01.6808	-00.3006	0000.374
-01.6851	-00.3012	0000.375
-01.6903	-00.3018	0000.376
-01.6942	-00.3021	0000.377
-01.6985	-00.3024	0000.378
-01.7031	-00.3033	0000.379
-01.7076	-00.3033	0000.380
-01.7122	-00.3039	0000.381
-01.7171	-00.3045	0000.382
-01.7211	-00.3048	0000.383
-01.7257	-00.3051	0000.384
-01.7302	-00.3057	0000.385
-01.7345	-00.3064	0000.386
-01.7391	-00.3070	0000.387
-01.7434	-00.3073	0000.388
-01.7482	-00.3079	0000.389
-01.7531	-00.3079	0000.390
-01.7571	-00.3088	0000.391
-01.7614	-00.3091	0000.392
-01.7659	-00.3097	0000.393
-01.7708	-00.3100	0000.394
-01.7754	-00.3103	0000.395
-01.7800	-00.3109	0000.396
-01.7842	-00.3112	0000.397
-01.7891	-00.3119	0000.398
-01.7934	-00.3122	0000.399
-01.7977	-00.3125	0000.400
-01.8023	-00.3134	0000.401
-01.8071	-00.3131	0000.402
-01.8114	-00.3134	0000.403
-01.8160	-00.3140	0000.404
-01.8203	-00.3143	0000.405
-01.8251	-00.3155	0000.406
-01.8294	-00.3152	0000.407
-01.8340	-00.3161	0000.408
-01.8386	-00.3164	0000.409
-01.8425	-00.3170	0000.410
-01.8474	-00.3173	0000.411
-01.8517	-00.3173	0000.412
-01.8563	-00.3183	0000.413
-01.8612	-00.3183	0000.414
-01.8654	-00.3186	0000.415
-01.8697	-00.3189	0000.416
-01.8743	-00.3192	0000.417
-01.8792	-00.3201	0000.418
-01.8831	-00.3207	0000.419
-01.8883	-00.3207	0000.420
-01.8926	-00.3210	0000.421
-01.8972	-00.3213	0000.422
-01.9014	-00.3216	0000.423
-01.9063	-00.3222	0000.424
-01.9109	-00.3225	0000.425
-01.9152	-00.3228	0000.426
-01.9191	-00.3234	0000.427
-01.9240	-00.3241	0000.428
-01.9283	-00.3238	0000.429
-01.9332	-00.3244	0000.430
-01.9374	-00.3247	0000.431
-01.9420	-00.3250	0000.432
-01.9466	-00.3256	0000.433
-01.9509	-00.3256	0000.434
-01.9555	-00.3262	0000.435
-01.9600	-00.3268	0000.436
-01.9649	-00.3268	0000.437
-01.9692	-00.3274	0000.438
-01.9735	-00.3274	0000.439
-01.9780	-00.3277	0000.440
-01.9826	-00.3283	0000.441
-01.9872	-00.3289	0000.442
-01.9912	-00.3292	0000.443
-01.9960	-00.3292	0000.444
-02.0009	-00.3292	0000.445
-02.0052	-00.3302	0000.446
-02.0095	-00.3308	0000.447
-02.0137	-00.3308	0000.448
-02.0186	-00.3314	0000.449
-02.0238	-00.3314	0000.450
-02.0275	-00.3317	0000.451
-02.0321	-00.3320	0000.452
-02.0366	-00.3326	0000.453
-02.0409	-00.3329	0000.454
-02.0455	-00.3329	0000.455
-02.0501	-00.3332	0000.456
-02.0549	-00.3338	0000.457
-02.0589	-00.3338	0000.458
-02.0635	-00.3341	0000.459
-02.0684	-00.3344	0000.460
-02.0729	-00.3350	0000.461
-02.0772	-00.3354	0000.462
-02.0818	-00.3357	0000.463
-02.0861	-00.3360	0000.464
-02.0906	-00.3360	0000.465
-02.0955	-00.3366	0000.466
-02.0998	-00.3363	0000.467
-02.1041	-00.3375	0000.468
-02.1087	-00.3372	0000.469
-02.1129	-00.3378	0000.470
-02.1178	-00.3378	0000.471
-02.1224	-00.3384	0000.472
-02.1264	-00.3384	0000.473
-02.1306	-00.3387	0000.474
-02.1352	-00.3390	0000.475
-02.1404	-00.3396	0000.476
-02.1450	-00.3396	0000.477
-02.1492	-00.3402	0000.478
-02.1538	-00.3405	0000.479
-02.1584	-00.3405	0000.480
-02.1627	-00.3408	0000.481
-02.1675	-00.3411	0000.482
-02.1718	-00.3418	0000.483
-02.1764	-00.3415	0000.484
-02.1810	-00.3418	0000.485
-02.1852	-00.3427	0000.486
-02.1901	-00.3424	0000.487
-02.1944	-00.3430	0000.488
-02.1990	-00.3430	0000.489
-02.2030	-00.3436	0000.490
-02.2078	-00.3436	0000.491
-02.2124	-00.3439	0000.492
-02.2173	-00.3445	0000.493
-02.2213	-00.3442	0000.494
-02.2258	-00.3442	0000.495
-02.2301	-00.3451	0000.496
-02.2350	-00.3448	0000.497
-02.2390	-00.3457	0000.498
-02.2441	-00.3457	0000.499
-02.2484	-00.3460	0000.500
-02.2533	-00.3463	0000.501
-02.2579	-00.3463	0000.502
-02.2618	-00.3469	0000.503
-02.2661	-00.3473	0000.504
-02.2707	-00.3476	0000.505
-02.2756	-00.3473	0000.506
-02.2805	-00.3482	0000.507
-02.2847	-00.3482	0000.508
-02.2890	-00.3482	0000.509
-02.2939	-00.3485	0000.510
-02.2982	-00.3488	0000.511
-02.3027	-00.3491	0000.512
-02.3070	-00.3488	0000.513
-02.3116	-00.3497	0000.514
-02.3162	-00.3494	0000.515
-02.3207	-00.3500	0000.516
-02.3250	-00.3506	0000.517
-02.3293	-00.3506	0000.518
-02.3345	-00.3506	0000.519
-02.3391	-00.3506	0000.520
-02.3430	-00.3512	0000.521
-02.3479	-00.3512	0000.522
-02.3519	-00.3515	0000.523
-02.3565	-00.3521	0000.524
-02.3607	-00.3521	0000.525
-02.3653	-00.3527	0000.526
-02.3702	-00.3531	0000.527
-02.3745	-00.3531	0000.528
-02.3790	-00.3531	0000.529
-02.3833	-00.3534	0000.530
-02.3879	-00.3540	0000.531
-02.3925	-00.3540	0000.532
-02.3970	-00.3540	0000.533
-02.4013	-00.3549	0000.534
-02.4059	-00.3546	0000.535
-02.4108	-00.3549	0000.536
-02.4154	-00.3549	0000.537
-02.4196	-00.3552	0000.538
-02.4239	-00.3561	0000.539
-02.4288	-00.3555	0000.540
-02.4334	-00.3558	0000.541
-02.4373	-00.3564	0000.542
-02.4425	-00.3567	0000.543
-02.4465	-00.3567	0000.544
-02.4508	-00.3567	0000.545
-02.4556	-00.3570	0000.546
-02.4602	-00.3573	0000.547
-02.4651	-00.3573	0000.548
-02.4697	-00.3579	0000.549
-02.4733	-00.3573	0000.550
-02.4782	-00.3582	0000.551
-02.4831	-00.3585	0000.552
-02.4874	-00.3585	0000.553
-02.4913	-00.3589	0000.554
-02.4968	-00.3592	0000.555
-02.5005	-00.3592	0000.556
-02.5054	-00.3592	0000.557
-02.5100	-00.3592	0000.558
-02.5142	-00.3601	0000.559
-02.5191	-00.3601	0000.560
-02.5237	-00.3604	0000.561
-02.5277	-00.3604	0000.562
-02.5322	-00.3607	0000.563
-02.5365	-00.3610	0000.564
-02.5411	-00.3610	0000.565
-02.5460	-00.3613	0000.566
-02.5502	-00.3616	0000.567
-02.5551	-00.3616	0000.568
-02.5594	-00.3619	0000.569
-02.5640	-00.3619	0000.570
-02.5682	-00.3622	0000.571
-02.5728	-00.3625	0000.572
-02.5771	-00.3631	0000.573
-02.5817	-00.3637	0000.574
-02.5863	-00.3634	0000.575
-02.5905	-00.3637	0000.576
-02.5951	-00.3634	0000.577
-02.6003	-00.3637	0000.578
-02.6040	-00.3643	0000.579
-02.6082	-00.3637	0000.580
-02.6125	-00.3643	0000.581
-02.6180	-00.3643	0000.582
-02.6223	-00.3650	0000.583
-02.6271	-00.3653	0000.584
-02.6317	-00.3650	0000.585
-02.6360	-00.3653	0000.586
-02.6403	-00.3653	0000.587
-02.6445	-00.3656	0000.588
-02.6491	-00.3659	0000.589
-02.6534	-00.3659	0000.590
-02.6589	-00.3665	0000.591
-02.6632	-00.3665	0000.592
-02.6674	-00.3665	0000.593
-02.6720	-00.3665	0000.594
-02.6763	-00.3671	0000.595
-02.6812	-00.3671	0000.596
-02.6854	-00.3674	0000.597
-02.6900	-00.3677	0000.598
-02.6949	-00.3677	0000.599
-02.6989	-00.3677	0000.600
-02.7034	-00.3677	0000.601
-02.7080	-00.3683	0000.602
-02.7126	-00.3683	0000.603
-02.7169	-00.3689	0000.604
-02.7211	-00.3689	0000.605
-02.7269	-00.3689	0000.606
-02.7309	-00.3692	0000.607
-02.7349	-00.3692	0000.608
-02.7388	-00.3701	0000.609
-02.7437	-00.3698	0000.610
-02.7483	-00.3701	0000.611
-02.7529	-00.3701	0000.612
-02.7581	-00.3704	0000.613
-02.7617	-00.3701	0000.614
-02.7666	-00.3708	0000.615
-02.7715	-00.3708	0000.616
-02.7755	-00.3711	0000.617
-02.7806	-00.3714	0000.618
-02.7846	-00.3714	0000.619
-02.7889	-00.3714	0000.620
-02.7932	-00.3717	0000.621
-02.7983	-00.3720	0000.622
-02.8029	-00.3723	0000.623
-02.8072	-00.3723	0000.624
-02.8115	-00.3723	0000.625
-02.8160	-00.3726	0000.626
-02.8203	-00.3726	0000.627
-02.8252	-00.3732	0000.628
-02.8298	-00.3732	0000.629
-02.8341	-00.3735	0000.630
-02.8383	-00.3741	0000.631
-02.8432	-00.3738	0000.632
-02.8475	-00.3744	0000.633
-02.8521	-00.3744	0000.634
-02.8566	-00.3741	0000.635
-02.8609	-00.3744	0000.636
-02.8658	-00.3747	0000.637
-02.8701	-00.3750	0000.638
-02.8746	-00.3753	0000.639
-02.8792	-00.3753	0000.640
-02.8835	-00.3756	0000.641
-02.8887	-00.3756	0000.642
-02.8923	-00.3756	0000.643
-02.8969	-00.3759	0000.644
-02.9015	-00.3762	0000.645
-02.9064	-00.3762	0000.646
-02.9103	-00.3762	0000.647
-02.9152	-00.3762	0000.648
-02.9198	-00.3766	0000.649
-02.9244	-00.3772	0000.650
-02.9287	-00.3769	0000.651
-02.9329	-00.3775	0000.652
-02.9381	-00.3775	0000.653
-02.9421	-00.3778	0000.654
-02.9470	-00.3778	0000.655
-02.9512	-00.3781	0000.656
-02.9561	-00.3781	0000.657
-02.9607	-00.3784	0000.658
-02.9650	-00.3784	0000.659
-02.9689	-00.3787	0000.660
-02.9735	-00.3787	0000.661
-02.9784	-00.3790	0000.662
-02.9815	-00.3787	0000.663
-02.9869	-00.3793	0000.664
-02.9915	-00.3796	0000.665
-02.9967	-00.3796	0000.666
-03.0004	-00.3799	0000.667
-03.0053	-00.3799	0000.668
-03.0095	-00.3799	0000.669
-03.0144	-00.3799	0000.670
-03.0190	-00.3802	0000.671
-03.0236	-00.3805	0000.672
-03.0281	-00.3808	0000.673
-03.0324	-00.3808	0000.674
-03.0364	-00.3805	0000.675
-03.0416	-00.3814	0000.676
-03.0458	-00.3817	0000.677
-03.0501	-00.3814	0000.678
-03.0547	-00.3814	0000.679
-03.0593	-00.3820	0000.680
-03.0648	-00.3820	0000.681
-03.0687	-00.3820	0000.682
-03.0724	-00.3823	0000.683
-03.0776	-00.3830	0000.684
-03.0825	-00.3827	0000.685
-03.0867	-00.3830	0000.686
-03.0907	-00.3827	0000.687
-03.0953	-00.3833	0000.688
-03.1005	-00.3836	0000.689
-03.1041	-00.3836	0000.690
-03.1084	-00.3833	0000.691
-03.1133	-00.3839	0000.692
-03.1179	-00.3845	0000.693
-03.1224	-00.3839	0000.694
-03.1267	-00.3842	0000.695
-03.1316	-00.3842	0000.696
-03.1356	-00.3848	0000.697
-03.1405	-00.3848	0000.698
-03.1447	-00.3848	0000.699
-03.1493	-00.3851	0000.700
-03.1542	-00.3851	0000.701
-03.1588	-00.3854	0000.702
-03.1630	-00.3857	0000.703
-03.1682	-00.3857	0000.704
-03.1722	-00.3860	0000.705
-03.1762	-00.3860	0000.706
-03.1810	-00.3860	0000.707
-03.1853	-00.3863	0000.708
-03.1899	-00.3866	0000.709
-03.1942	-00.3863	0000.710
-03.1987	-00.3866	0000.711
-03.2039	-00.3869	0000.712
-03.2085	-00.3869	0000.713
-03.2122	-00.3872	0000.714
-03.2164	-00.3869	0000.715
-03.2219	-00.3872	0000.716
-03.2265	-00.3875	0000.717
-03.2308	-00.3881	0000.718
-03.2354	-00.3881	0000.719
-03.2402	-00.3878	0000.720
-03.2442	-00.3881	0000.721
-03.2488	-00.3888	0000.722
-03.2531	-00.3888	0000.723
-03.2576	-00.3888	0000.724
-03.2625	-00.3891	0000.725
-03.2671	-00.3891	0000.726
-03.2708	-00.3894	0000.727
-03.2756	-00.3894	0000.728
-03.2802	-00.3897	0000.729
-03.2845	-00.3897	0000.730
-03.2894	-00.3900	0000.731
-03.2936	-00.3900	0000.732
-03.2982	-00.3900	0000.733
-03.3028	-00.3903	0000.734
-03.3071	-00.3906	0000.735
-03.3123	-00.3906	0000.736
-03.3165	-00.3906	0000.737
-03.3211	-00.3912	0000.738
-03.3254	-00.3909	0000.739
-03.3297	-00.3912	0000.740
-03.3342	-00.3912	0000.741
-03.3379	-00.3915	0000.742
-03.3431	-00.3915	0000.743
-03.3474	-00.3918	0000.744
-03.3522	-00.3921	0000.745
-03.3565	-00.3915	0000.746
-03.3611	-00.3921	0000.747
-03.3657	-00.3924	0000.748
-03.3706	-00.3927	0000.749
-03.3751	-00.3927	0000.750
-03.3788	-00.3927	0000.751
-03.3840	-00.3930	0000.752
-03.3879	-00.3930	0000.753
-03.3925	-00.3933	0000.754
-03.3971	-00.3930	0000.755
-03.4020	-00.3936	0000.756
-03.4066	-00.3939	0000.757
-03.4111	-00.3936	0000.758
-03.4154	-00.3936	0000.759
-03.4200	-00.3939	0000.760
-03.4243	-00.3943	0000.761
-03.4285	-00.3943	0000.762
-03.4334	-00.3952	0000.763
-03.4380	-00.3946	0000.764
-03.4420	-00.3952	0000.765
-03.4468	-00.3946	0000.766
-03.4511	-00.3952	0000.767
-03.4560	-00.3955	0000.768
-03.4609	-00.3955	0000.769
-03.4645	-00.3955	0000.770
-03.4694	-00.3958	0000.771
-03.4740	-00.3955	0000.772
-03.4786	-00.3961	0000.773
-03.4835	-00.3964	0000.774
-03.4877	-00.3964	0000.775
-03.4926	-00.3964	0000.776
-03.4969	-00.3964	0000.777
-03.5012	-00.3967	0000.778
-03.5054	-00.3970	0000.779
-03.5097	-00.3970	0000.780
-03.5146	-00.3970	0000.781
-03.5189	-00.3976	0000.782
-03.5231	-00.3976	0000.783
-03.5280	-00.3973	0000.784
-03.5326	-00.3976	0000.785
-03.5369	-00.3982	0000.786
-03.5424	-00.3979	0000.787
-03.5463	-00.3979	0000.788
-03.5506	-00.3988	0000.789
-03.5555	-00.3982	0000.790
-03.5598	-00.3985	0000.791
-03.5646	-00.3988	0000.792
-03.5689	-00.3985	0000.793
-03.5735	-00.3988	0000.794
-03.5778	-00.3994	0000.795
-03.5823	-00.3991	0000.796
-03.5869	-00.3994	0000.797
-03.5912	-00.3997	0000.798
-03.5949	-00.3994	0000.799
-03.6007	-00.3997	0000.800
-03.6046	-00.4004	0000.801
-03.6089	-00.4004	0000.802
-03.6138	-00.4000	0000.803
-03.6177	-00.4007	0000.804
-03.6223	-00.4010	0000.805
-03.6272	-00.4004	0000.806
-03.6318	-00.4007	0000.807
-03.6367	-00.4013	0000.808
-03.6406	-00.4004	0000.809
-03.6452	-00.4013	0000.810
-03.6495	-00.4019	0000.811
-03.6538	-00.4016	0000.812
-03.6586	-00.4016	0000.813
-03.6635	-00.4022	0000.814
-03.6678	-00.4022	0000.815
-03.6721	-00.4025	0000.816
-03.6763	-00.4022	0000.817
-03.6815	-00.4025	0000.818
-03.6861	-00.4028	0000.819
-03.6892	-00.4028	0000.820
-03.6946	-00.4031	0000.821
-03.6995	-00.4034	0000.822
-03.7038	-00.4031	0000.823
-03.7084	-00.4034	0000.824
-03.7127	-00.4034	0000.825
-03.7172	-00.4037	0000.826
-03.7215	-00.4037	0000.827
-03.7258	-00.4040	0000.828
-03.7304	-00.4043	0000.829
-03.7349	-00.4043	0000.830
-03.7392	-00.4043	0000.831
-03.7441	-00.4043	0000.832
-03.7493	-00.4046	0000.833
-03.7529	-00.4049	0000.834
-03.7575	-00.4049	0000.835
-03.7624	-00.4046	0000.836
-03.7667	-00.4052	0000.837
-03.7712	-00.4052	0000.838
-03.7767	-00.4055	0000.839
-03.7804	-00.4052	0000.840
-03.7844	-00.4058	0000.841
-03.7896	-00.4058	0000.842
-03.7941	-00.4058	0000.843
-03.7987	-00.4062	0000.844
-03.8024	-00.4065	0000.845
-03.8073	-00.4065	0000.846
-03.8124	-00.4065	0000.847
-03.8161	-00.4071	0000.848
-03.8213	-00.4068	0000.849
-03.8259	-00.4068	0000.850
-03.8301	-00.4071	0000.851
-03.8347	-00.4074	0000.852
-03.8390	-00.4074	0000.853
-03.8442	-00.4074	0000.854
-03.8491	-00.4080	0000.855
-03.8527	-00.4077	0000.856
-03.8570	-00.4083	0000.857
-03.8613	-00.4083	0000.858
-03.8662	-00.4089	0000.859
-03.8704	-00.4083	0000.860
-03.8747	-00.4086	0000.861
-03.8796	-00.4089	0000.862
-03.8845	-00.4092	0000.863
-03.8887	-00.4089	0000.864
-03.8930	-00.4092	0000.865
-03.8973	-00.4092	0000.866
-03.9025	-00.4095	0000.867
-03.9061	-00.4095	0000.868
-03.9110	-00.4095	0000.869
-03.9165	-00.4098	0000.870
-03.9205	-00.4101	0000.871
-03.9251	-00.4101	0000.872
-03.9284	-00.4104	0000.873
-03.9333	-00.4104	0000.874
-03.9385	-00.4104	0000.875
-03.9425	-00.4107	0000.876
-03.9470	-00.4104	0000.877
-03.9525	-00.4110	0000.878
-03.9565	-00.4107	0000.879
-03.9608	-00.4110	0000.880
-03.9656	-00.4113	0000.881
-03.9690	-00.4116	0000.882
-03.9736	-00.4113	0000.883
-03.9788	-00.4116	0000.884
-03.9833	-00.4120	0000.885
-03.9882	-00.4126	0000.886
-03.9928	-00.4120	0000.887
-03.9965	-00.4123	0000.888
-04.0014	-00.4126	0000.889
-04.0059	-00.4129	0000.890
-04.0105	-00.4126	0000.891
-04.0145	-00.4129	0000.892
-04.0194	-00.4132	0000.893
-04.0230	-00.4129	0000.894
-04.0285	-00.4132	0000.895
-04.0331	-00.4135	0000.896
-04.0374	-00.4138	0000.897
-04.0422	-00.4141	0000.898
-04.0468	-00.4141	0000.899
-04.0514	-00.4144	0000.900
-04.0545	-00.4138	0000.901
-04.0596	-00.4147	0000.902
-04.0639	-00.4147	0000.903
-04.0688	-00.4144	0000.904
-04.0731	-00.4144	0000.905
-04.0786	-00.4153	0000.906
-04.0825	-00.4147	0000.907
-04.0865	-00.4153	0000.908
-04.0914	-00.4147	0000.909
-04.0953	-00.4153	0000.910
-04.1005	-00.4153	0000.911
-04.1042	-00.4159	0000.912
-04.1085	-00.4156	0000.913
-04.1137	-00.4162	0000.914
-04.1185	-00.4162	0000.915
-04.1237	-00.4162	0000.916
-04.1268	-00.4168	0000.917
-04.1326	-00.4165	0000.918
-04.1362	-00.4168	0000.919
-04.1405	-00.4168	0000.920
-04.1460	-00.4168	0000.921
-04.1506	-00.4168	0000.922
-04.1552	-00.4171	0000.923
-04.1591	-00.4171	0000.924
-04.1628	-00.4171	0000.925
-04.1686	-00.4177	0000.926
-04.1726	-00.4177	0000.927
-04.1765	-00.4184	0000.928
-04.1811	-00.4181	0000.929
-04.1863	-00.4184	0000.930
-04.1909	-00.4181	0000.931
-04.1951	-00.4190	0000.932
-04.2000	-00.4187	0000.933
-04.2043	-00.4193	0000.934
-04.2089	-00.4190	0000.935
-04.2134	-00.4190	0000.936
-04.2171	-00.4193	0000.937
-04.2220	-00.4193	0000.938
-04.2269	-00.4196	0000.939
-04.2308	-00.4196	0000.940
-04.2360	-00.4196	0000.941
-04.2394	-00.4199	0000.942
-04.2452	-00.4199	0000.943
-04.2488	-00.4202	0000.944
-04.2543	-00.4199	0000.945
-04.2577	-00.4208	0000.946
-04.2620	-00.4208	0000.947
-04.2665	-00.4208	0000.948
-04.2720	-00.4211	0000.949
-04.2751	-00.4214	0000.950
-04.2806	-00.4211	0000.951
-04.2852	-00.4211	0000.952
-04.2910	-00.4214	0000.953
-04.2943	-00.4214	0000.954
-04.2989	-00.4217	0000.955
-04.3035	-00.4214	0000.956
-04.3077	-00.4217	0000.957
-04.3126	-00.4226	0000.958
-04.3172	-00.4223	0000.959
-04.3209	-00.4226	0000.960
-04.3264	-00.4226	0000.961
-04.3303	-00.4223	0000.962
-04.3343	-00.4229	0000.963
-04.3395	-00.4229	0000.964
-04.3435	-00.4235	0000.965
-04.3486	-00.4229	0000.966
-04.3526	-00.4232	0000.967
-04.3572	-00.4232	0000.968
-04.3624	-00.4235	0000.969
-04.3660	-00.4242	0000.970
-04.3700	-00.4239	0000.971
-04.3758	-00.4242	0000.972
-04.3795	-00.4245	0000.973
-04.3840	-00.4245	0000.974
-04.3889	-00.4242	0000.975
-04.3938	-00.4248	0000.976
-04.3981	-00.4248	0000.977
-04.4020	-00.4251	0000.978
-04.4063	-00.4254	0000.979
-04.4109	-00.4251	0000.980
-04.4164	-00.4251	0000.981
-04.4204	-00.4257	0000.982
-04.4252	-00.4257	0000.983
-04.4289	-00.4260	0000.984
-04.4341	-00.4260	0000.985
-04.4378	-00.4260	0000.986
-04.4426	-00.4260	0000.987
-04.4484	-00.4266	0000.988
-04.4518	-00.4272	0000.989
-04.4564	-00.4269	0000.990
-04.4609	-00.4269	0000.991
-04.4655	-00.4269	0000.992
-04.4701	-00.4269	0000.993
-04.4744	-00.4272	0000.994
-04.4790	-00.4272	0000.995
-04.4841	-00.4275	0000.996
-04.4878	-00.4278	0000.997
-04.4924	-00.4278	0000.998
-04.4973	-00.4275	0000.999
-04.5015	-00.4281	0001.000
-04.5061	-00.4284	0001.001
-04.5018	-00.4287	0001.002
-04.4979	-00.4281	0001.003
-04.4921	-00.4281	0001.004
-04.4887	-00.4281	0001.005
-04.4844	-00.4278	0001.006
-04.4790	-00.4287	0001.007
-04.4744	-00.4284	0001.008
-04.4707	-00.4284	0001.009
-04.4661	-00.4284	0001.010
-04.4619	-00.4281	0001.011
-04.4558	-00.4281	0001.012
-04.4527	-00.4281	0001.013
-04.4475	-00.4284	0001.014
-04.4436	-00.4281	0001.015
-04.4390	-00.4281	0001.016
-04.4338	-00.4278	0001.017
-04.4295	-00.4281	0001.018
-04.4249	-00.4278	0001.019
-04.4207	-00.4278	0001.020
-04.4161	-00.4281	0001.021
-04.4121	-00.4278	0001.022
-04.4072	-00.4278	0001.023
-04.4020	-00.4278	0001.024
-04.3987	-00.4275	0001.025
-04.3932	-00.4278	0001.026
-04.3892	-00.4275	0001.027
-04.3850	-00.4275	0001.028
-04.3807	-00.4278	0001.029
-04.3758	-00.4275	0001.030
-04.3718	-00.4278	0001.031
-04.3660	-00.4278	0001.032
-04.3627	-00.4278	0001.033
-04.3578	-00.4275	0001.034
-04.3526	-00.4275	0001.035
-04.3486	-00.4275	0001.036
-04.3450	-00.4272	0001.037
-04.3398	-00.4275	0001.038
-04.3355	-00.4272	0001.039
-04.3303	-00.4275	0001.040
-04.3261	-00.4272	0001.041
-04.3215	-00.4272	0001.042
-04.3172	-00.4272	0001.043
-04.3123	-00.4275	0001.044
-04.3084	-00.4266	0001.045
-04.3035	-00.4269	0001.046
-04.2986	-00.4269	0001.047
-04.2940	-00.4269	0001.048
-04.2897	-00.4269	0001.049
-04.2858	-00.4269	0001.050
-04.2809	-00.4269	0001.051
-04.2766	-00.4266	0001.052
-04.2723	-00.4266	0001.053
-04.2672	-00.4266	0001.054
-04.2626	-00.4272	0001.055
-04.2580	-00.4266	0001.056
-04.2543	-00.4266	0001.057
-04.2498	-00.4266	0001.058
-04.2446	-00.4269	0001.059
-04.2394	-00.4263	0001.060
-04.2363	-00.4266	0001.061
-04.2318	-00.4263	0001.062
-04.2269	-00.4263	0001.063
-04.2232	-00.4263	0001.064
-04.2183	-00.4263	0001.065
-04.2134	-00.4257	0001.066
-04.2086	-00.4257	0001.067
-04.2046	-00.4263	0001.068
-04.2000	-00.4257	0001.069
-04.1964	-00.4257	0001.070
-04.1906	-00.4260	0001.071
-04.1866	-00.4254	0001.072
-04.1823	-00.4257	0001.073
-04.1774	-00.4263	0001.074
-04.1729	-00.4254	0001.075
-04.1689	-00.4257	0001.076
-04.1640	-00.4254	0001.077
-04.1588	-00.4254	0001.078
-04.1552	-00.4254	0001.079
-04.1506	-00.4254	0001.080
-04.1457	-00.4254	0001.081
-04.1417	-00.4251	0001.082
-04.1365	-00.4254	0001.083
-04.1323	-00.4251	0001.084
-04.1277	-00.4251	0001.085
-04.1228	-00.4254	0001.086
-04.1191	-00.4254	0001.087
-04.1143	-00.4245	0001.088
-04.1100	-00.4248	0001.089
-04.1051	-00.4248	0001.090
-04.1005	-00.4248	0001.091
-04.0972	-00.4251	0001.092
-04.0920	-00.4248	0001.093
-04.0871	-00.4248	0001.094
-04.0825	-00.4251	0001.095
-04.0780	-00.4245	0001.096
-04.0734	-00.4245	0001.097
-04.0688	-00.4248	0001.098
-04.0642	-00.4245	0001.099
-04.0602	-00.4239	0001.100
-04.0551	-00.4242	0001.101
-04.0505	-00.4242	0001.102
-04.0462	-00.4242	0001.103
-04.0422	-00.4242	0001.104
-04.0383	-00.4242	0001.105
-04.0325	-00.4245	0001.106
-04.0288	-00.4242	0001.107
-04.0245	-00.4242	0001.108
-04.0194	-00.4242	0001.109
-04.0157	-00.4239	0001.110
-04.0105	-00.4232	0001.111
-04.0059	-00.4235	0001.112
-04.0020	-00.4239	0001.113
-03.9971	-00.4232	0001.114
-03.9916	-00.4232	0001.115
-03.9885	-00.4235	0001.116
-03.9837	-00.4232	0001.117
-03.9791	-00.4232	0001.118
-03.9742	-00.4232	0001.119
-03.9705	-00.4229	0001.120
-03.9656	-00.4229	0001.121
-03.9605	-00.4226	0001.122
-03.9565	-00.4229	0001.123
-03.9522	-00.4229	0001.124
-03.9473	-00.4226	0001.125
-03.9434	-00.4220	0001.126
-03.9391	-00.4223	0001.127
-03.9342	-00.4226	0001.128
-03.9290	-00.4226	0001.129
-03.9244	-00.4226	0001.130
-03.9199	-00.4220	0001.131
-03.9153	-00.4223	0001.132
-03.9119	-00.4223	0001.133
-03.9067	-00.4223	0001.134
-03.9028	-00.4223	0001.135
-03.8976	-00.4217	0001.136
-03.8933	-00.4220	0001.137
-03.8887	-00.4223	0001.138
-03.8848	-00.4220	0001.139
-03.8802	-00.4217	0001.140
-03.8747	-00.4217	0001.141
-03.8707	-00.4217	0001.142
-03.8659	-00.4220	0001.143
-03.8622	-00.4211	0001.144
-03.8570	-00.4214	0001.145
-03.8527	-00.4214	0001.146
-03.8482	-00.4211	0001.147
-03.8442	-00.4217	0001.148
-03.8396	-00.4214	0001.149
-03.8350	-00.4214	0001.150
-03.8298	-00.4205	0001.151
-03.8268	-00.4208	0001.152
-03.8216	-00.4208	0001.153
-03.8164	-00.4208	0001.154
-03.8128	-00.4208	0001.155
-03.8073	-00.4208	0001.156
-03.8027	-00.4205	0001.157
-03.7987	-00.4202	0001.158
-03.7944	-00.4205	0001.159
-03.7896	-00.4208	0001.160
-03.7850	-00.4205	0001.161
-03.7804	-00.4202	0001.162
-03.7761	-00.4202	0001.163
-03.7716	-00.4196	0001.164
-03.7673	-00.4202	0001.165
-03.7633	-00.4202	0001.166
-03.7581	-00.4199	0001.167
-03.7539	-00.4202	0001.168
-03.7493	-00.4199	0001.169
-03.7444	-00.4196	0001.170
-03.7398	-00.4196	0001.171
-03.7352	-00.4196	0001.172
-03.7307	-00.4193	0001.173
-03.7261	-00.4196	0001.174
-03.7215	-00.4193	0001.175
-03.7169	-00.4190	0001.176
-03.7130	-00.4193	0001.177
-03.7084	-00.4190	0001.178
-03.7044	-00.4193	0001.179
-03.6995	-00.4193	0001.180
-03.6953	-00.4193	0001.181
-03.6904	-00.4190	0001.182
-03.6864	-00.4187	0001.183
-03.6812	-00.4190	0001.184
-03.6766	-00.4187	0001.185
-03.6724	-00.4184	0001.186
-03.6684	-00.4187	0001.187
-03.6629	-00.4184	0001.188
-03.6589	-00.4184	0001.189
-03.6541	-00.4184	0001.190
-03.6498	-00.4184	0001.191
-03.6461	-00.4177	0001.192
-03.6406	-00.4181	0001.193
-03.6367	-00.4181	0001.194
-03.6321	-00.4181	0001.195
-03.6269	-00.4181	0001.196
-03.6232	-00.4177	0001.197
-03.6184	-00.4174	0001.198
-03.6135	-00.4177	0001.199
-03.6098	-00.4177	0001.200
-03.6052	-00.4174	0001.201
-03.6013	-00.4174	0001.202
-03.5964	-00.4174	0001.203
-03.5915	-00.4171	0001.204
-03.5872	-00.4171	0001.205
-03.5826	-00.4168	0001.206
-03.5781	-00.4171	0001.207
-03.5732	-00.4171	0001.208
-03.5692	-00.4165	0001.209
-03.5640	-00.4165	0001.210
-03.5604	-00.4171	0001.211
-03.5555	-00.4168	0001.212
-03.5512	-00.4168	0001.213
-03.5466	-00.4165	0001.214
-03.5424	-00.4162	0001.215
-03.5375	-00.4165	0001.216
-03.5326	-00.4162	0001.217
-03.5289	-00.4162	0001.218
-03.5234	-00.4165	0001.219
-03.5195	-00.4165	0001.220
-03.5149	-00.4159	0001.221
-03.5103	-00.4156	0001.222
-03.5061	-00.4162	0001.223
-03.5009	-00.4156	0001.224
-03.4966	-00.4156	0001.225
-03.4926	-00.4153	0001.226
-03.4877	-00.4153	0001.227
-03.4835	-00.4156	0001.228
-03.4792	-00.4156	0001.229
-03.4749	-00.4153	0001.230
-03.4700	-00.4150	0001.231
-03.4652	-00.4153	0001.232
-03.4609	-00.4153	0001.233
-03.4560	-00.4150	0001.234
-03.4517	-00.4150	0001.235
-03.4475	-00.4147	0001.236
-03.4426	-00.4147	0001.237
-03.4380	-00.4144	0001.238
-03.4331	-00.4150	0001.239
-03.4295	-00.4138	0001.240
-03.4240	-00.4147	0001.241
-03.4203	-00.4138	0001.242
-03.4160	-00.4141	0001.243
-03.4108	-00.4141	0001.244
-03.4066	-00.4138	0001.245
-03.4023	-00.4141	0001.246
-03.3980	-00.4138	0001.247
-03.3928	-00.4138	0001.248
-03.3886	-00.4132	0001.249
-03.3843	-00.4135	0001.250
-03.3794	-00.4132	0001.251
-03.3751	-00.4138	0001.252
-03.3712	-00.4132	0001.253
-03.3660	-00.4135	0001.254
-03.3620	-00.4129	0001.255
-03.3568	-00.4132	0001.256
-03.3525	-00.4126	0001.257
-03.3486	-00.4126	0001.258
-03.3437	-00.4129	0001.259
-03.3391	-00.4129	0001.260
-03.3352	-00.4129	0001.261
-03.3297	-00.4123	0001.262
-03.3251	-00.4123	0001.263
-03.3211	-00.4126	0001.264
-03.3168	-00.4123	0001.265
-03.3129	-00.4123	0001.266
-03.3074	-00.4123	0001.267
-03.3022	-00.4120	0001.268
-03.2982	-00.4120	0001.269
-03.2940	-00.4120	0001.270
-03.2894	-00.4116	0001.271
-03.2848	-00.4116	0001.272
-03.2802	-00.4116	0001.273
-03.2759	-00.4113	0001.274
-03.2717	-00.4120	0001.275
-03.2668	-00.4110	0001.276
-03.2625	-00.4110	0001.277
-03.2582	-00.4113	0001.278
-03.2537	-00.4107	0001.279
-03.2491	-00.4110	0001.280
-03.2448	-00.4104	0001.281
-03.2405	-00.4107	0001.282
-03.2351	-00.4107	0001.283
-03.2308	-00.4107	0001.284
-03.2271	-00.4107	0001.285
-03.2225	-00.4104	0001.286
-03.2170	-00.4104	0001.287
-03.2125	-00.4098	0001.288
-03.2082	-00.4101	0001.289
-03.2042	-00.4104	0001.290
-03.1993	-00.4101	0001.291
-03.1948	-00.4101	0001.292
-03.1908	-00.4095	0001.293
-03.1859	-00.4098	0001.294
-03.1813	-00.4095	0001.295
-03.1768	-00.4098	0001.296
-03.1725	-00.4092	0001.297
-03.1673	-00.4095	0001.298
-03.1636	-00.4092	0001.299
-03.1585	-00.4092	0001.300
-03.1542	-00.4086	0001.301
-03.1496	-00.4089	0001.302
-03.1450	-00.4086	0001.303
-03.1408	-00.4089	0001.304
-03.1365	-00.4086	0001.305
-03.1319	-00.4083	0001.306
-03.1273	-00.4086	0001.307
-03.1231	-00.4086	0001.308
-03.1182	-00.4083	0001.309
-03.1139	-00.4077	0001.310
-03.1093	-00.4080	0001.311
-03.1047	-00.4077	0001.312
-03.1002	-00.4080	0001.313
-03.0959	-00.4080	0001.314
-03.0910	-00.4077	0001.315
-03.0867	-00.4080	0001.316
-03.0825	-00.4071	0001.317
-03.0773	-00.4071	0001.318
-03.0727	-00.4077	0001.319
-03.0696	-00.4074	0001.320
-03.0645	-00.4071	0001.321
-03.0593	-00.4071	0001.322
-03.0550	-00.4071	0001.323
-03.0504	-00.4071	0001.324
-03.0465	-00.4068	0001.325
-03.0425	-00.4068	0001.326
-03.0373	-00.4068	0001.327
-03.0330	-00.4065	0001.328
-03.0281	-00.4068	0001.329
-03.0239	-00.4065	0001.330
-03.0190	-00.4058	0001.331
-03.0147	-00.4065	0001.332
-03.0104	-00.4062	0001.333
-03.0056	-00.4058	0001.334
-03.0010	-00.4062	0001.335
-02.9970	-00.4055	0001.336
-02.9924	-00.4055	0001.337
-02.9869	-00.4049	0001.338
-02.9836	-00.4052	0001.339
-02.9790	-00.4046	0001.340
-02.9738	-00.4052	0001.341
-02.9692	-00.4049	0001.342
-02.9650	-00.4052	0001.343
-02.9604	-00.4049	0001.344
-02.9561	-00.4046	0001.345
-02.9522	-00.4046	0001.346
-02.9473	-00.4046	0001.347
-02.9427	-00.4046	0001.348
-02.9384	-00.4046	0001.349
-02.9338	-00.4043	0001.350
-02.9293	-00.4043	0001.351
-02.9244	-00.4043	0001.352
-02.9204	-00.4040	0001.353
-02.9155	-00.4037	0001.354
-02.9107	-00.4034	0001.355
-02.9070	-00.4037	0001.356
-02.9018	-00.4037	0001.357
-02.8972	-00.4031	0001.358
-02.8926	-00.4034	0001.359
-02.8893	-00.4034	0001.360
-02.8841	-00.4031	0001.361
-02.8795	-00.4031	0001.362
-02.8746	-00.4025	0001.363
-02.8710	-00.4028	0001.364
-02.8661	-00.4031	0001.365
-02.8609	-00.4025	0001.366
-02.8569	-00.4025	0001.367
-02.8530	-00.4025	0001.368
-02.8478	-00.4025	0001.369
-02.8435	-00.4025	0001.370
-02.8389	-00.4022	0001.371
-02.8337	-00.4022	0001.372
-02.8298	-00.4019	0001.373
-02.8255	-00.4022	0001.374
-02.8215	-00.4019	0001.375
-02.8167	-00.4016	0001.376
-02.8121	-00.4016	0001.377
-02.8072	-00.4013	0001.378
-02.8032	-00.4016	0001.379
-02.7987	-00.4010	0001.380
-02.7938	-00.4010	0001.381
-02.7895	-00.4010	0001.382
-02.7849	-00.4004	0001.383
-02.7806	-00.4007	0001.384
-02.7761	-00.4010	0001.385
-02.7715	-00.4004	0001.386
-02.7666	-00.4004	0001.387
-02.7623	-00.4004	0001.388
-02.7575	-00.4007	0001.389
-02.7532	-00.4004	0001.390
-02.7486	-00.4000	0001.391
-02.7446	-00.4004	0001.392
-02.7407	-00.4000	0001.393
-02.7346	-00.3997	0001.394
-02.7312	-00.3991	0001.395
-02.7260	-00.3997	0001.396
-02.7214	-00.3994	0001.397
-02.7169	-00.3994	0001.398
-02.7129	-00.3994	0001.399
-02.7089	-00.3988	0001.400
-02.7037	-00.3991	0001.401
-02.6986	-00.3982	0001.402
-02.6952	-00.3985	0001.403
-02.6903	-00.3988	0001.404
-02.6857	-00.3988	0001.405
-02.6815	-00.3985	0001.406
-02.6769	-00.3982	0001.407
-02.6720	-00.3985	0001.408
-02.6674	-00.3979	0001.409
-02.6632	-00.3982	0001.410
-02.6589	-00.3976	0001.411
-02.6540	-00.3979	0001.412
-02.6503	-00.3982	0001.413
-02.6448	-00.3973	0001.414
-02.6406	-00.3973	0001.415
-02.6363	-00.3973	0001.416
-02.6314	-00.3973	0001.417
-02.6265	-00.3970	0001.418
-02.6232	-00.3970	0001.419
-02.6183	-00.3967	0001.420
-02.6134	-00.3967	0001.421
-02.6094	-00.3967	0001.422
-02.6046	-00.3967	0001.423
-02.6000	-00.3967	0001.424
-02.5957	-00.3964	0001.425
-02.5911	-00.3961	0001.426
-02.5869	-00.3964	0001.427
-02.5820	-00.3958	0001.428
-02.5771	-00.3958	0001.429
-02.5734	-00.3958	0001.430
-02.5689	-00.3955	0001.431
-02.5643	-00.3958	0001.432
-02.5597	-00.3952	0001.433
-02.5548	-00.3952	0001.434
-02.5505	-00.3952	0001.435
-02.5463	-00.3952	0001.436
-02.5417	-00.3949	0001.437
-02.5371	-00.3952	0001.438
-02.5332	-00.3946	0001.439
-02.5280	-00.3946	0001.440
-02.5237	-00.3943	0001.441
-02.5191	-00.3946	0001.442
-02.5148	-00.3939	0001.443
-02.5103	-00.3943	0001.444
-02.5054	-00.3939	0001.445
-02.5011	-00.3939	0001.446
-02.4968	-00.3930	0001.447
-02.4920	-00.3936	0001.448
-02.4877	-00.3936	0001.449
-02.4831	-00.3933	0001.450
-02.4788	-00.3933	0001.451
-02.4743	-00.3927	0001.452
-02.4700	-00.3930	0001.453
-02.4654	-00.3927	0001.454
-02.4605	-00.3930	0001.455
-02.4559	-00.3927	0001.456
-02.4514	-00.3927	0001.457
-02.4471	-00.3924	0001.458
-02.4422	-00.3924	0001.459
-02.4376	-00.3924	0001.460
-02.4331	-00.3921	0001.461
-02.4288	-00.3918	0001.462
-02.4245	-00.3924	0001.463
-02.4196	-00.3918	0001.464
-02.4150	-00.3912	0001.465
-02.4111	-00.3918	0001.466
-02.4068	-00.3915	0001.467
-02.4019	-00.3912	0001.468
-02.3973	-00.3912	0001.469
-02.3928	-00.3906	0001.470
-02.3888	-00.3909	0001.471
-02.3833	-00.3909	0001.472
-02.3790	-00.3903	0001.473
-02.3745	-00.3906	0001.474
-02.3708	-00.3903	0001.475
-02.3659	-00.3897	0001.476
-02.3613	-00.3897	0001.477
-02.3568	-00.3903	0001.478
-02.3528	-00.3894	0001.479
-02.3476	-00.3897	0001.480
-02.3427	-00.3894	0001.481
-02.3391	-00.3900	0001.482
-02.3345	-00.3888	0001.483
-02.3302	-00.3894	0001.484
-02.3250	-00.3894	0001.485
-02.3204	-00.3885	0001.486
-02.3165	-00.3885	0001.487
-02.3119	-00.3888	0001.488
-02.3076	-00.3888	0001.489
-02.3034	-00.3881	0001.490
-02.2982	-00.3888	0001.491
-02.2939	-00.3881	0001.492
-02.2884	-00.3878	0001.493
-02.2850	-00.3878	0001.494
-02.2802	-00.3878	0001.495
-02.2759	-00.3875	0001.496
-02.2707	-00.3875	0001.497
-02.2667	-00.3872	0001.498
-02.2625	-00.3872	0001.499
-02.2576	-00.3866	0001.500
-02.2530	-00.3872	0001.501
-02.2493	-00.3869	0001.502
-02.2445	-00.3866	0001.503
-02.2399	-00.3863	0001.504
-02.2356	-00.3860	0001.505
-02.2307	-00.3860	0001.506
-02.2264	-00.3857	0001.507
-02.2216	-00.3857	0001.508
-02.2170	-00.3860	0001.509
-02.2124	-00.3857	0001.510
-02.2081	-00.3857	0001.511
-02.2033	-00.3854	0001.512
-02.1993	-00.3851	0001.513
-02.1950	-00.3851	0001.514
-02.1901	-00.3848	0001.515
-02.1856	-00.3845	0001.516
-02.1810	-00.3848	0001.517
-02.1770	-00.3845	0001.518
-02.1721	-00.3845	0001.519
-02.1672	-00.3842	0001.520
-02.1639	-00.3842	0001.521
-02.1590	-00.3839	0001.522
-02.1541	-00.3842	0001.523
-02.1495	-00.3839	0001.524
-02.1453	-00.3839	0001.525
-02.1404	-00.3833	0001.526
-02.1361	-00.3830	0001.527
-02.1315	-00.3830	0001.528
-02.1273	-00.3830	0001.529
-02.1230	-00.3830	0001.530
-02.1178	-00.3830	0001.531
-02.1129	-00.3823	0001.532
-02.1090	-00.3827	0001.533
-02.1041	-00.3823	0001.534
-02.1004	-00.3817	0001.535
-02.0955	-00.3823	0001.536
-02.0913	-00.3814	0001.537
-02.0867	-00.3814	0001.538
-02.0815	-00.3817	0001.539
-02.0769	-00.3814	0001.540
-02.0733	-00.3811	0001.541
-02.0684	-00.3808	0001.542
-02.0647	-00.3811	0001.543
-02.0595	-00.3805	0001.544
-02.0546	-00.3805	0001.545
-02.0504	-00.3805	0001.546
-02.0461	-00.3805	0001.547
-02.0409	-00.3802	0001.548
-02.0375	-00.3799	0001.549
-02.0327	-00.3796	0001.550
-02.0284	-00.3799	0001.551
-02.0238	-00.3796	0001.552
-02.0186	-00.3793	0001.553
-02.0147	-00.3793	0001.554
-02.0104	-00.3790	0001.555
-02.0058	-00.3793	0001.556
-02.0009	-00.3790	0001.557
-01.9967	-00.3790	0001.558
-01.9921	-00.3784	0001.559
-01.9872	-00.3784	0001.560
-01.9826	-00.3781	0001.561
-01.9790	-00.3784	0001.562
-01.9738	-00.3781	0001.563
-01.9698	-00.3775	0001.564
-01.9649	-00.3778	0001.565
-01.9603	-00.3775	0001.566
-01.9561	-00.3775	0001.567
-01.9515	-00.3772	0001.568
-01.9475	-00.3772	0001.569
-01.9423	-00.3772	0001.570
-01.9381	-00.3772	0001.571
-01.9338	-00.3769	0001.572
-01.9292	-00.3766	0001.573
-01.9243	-00.3759	0001.574
-01.9197	-00.3759	0001.575
-01.9158	-00.3756	0001.576
-01.9106	-00.3759	0001.577
-01.9063	-00.3759	0001.578
-01.9020	-00.3753	0001.579
-01.8972	-00.3753	0001.580
-01.8929	-00.3750	0001.581
-01.8883	-00.3747	0001.582
-01.8837	-00.3750	0001.583
-01.8795	-00.3747	0001.584
-01.8752	-00.3747	0001.585
-01.8706	-00.3741	0001.586
-01.8654	-00.3744	0001.587
-01.8618	-00.3741	0001.588
-01.8566	-00.3735	0001.589
-01.8520	-00.3738	0001.590
-01.8477	-00.3729	0001.591
-01.8431	-00.3735	0001.592
-01.8383	-00.3732	0001.593
-01.8343	-00.3732	0001.594
-01.8294	-00.3729	0001.595
-01.8254	-00.3729	0001.596
-01.8206	-00.3723	0001.597
-01.8160	-00.3726	0001.598
-01.8117	-00.3723	0001.599
-01.8074	-00.3720	0001.600
-01.8026	-00.3714	0001.601
-01.7980	-00.3717	0001.602
-01.7937	-00.3714	0001.603
-01.7888	-00.3711	0001.604
-01.7849	-00.3711	0001.605
-01.7806	-00.3708	0001.606
-01.7757	-00.3708	0001.607
-01.7711	-00.3704	0001.608
-01.7662	-00.3704	0001.609
-01.7623	-00.3704	0001.610
-01.7574	-00.3701	0001.611
-01.7528	-00.3698	0001.612
-01.7485	-00.3698	0001.613
-01.7437	-00.3695	0001.614
-01.7400	-00.3695	0001.615
-01.7348	-00.3689	0001.616
-01.7308	-00.3689	0001.617
-01.7260	-00.3683	0001.618
-01.7214	-00.3680	0001.619
-01.7171	-00.3686	0001.620
-01.7125	-00.3686	0001.621
-01.7080	-00.3680	0001.622
-01.7034	-00.3677	0001.623
-01.6994	-00.3674	0001.624
-01.6945	-00.3677	0001.625
-01.6899	-00.3671	0001.626
-01.6851	-00.3671	0001.627
-01.6808	-00.3668	0001.628
-01.6765	-00.3668	0001.629
-01.6716	-00.3662	0001.630
-01.6680	-00.3662	0001.631
-01.6631	-00.3659	0001.632
-01.6588	-00.3659	0001.633
-01.6539	-00.3656	0001.634
-01.6497	-00.3653	0001.635
-01.6454	-00.3653	0001.636
-01.6402	-00.3653	0001.637
-01.6362	-00.3650	0001.638
-01.6320	-00.3646	0001.639
-01.6274	-00.3643	0001.640
-01.6225	-00.3646	0001.641
-01.6176	-00.3640	0001.642
-01.6137	-00.3634	0001.643
-01.6088	-00.3637	0001.644
-01.6045	-00.3634	0001.645
-01.5993	-00.3637	0001.646
-01.5953	-00.3631	0001.647
-01.5908	-00.3628	0001.648
-01.5862	-00.3625	0001.649
-01.5819	-00.3625	0001.650
-01.5773	-00.3625	0001.651
-01.5728	-00.3625	0001.652
-01.5676	-00.3619	0001.653
-01.5642	-00.3616	0001.654
-01.5593	-00.3613	0001.655
-01.5548	-00.3616	0001.656
-01.5505	-00.3610	0001.657
-01.5453	-00.3604	0001.658
-01.5413	-00.3607	0001.659
-01.5368	-00.3604	0001.660
-01.5322	-00.3598	0001.661
-01.5276	-00.3601	0001.662
-01.5230	-00.3601	0001.663
-01.5191	-00.3592	0001.664
-01.5142	-00.3589	0001.665
-01.5096	-00.3592	0001.666
-01.5053	-00.3592	0001.667
-01.5007	-00.3585	0001.668
-01.4956	-00.3585	0001.669
-01.4919	-00.3582	0001.670
-01.4870	-00.3582	0001.671
-01.4827	-00.3579	0001.672
-01.4785	-00.3573	0001.673
-01.4739	-00.3576	0001.674
-01.4690	-00.3570	0001.675
-01.4647	-00.3570	0001.676
-01.4598	-00.3570	0001.677
-01.4553	-00.3564	0001.678
-01.4507	-00.3561	0001.679
-01.4464	-00.3561	0001.680
-01.4418	-00.3555	0001.681
-01.4376	-00.3555	0001.682
-01.4336	-00.3552	0001.683
-01.4278	-00.3555	0001.684
-01.4241	-00.3546	0001.685
-01.4193	-00.3549	0001.686
-01.4150	-00.3537	0001.687
-01.4107	-00.3543	0001.688
-01.4058	-00.3540	0001.689
-01.4019	-00.3534	0001.690
-01.3973	-00.3534	0001.691
-01.3927	-00.3527	0001.692
-01.3878	-00.3531	0001.693
-01.3839	-00.3527	0001.694
-01.3793	-00.3524	0001.695
-01.3747	-00.3518	0001.696
-01.3701	-00.3518	0001.697
-01.3655	-00.3515	0001.698
-01.3610	-00.3512	0001.699
-01.3564	-00.3509	0001.700
-01.3521	-00.3509	0001.701
-01.3475	-00.3506	0001.702
-01.3430	-00.3500	0001.703
-01.3381	-00.3500	0001.704
-01.3338	-00.3503	0001.705
-01.3295	-00.3494	0001.706
-01.3256	-00.3494	0001.707
-01.3201	-00.3488	0001.708
-01.3161	-00.3485	0001.709
-01.3115	-00.3485	0001.710
-01.3073	-00.3479	0001.711
-01.3024	-00.3476	0001.712
-01.2972	-00.3476	0001.713
-01.2935	-00.3469	0001.714
-01.2889	-00.3473	0001.715
-01.2841	-00.3469	0001.716
-01.2801	-00.3466	0001.717
-01.2755	-00.3460	0001.718
-01.2709	-00.3460	0001.719
-01.2664	-00.3460	0001.720
-01.2615	-00.3451	0001.721
-01.2575	-00.3451	0001.722
-01.2529	-00.3448	0001.723
-01.2484	-00.3448	0001.724
-01.2438	-00.3439	0001.725
-01.2392	-00.3436	0001.726
-01.2346	-00.3436	0001.727
-01.2300	-00.3436	0001.728
-01.2258	-00.3430	0001.729
-01.2215	-00.3430	0001.730
-01.2163	-00.3421	0001.731
-01.2120	-00.3421	0001.732
-01.2078	-00.3421	0001.733
-01.2035	-00.3418	0001.734
-01.1983	-00.3411	0001.735
-01.1943	-00.3411	0001.736
-01.1892	-00.3405	0001.737
-01.1852	-00.3402	0001.738
-01.1806	-00.3399	0001.739
-01.1763	-00.3399	0001.740
-01.1721	-00.3393	0001.741
-01.1669	-00.3390	0001.742
-01.1626	-00.3387	0001.743
-01.1580	-00.3387	0001.744
-01.1531	-00.3384	0001.745
-01.1492	-00.3378	0001.746
-01.1443	-00.3375	0001.747
-01.1400	-00.3372	0001.748
-01.1354	-00.3363	0001.749
-01.1309	-00.3363	0001.750
-01.1269	-00.3363	0001.751
-01.1220	-00.3357	0001.752
-01.1174	-00.3354	0001.753
-01.1126	-00.3350	0001.754
-01.1083	-00.3344	0001.755
-01.1037	-00.3344	0001.756
-01.0997	-00.3338	0001.757
-01.0952	-00.3335	0001.758
-01.0906	-00.3329	0001.759
-01.0863	-00.3329	0001.760
-01.0817	-00.3320	0001.761
-01.0775	-00.3323	0001.762
-01.0723	-00.3314	0001.763
-01.0680	-00.3314	0001.764
-01.0634	-00.3311	0001.765
-01.0592	-00.3308	0001.766
-01.0546	-00.3305	0001.767
-01.0500	-00.3299	0001.768
-01.0457	-00.3299	0001.769
-01.0408	-00.3289	0001.770
-01.0366	-00.3286	0001.771
-01.0317	-00.3286	0001.772
-01.0277	-00.3280	0001.773
-01.0228	-00.3274	0001.774
-01.0183	-00.3268	0001.775
-01.0143	-00.3268	0001.776
-01.0097	-00.3265	0001.777
-01.0048	-00.3262	0001.778
-01.0003	-00.3250	0001.779
-00.9957	-00.3250	0001.780
-00.9914	-00.3244	0001.781
-00.9871	-00.3241	0001.782
-00.9826	-00.3238	0001.783
-00.9780	-00.3231	0001.784
-00.9737	-00.3231	0001.785
-00.9691	-00.3225	0001.786
-00.9642	-00.3222	0001.787
-00.9597	-00.3216	0001.788
-00.9554	-00.3213	0001.789
-00.9511	-00.3207	0001.790
-00.9465	-00.3204	0001.791
-00.9414	-00.3201	0001.792
-00.9377	-00.3198	0001.793
-00.9325	-00.3189	0001.794
-00.9288	-00.3189	0001.795
-00.9237	-00.3180	0001.796
-00.9197	-00.3177	0001.797
-00.9151	-00.3170	0001.798
-00.9105	-00.3167	0001.799
-00.9060	-00.3161	0001.800
-00.9017	-00.3161	0001.801
-00.8968	-00.3155	0001.802
-00.8925	-00.3149	0001.803
-00.8879	-00.3143	0001.804
-00.8831	-00.3143	0001.805
-00.8788	-00.3134	0001.806
-00.8739	-00.3128	0001.807
-00.8696	-00.3125	0001.808
-00.8654	-00.3119	0001.809
-00.8608	-00.3115	0001.810
-00.8559	-00.3106	0001.811
-00.8513	-00.3103	0001.812
-00.8471	-00.3094	0001.813
-00.8428	-00.3097	0001.814
-00.8382	-00.3088	0001.815
-00.8339	-00.3085	0001.816
-00.8300	-00.3079	0001.817
-00.8245	-00.3070	0001.818
-00.8199	-00.3064	0001.819
-00.8162	-00.3067	0001.820
-00.8113	-00.3057	0001.821
-00.8071	-00.3054	0001.822
-00.8022	-00.3048	0001.823
-00.7976	-00.3042	0001.824
-00.7930	-00.3036	0001.825
-00.7888	-00.3024	0001.826
-00.7839	-00.3027	0001.827
-00.7799	-00.3021	0001.828
-00.7750	-00.3018	0001.829
-00.7708	-00.3006	0001.830
-00.7659	-00.3003	0001.831
-00.7619	-00.2996	0001.832
-00.7573	-00.2990	0001.833
-00.7528	-00.2981	0001.834
-00.7476	-00.2978	0001.835
-00.7436	-00.2969	0001.836
-00.7393	-00.2969	0001.837
-00.7344	-00.2957	0001.838
-00.7302	-00.2954	0001.839
-00.7259	-00.2945	0001.840
-00.7210	-00.2942	0001.841
-00.7164	-00.2932	0001.842
-00.7116	-00.2929	0001.843
-00.7079	-00.2926	0001.844
-00.7027	-00.2917	0001.845
-00.6987	-00.2908	0001.846
-00.6942	-00.2905	0001.847
-00.6899	-00.2899	0001.848
-00.6853	-00.2893	0001.849
-00.6801	-00.2884	0001.850
-00.6765	-00.2880	0001.851
-00.6719	-00.2868	0001.852
-00.6673	-00.2868	0001.853
-00.6630	-00.2859	0001.854
-00.6582	-00.2853	0001.855
-00.6533	-00.2844	0001.856
-00.6493	-00.2838	0001.857
-00.6441	-00.2832	0001.858
-00.6398	-00.2826	0001.859
-00.6353	-00.2813	0001.860
-00.6310	-00.2810	0001.861
-00.6264	-00.2798	0001.862
-00.6221	-00.2798	0001.863
-00.6173	-00.2789	0001.864
-00.6130	-00.2780	0001.865
-00.6081	-00.2774	0001.866
-00.6038	-00.2771	0001.867
-00.5993	-00.2758	0001.868
-00.5947	-00.2752	0001.869
-00.5904	-00.2743	0001.870
-00.5852	-00.2737	0001.871
-00.5812	-00.2728	0001.872
-00.5773	-00.2725	0001.873
-00.5724	-00.2716	0001.874
-00.5681	-00.2707	0001.875
-00.5632	-00.2700	0001.876
-00.5590	-00.2688	0001.877
-00.5544	-00.2685	0001.878
-00.5501	-00.2679	0001.879
-00.5452	-00.2664	0001.880
-00.5407	-00.2658	0001.881
-00.5364	-00.2652	0001.882
-00.5324	-00.2642	0001.883
-00.5272	-00.2636	0001.884
-00.5227	-00.2627	0001.885
-00.5184	-00.2618	0001.886
-00.5138	-00.2609	0001.887
-00.5092	-00.2600	0001.888
-00.5050	-00.2594	0001.889
-00.5001	-00.2588	0001.890
-00.4958	-00.2572	0001.891
-00.4915	-00.2566	0001.892
-00.4866	-00.2560	0001.893
-00.4824	-00.2548	0001.894
-00.4778	-00.2542	0001.895
-00.4732	-00.2533	0001.896
-00.4692	-00.2520	0001.897
-00.4641	-00.2520	0001.898
-00.4607	-00.2505	0001.899
-00.4555	-00.2493	0001.900
-00.4509	-00.2490	0001.901
-00.4461	-00.2478	0001.902
-00.4418	-00.2469	0001.903
-00.4372	-00.2459	0001.904
-00.4329	-00.2450	0001.905
-00.4284	-00.2441	0001.906
-00.4238	-00.2432	0001.907
-00.4195	-00.2420	0001.908
-00.4149	-00.2407	0001.909
-00.4100	-00.2404	0001.910
-00.4058	-00.2395	0001.911
-00.4012	-00.2383	0001.912
-00.3963	-00.2374	0001.913
-00.3923	-00.2368	0001.914
-00.3878	-00.2356	0001.915
-00.3832	-00.2340	0001.916
-00.3783	-00.2331	0001.917
-00.3740	-00.2325	0001.918
-00.3698	-00.2313	0001.919
-00.3652	-00.2304	0001.920
-00.3609	-00.2292	0001.921
-00.3557	-00.2279	0001.922
-00.3518	-00.2273	0001.923
-00.3472	-00.2261	0001.924
-00.3426	-00.2249	0001.925
-00.3380	-00.2237	0001.926
-00.3334	-00.2224	0001.927
-00.3289	-00.2218	0001.928
-00.3252	-00.2209	0001.929
-00.3200	-00.2194	0001.930
-00.3154	-00.2185	0001.931
-00.3106	-00.2179	0001.932
-00.3063	-00.2163	0001.933
-00.3023	-00.2151	0001.934
-00.2977	-00.2139	0001.935
-00.2932	-00.2130	0001.936
-00.2889	-00.2121	0001.937
-00.2837	-00.2105	0001.938
-00.2797	-00.2096	0001.939
-00.2748	-00.2081	0001.940
-00.2703	-00.2072	0001.941
-00.2660	-00.2060	0001.942
-00.2617	-00.2047	0001.943
-00.2568	-00.2032	0001.944
-00.2526	-00.2020	0001.945
-00.2486	-00.2011	0001.946
-00.2434	-00.1995	0001.947
-00.2394	-00.1989	0001.948
-00.2346	-00.1977	0001.949
-00.2300	-00.1962	0001.950
-00.2257	-00.1950	0001.951
-00.2208	-00.1938	0001.952
-00.2163	-00.1925	0001.953
-00.2120	-00.1913	0001.954
-00.2074	-00.1898	0001.955
-00.2028	-00.1892	0001.956
-00.1983	-00.1873	0001.957
-00.1940	-00.1858	0001.958
-00.1897	-00.1849	0001.959
-00.1842	-00.1837	0001.960
-00.1802	-00.1822	0001.961
-00.1763	-00.1809	0001.962
-00.1717	-00.1791	0001.963
-00.1668	-00.1779	0001.964
-00.1622	-00.1770	0001.965
-00.1583	-00.1754	0001.966
-00.1534	-00.1742	0001.967
-00.1485	-00.1724	0001.968
-00.1445	-00.1712	0001.969
-00.1400	-00.1699	0001.970
-00.1354	-00.1687	0001.971
-00.1314	-00.1669	0001.972
-00.1259	-00.1657	0001.973
-00.1223	-00.1645	0001.974
-00.1171	-00.1629	0001.975
-00.1122	-00.1608	0001.976
-00.1085	-00.1599	0001.977
-00.1036	-00.1580	0001.978
-00.0994	-00.1568	0001.979
-00.0948	-00.1556	0001.980
-00.0902	-00.1535	0001.981
-00.0859	-00.1526	0001.982
-00.0820	-00.1510	0001.983
-00.0768	-00.1489	0001.984
-00.0719	-00.1480	0001.985
-00.0676	-00.1461	0001.986
-00.0631	-00.1446	0001.987
-00.0588	-00.1431	0001.988
-00.0542	-00.1413	0001.989
-00.0499	-00.1400	0001.990
-00.0457	-00.1382	0001.991
-00.0408	-00.1367	0001.992
-00.0362	-00.1352	0001.993
-00.0319	-00.1336	0001.994
-00.0274	-00.1321	0001.995
-00.0228	-00.1303	0001.996
-00.0179	-00.1287	0001.997
-00.0136	-00.1272	0001.998
-00.0093	-00.1254	0001.999
