R,Ohm	C,pF	Temp,C
0000000000	0000100000	+025.00
Ch1,V	Ch2,V	Time,s
+00.0001	-00.0009	0000.000
-00.0005	-00.0009	0000.001
+00.0026	-00.0003	0000.002
+00.0056	-00.0012	0000.003
+00.0087	-00.0006	0000.004
+00.0120	+00.0000	0000.005
+00.0148	-00.0006	0000.006
+00.0178	-00.0003	0000.007
+00.0206	+00.0000	0000.008
+00.0236	+00.0000	0000.009
+00.0270	+00.0006	0000.010
+00.0294	+00.0003	0000.011
+00.0334	+00.0006	0000.012
+00.0352	+00.0010	0000.013
+00.0386	+00.0016	0000.014
+00.0416	+00.0019	0000.015
+00.0447	+00.0022	0000.016
+00.0477	+00.0028	0000.017
+00.0511	+00.0031	0000.018
+00.0538	+00.0034	0000.019
+00.0569	+00.0034	0000.020
+00.0599	+00.0043	0000.021
+00.0633	+00.0049	0000.022
+00.0663	+00.0052	0000.023
+00.0691	+00.0061	0000.024
+00.0718	+00.0068	0000.025
+00.0749	+00.0071	0000.026
+00.0779	+00.0077	0000.027
+00.0807	+00.0083	0000.028
+00.0837	+00.0089	0000.029
+00.0871	+00.0098	0000.030
+00.0895	+00.0104	0000.031
+00.0929	+00.0113	0000.032
+00.0956	+00.0122	0000.033
+00.0990	+00.0125	0000.034
+00.1023	+00.0135	0000.035
+00.1051	+00.0144	0000.036
+00.1078	+00.0153	0000.037
+00.1109	+00.0159	0000.038
+00.1133	+00.0168	0000.039
+00.1170	+00.0177	0000.040
+00.1200	+00.0193	0000.041
+00.1228	+00.0199	0000.042
+00.1262	+00.0208	0000.043
+00.1289	+00.0217	0000.044
+00.1319	+00.0229	0000.045
+00.1353	+00.0235	0000.046
+00.1381	+00.0248	0000.047
+00.1411	+00.0260	0000.048
+00.1439	+00.0269	0000.049
+00.1469	+00.0281	0000.050
+00.1500	+00.0287	0000.051
+00.1533	+00.0299	0000.052
+00.1561	+00.0315	0000.053
+00.1585	+00.0327	0000.054
+00.1616	+00.0333	0000.055
+00.1649	+00.0345	0000.056
+00.1680	+00.0357	0000.057
+00.1707	+00.0373	0000.058
+00.1744	+00.0382	0000.059
+00.1768	+00.0400	0000.060
+00.1799	+00.0409	0000.061
+00.1829	+00.0415	0000.062
+00.1857	+00.0431	0000.063
+00.1890	+00.0446	0000.064
+00.1921	+00.0455	0000.065
+00.1948	+00.0467	0000.066
+00.1976	+00.0486	0000.067
+00.2009	+00.0501	0000.068
+00.2043	+00.0513	0000.069
+00.2067	+00.0522	0000.070
+00.2095	+00.0541	0000.071
+00.2125	+00.0556	0000.072
+00.2159	+00.0565	0000.073
+00.2189	+00.0583	0000.074
+00.2220	+00.0595	0000.075
+00.2250	+00.0611	0000.076
+00.2284	+00.0623	0000.077
+00.2308	+00.0638	0000.078
+00.2339	+00.0653	0000.079
+00.2369	+00.0669	0000.080
+00.2400	+00.0684	0000.081
+00.2433	+00.0699	0000.082
+00.2464	+00.0718	0000.083
+00.2488	+00.0730	0000.084
+00.2522	+00.0748	0000.085
+00.2546	+00.0763	0000.086
+00.2580	+00.0772	0000.087
+00.2610	+00.0797	0000.088
+00.2641	+00.0812	0000.089
+00.2668	+00.0827	0000.090
+00.2699	+00.0843	0000.091
+00.2732	+00.0858	0000.092
+00.2760	+00.0876	0000.093
+00.2793	+00.0891	0000.094
+00.2821	+00.0913	0000.095
+00.2851	+00.0928	0000.096
+00.2879	+00.0943	0000.097
+00.2909	+00.0962	0000.098
+00.2943	+00.0983	0000.099
+00.2970	+00.0998	0000.100
+00.3001	+00.1017	0000.101
+00.3025	+00.1035	0000.102
+00.3059	+00.1053	0000.103
+00.3093	+00.1068	0000.104
+00.3120	+00.1090	0000.105
+00.3154	+00.1108	0000.106
+00.3181	+00.1126	0000.107
+00.3212	+00.1145	0000.108
+00.3242	+00.1163	0000.109
+00.3273	+00.1181	0000.110
+00.3303	+00.1206	0000.111
+00.3331	+00.1221	0000.112
+00.3364	+00.1242	0000.113
+00.3395	+00.1261	0000.114
+00.3422	+00.1282	0000.115
+00.3450	+00.1300	0000.116
+00.3483	+00.1316	0000.117
+00.3514	+00.1346	0000.118
+00.3544	+00.1361	0000.119
+00.3569	+00.1380	0000.120
+00.3605	+00.1404	0000.121
+00.3630	+00.1422	0000.122
+00.3666	+00.1444	0000.123
+00.3697	+00.1465	0000.124
+00.3724	+00.1487	0000.125
+00.3755	+00.1511	0000.126
+00.3782	+00.1535	0000.127
+00.3816	+00.1554	0000.128
+00.3840	+00.1572	0000.129
+00.3877	+00.1596	0000.130
+00.3901	+00.1615	0000.131
+00.3929	+00.1639	0000.132
+00.3962	+00.1667	0000.133
+00.3990	+00.1685	0000.134
+00.4020	+00.1703	0000.135
+00.4057	+00.1731	0000.136
+00.4081	+00.1749	0000.137
+00.4109	+00.1780	0000.138
+00.4145	+00.1798	0000.139
+00.4173	+00.1822	0000.140
+00.4203	+00.1847	0000.141
+00.4234	+00.1871	0000.142
+00.4261	+00.1896	0000.143
+00.4295	+00.1917	0000.144
+00.4325	+00.1935	0000.145
+00.4353	+00.1963	0000.146
+00.4387	+00.1987	0000.147
+00.4417	+00.2015	0000.148
+00.4441	+00.2036	0000.149
+00.4472	+00.2060	0000.150
+00.4506	+00.2085	0000.151
+00.4536	+00.2112	0000.152
+00.4567	+00.2130	0000.153
+00.4594	+00.2161	0000.154
+00.4621	+00.2185	0000.155
+00.4655	+00.2213	0000.156
+00.4686	+00.2237	0000.157
+00.4716	+00.2262	0000.158
+00.4741	+00.2286	0000.159
+00.4774	+00.2314	0000.160
+00.4799	+00.2338	0000.161
+00.4832	+00.2362	0000.162
+00.4863	+00.2390	0000.163
+00.4893	+00.2420	0000.164
+00.4924	+00.2442	0000.165
+00.4951	+00.2469	0000.166
+00.4985	+00.2494	0000.167
+00.5015	+00.2524	0000.168
+00.5043	+00.2546	0000.169
+00.5076	+00.2573	0000.170
+00.5104	+00.2600	0000.171
+00.5131	+00.2628	0000.172
+00.5165	+00.2658	0000.173
+00.5195	+00.2686	0000.174
+00.5226	+00.2707	0000.175
+00.5259	+00.2735	0000.176
+00.5284	+00.2765	0000.177
+00.5314	+00.2793	0000.178
+00.5345	+00.2820	0000.179
+00.5372	+00.2845	0000.180
+00.5403	+00.2875	0000.181
+00.5430	+00.2900	0000.182
+00.5461	+00.2927	0000.183
+00.5497	+00.2958	0000.184
+00.5522	+00.2988	0000.185
+00.5558	+00.3012	0000.186
+00.5586	+00.3037	0000.187
+00.5613	+00.3070	0000.188
+00.5647	+00.3092	0000.189
+00.5671	+00.3128	0000.190
+00.5702	+00.3153	0000.191
+00.5735	+00.3180	0000.192
+00.5766	+00.3211	0000.193
+00.5799	+00.3241	0000.194
+00.5824	+00.3269	0000.195
+00.5851	+00.3296	0000.196
+00.5882	+00.3321	0000.197
+00.5918	+00.3351	0000.198
+00.5943	+00.3379	0000.199
+00.5976	+00.3409	0000.200
+00.6007	+00.3437	0000.201
+00.6034	+00.3461	0000.202
+00.6062	+00.3495	0000.203
+00.6095	+00.3522	0000.204
+00.6123	+00.3553	0000.205
+00.6160	+00.3583	0000.206
+00.6190	+00.3614	0000.207
+00.6211	+00.3641	0000.208
+00.6245	+00.3672	0000.209
+00.6272	+00.3696	0000.210
+00.6306	+00.3724	0000.211
+00.6334	+00.3754	0000.212
+00.6370	+00.3781	0000.213
+00.6395	+00.3815	0000.214
+00.6422	+00.3846	0000.215
+00.6453	+00.3870	0000.216
+00.6486	+00.3904	0000.217
+00.6517	+00.3928	0000.218
+00.6550	+00.3962	0000.219
+00.6578	+00.3986	0000.220
+00.6605	+00.4016	0000.221
+00.6633	+00.4047	0000.222
+00.6666	+00.4071	0000.223
+00.6697	+00.4102	0000.224
+00.6724	+00.4132	0000.225
+00.6755	+00.4163	0000.226
+00.6782	+00.4193	0000.227
+00.6816	+00.4215	0000.228
+00.6849	+00.4248	0000.229
+00.6877	+00.4279	0000.230
+00.6907	+00.4306	0000.231
+00.6935	+00.4337	0000.232
+00.6968	+00.4367	0000.233
+00.6996	+00.4395	0000.234
+00.7023	+00.4425	0000.235
+00.7060	+00.4456	0000.236
+00.7084	+00.4483	0000.237
+00.7115	+00.4514	0000.238
+00.7145	+00.4544	0000.239
+00.7182	+00.4575	0000.240
+00.7209	+00.4605	0000.241
+00.7240	+00.4633	0000.242
+00.7270	+00.4670	0000.243
+00.7292	+00.4694	0000.244
+00.7328	+00.4721	0000.245
+00.7356	+00.4758	0000.246
+00.7392	+00.4779	0000.247
+00.7420	+00.4810	0000.248
+00.7450	+00.4840	0000.249
+00.7478	+00.4877	0000.250
+00.7505	+00.4901	0000.251
+00.7539	+00.4938	0000.252
+00.7566	+00.4963	0000.253
+00.7597	+00.4993	0000.254
+00.7621	+00.5027	0000.255
+00.7655	+00.5057	0000.256
+00.7689	+00.5088	0000.257
+00.7719	+00.5115	0000.258
+00.7746	+00.5146	0000.259
+00.7780	+00.5179	0000.260
+00.7808	+00.5210	0000.261
+00.7835	+00.5237	0000.262
+00.7866	+00.5271	0000.263
+00.7896	+00.5304	0000.264
+00.7927	+00.5332	0000.265
+00.7954	+00.5359	0000.266
+00.7985	+00.5390	0000.267
+00.8018	+00.5423	0000.268
+00.8046	+00.5460	0000.269
+00.8079	+00.5484	0000.270
+00.8110	+00.5518	0000.271
+00.8134	+00.5545	0000.272
+00.8165	+00.5579	0000.273
+00.8198	+00.5613	0000.274
+00.8229	+00.5646	0000.275
+00.8259	+00.5671	0000.276
+00.8287	+00.5704	0000.277
+00.8317	+00.5738	0000.278
+00.8348	+00.5765	0000.279
+00.8378	+00.5799	0000.280
+00.8406	+00.5832	0000.281
+00.8436	+00.5863	0000.282
+00.8467	+00.5896	0000.283
+00.8503	+00.5921	0000.284
+00.8525	+00.5957	0000.285
+00.8555	+00.5988	0000.286
+00.8583	+00.6018	0000.287
+00.8616	+00.6052	0000.288
+00.8653	+00.6083	0000.289
+00.8683	+00.6113	0000.290
+00.8705	+00.6147	0000.291
+00.8735	+00.6177	0000.292
+00.8769	+00.6208	0000.293
+00.8799	+00.6238	0000.294
+00.8833	+00.6275	0000.295
+00.8860	+00.6305	0000.296
+00.8888	+00.6336	0000.297
+00.8915	+00.6366	0000.298
+00.8952	+00.6397	0000.299
+00.8979	+00.6430	0000.300
+00.9007	+00.6461	0000.301
+00.9037	+00.6501	0000.302
+00.9071	+00.6528	0000.303
+00.9098	+00.6562	0000.304
+00.9129	+00.6592	0000.305
+00.9159	+00.6623	0000.306
+00.9187	+00.6656	0000.307
+00.9227	+00.6687	0000.308
+00.9248	+00.6717	0000.309
+00.9278	+00.6754	0000.310
+00.9306	+00.6781	0000.311
+00.9340	+00.6818	0000.312
+00.9373	+00.6845	0000.313
+00.9397	+00.6882	0000.314
+00.9431	+00.6913	0000.315
+00.9459	+00.6940	0000.316
+00.9489	+00.6974	0000.317
+00.9520	+00.7010	0000.318
+00.9550	+00.7041	0000.319
+00.9575	+00.7068	0000.320
+00.9611	+00.7099	0000.321
+00.9642	+00.7129	0000.322
+00.9669	+00.7163	0000.323
+00.9703	+00.7190	0000.324
+00.9727	+00.7224	0000.325
+00.9758	+00.7257	0000.326
+00.9788	+00.7285	0000.327
+00.9819	+00.7315	0000.328
+00.9852	+00.7349	0000.329
+00.9886	+00.7383	0000.330
+00.9910	+00.7407	0000.331
+00.9938	+00.7447	0000.332
+00.9968	+00.7474	0000.333
+00.9999	+00.7508	0000.334
+01.0026	+00.7532	0000.335
+01.0057	+00.7560	0000.336
+01.0084	+00.7596	0000.337
+01.0118	+00.7630	0000.338
+01.0151	+00.7657	0000.339
+01.0185	+00.7685	0000.340
+01.0209	+00.7721	0000.341
+01.0240	+00.7746	0000.342
+01.0273	+00.7779	0000.343
+01.0298	+00.7807	0000.344
+01.0331	+00.7837	0000.345
+01.0362	+00.7874	0000.346
+01.0389	+00.7898	0000.347
+01.0423	+00.7932	0000.348
+01.0450	+00.7962	0000.349
+01.0478	+00.7990	0000.350
+01.0511	+00.8020	0000.351
+01.0542	+00.8051	0000.352
+01.0572	+00.8081	0000.353
+01.0606	+00.8112	0000.354
+01.0630	+00.8139	0000.355
+01.0661	+00.8173	0000.356
+01.0691	+00.8203	0000.357
+01.0722	+00.8234	0000.358
+01.0752	+00.8261	0000.359
+01.0783	+00.8298	0000.360
+01.0810	+00.8323	0000.361
+01.0838	+00.8356	0000.362
+01.0875	+00.8380	0000.363
+01.0899	+00.8411	0000.364
+01.0933	+00.8442	0000.365
+01.0963	+00.8469	0000.366
+01.0997	+00.8500	0000.367
+01.1021	+00.8533	0000.368
+01.1052	+00.8557	0000.369
+01.1079	+00.8591	0000.370
+01.1113	+00.8622	0000.371
+01.1143	+00.8649	0000.372
+01.1174	+00.8677	0000.373
+01.1198	+00.8707	0000.374
+01.1229	+00.8744	0000.375
+01.1262	+00.8765	0000.376
+01.1296	+00.8796	0000.377
+01.1326	+00.8826	0000.378
+01.1351	+00.8857	0000.379
+01.1381	+00.8884	0000.380
+01.1412	+00.8915	0000.381
+01.1445	+00.8945	0000.382
+01.1473	+00.8973	0000.383
+01.1503	+00.9000	0000.384
+01.1534	+00.9034	0000.385
+01.1558	+00.9061	0000.386
+01.1592	+00.9089	0000.387
+01.1628	+00.9116	0000.388
+01.1653	+00.9150	0000.389
+01.1686	+00.9177	0000.390
+01.1708	+00.9204	0000.391
+01.1741	+00.9232	0000.392
+01.1772	+00.9266	0000.393
+01.1802	+00.9293	0000.394
+01.1833	+00.9323	0000.395
+01.1863	+00.9351	0000.396
+01.1894	+00.9381	0000.397
+01.1924	+00.9406	0000.398
+01.1952	+00.9436	0000.399
+01.1982	+00.9470	0000.400
+01.2013	+00.9494	0000.401
+01.2040	+00.9528	0000.402
+01.2074	+00.9555	0000.403
+01.2098	+00.9583	0000.404
+01.2132	+00.9610	0000.405
+01.2162	+00.9638	0000.406
+01.2193	+00.9665	0000.407
+01.2226	+00.9696	0000.408
+01.2251	+00.9723	0000.409
+01.2281	+00.9757	0000.410
+01.2318	+00.9784	0000.411
+01.2345	+00.9809	0000.412
+01.2370	+00.9842	0000.413
+01.2403	+00.9870	0000.414
+01.2434	+00.9894	0000.415
+01.2465	+00.9922	0000.416
+01.2492	+00.9952	0000.417
+01.2526	+00.9980	0000.418
+01.2556	+01.0010	0000.419
+01.2580	+01.0038	0000.420
+01.2614	+01.0068	0000.421
+01.2645	+01.0096	0000.422
+01.2672	+01.0123	0000.423
+01.2709	+01.0151	0000.424
+01.2736	+01.0175	0000.425
+01.2764	+01.0205	0000.426
+01.2797	+01.0233	0000.427
+01.2822	+01.0260	0000.428
+01.2855	+01.0291	0000.429
+01.2880	+01.0315	0000.430
+01.2916	+01.0349	0000.431
+01.2941	+01.0370	0000.432
+01.2971	+01.0401	0000.433
+01.3002	+01.0431	0000.434
+01.3035	+01.0456	0000.435
+01.3063	+01.0483	0000.436
+01.3096	+01.0514	0000.437
+01.3121	+01.0541	0000.438
+01.3154	+01.0569	0000.439
+01.3182	+01.0596	0000.440
+01.3215	+01.0624	0000.441
+01.3243	+01.0648	0000.442
+01.3279	+01.0682	0000.443
+01.3304	+01.0700	0000.444
+01.3337	+01.0730	0000.445
+01.3368	+01.0755	0000.446
+01.3392	+01.0788	0000.447
+01.3426	+01.0816	0000.448
+01.3456	+01.0840	0000.449
+01.3484	+01.0871	0000.450
+01.3517	+01.0892	0000.451
+01.3542	+01.0920	0000.452
+01.3572	+01.0950	0000.453
+01.3609	+01.0974	0000.454
+01.3636	+01.1002	0000.455
+01.3664	+01.1026	0000.456
+01.3697	+01.1051	0000.457
+01.3731	+01.1084	0000.458
+01.3762	+01.1106	0000.459
+01.3780	+01.1136	0000.460
+01.3819	+01.1161	0000.461
+01.3847	+01.1188	0000.462
+01.3877	+01.1216	0000.463
+01.3902	+01.1240	0000.464
+01.3935	+01.1271	0000.465
+01.3966	+01.1295	0000.466
+01.3993	+01.1316	0000.467
+01.4027	+01.1344	0000.468
+01.4054	+01.1374	0000.469
+01.4085	+01.1399	0000.470
+01.4119	+01.1426	0000.471
+01.4146	+01.1451	0000.472
+01.4180	+01.1478	0000.473
+01.4207	+01.1502	0000.474
+01.4235	+01.1530	0000.475
+01.4265	+01.1554	0000.476
+01.4299	+01.1582	0000.477
+01.4326	+01.1606	0000.478
+01.4357	+01.1634	0000.479
+01.4384	+01.1658	0000.480
+01.4412	+01.1682	0000.481
+01.4445	+01.1707	0000.482
+01.4476	+01.1734	0000.483
+01.4506	+01.1759	0000.484
+01.4537	+01.1789	0000.485
+01.4561	+01.1811	0000.486
+01.4595	+01.1832	0000.487
+01.4628	+01.1863	0000.488
+01.4656	+01.1884	0000.489
+01.4683	+01.1911	0000.490
+01.4711	+01.1936	0000.491
+01.4744	+01.1957	0000.492
+01.4778	+01.1982	0000.493
+01.4805	+01.2006	0000.494
+01.4836	+01.2030	0000.495
+01.4869	+01.2055	0000.496
+01.4897	+01.2076	0000.497
+01.4930	+01.2107	0000.498
+01.4955	+01.2128	0000.499
+01.4988	+01.2149	0000.500
+01.5019	+01.2171	0000.501
+01.5046	+01.2198	0000.502
+01.5080	+01.2220	0000.503
+01.5107	+01.2241	0000.504
+01.5138	+01.2268	0000.505
+01.5168	+01.2287	0000.506
+01.5199	+01.2311	0000.507
+01.5236	+01.2345	0000.508
+01.5260	+01.2363	0000.509
+01.5281	+01.2387	0000.510
+01.5318	+01.2406	0000.511
+01.5348	+01.2430	0000.512
+01.5382	+01.2455	0000.513
+01.5409	+01.2473	0000.514
+01.5437	+01.2494	0000.515
+01.5461	+01.2522	0000.516
+01.5501	+01.2543	0000.517
+01.5528	+01.2571	0000.518
+01.5556	+01.2589	0000.519
+01.5586	+01.2610	0000.520
+01.5614	+01.2632	0000.521
+01.5648	+01.2656	0000.522
+01.5678	+01.2674	0000.523
+01.5709	+01.2699	0000.524
+01.5739	+01.2723	0000.525
+01.5767	+01.2741	0000.526
+01.5800	+01.2760	0000.527
+01.5828	+01.2784	0000.528
+01.5858	+01.2802	0000.529
+01.5889	+01.2830	0000.530
+01.5919	+01.2845	0000.531
+01.5953	+01.2870	0000.532
+01.5977	+01.2888	0000.533
+01.6005	+01.2909	0000.534
+01.6038	+01.2931	0000.535
+01.6069	+01.2952	0000.536
+01.6096	+01.2970	0000.537
+01.6127	+01.2989	0000.538
+01.6157	+01.3013	0000.539
+01.6191	+01.3034	0000.540
+01.6218	+01.3050	0000.541
+01.6252	+01.3068	0000.542
+01.6279	+01.3089	0000.543
+01.6313	+01.3117	0000.544
+01.6340	+01.3132	0000.545
+01.6368	+01.3147	0000.546
+01.6401	+01.3172	0000.547
+01.6426	+01.3187	0000.548
+01.6462	+01.3205	0000.549
+01.6490	+01.3224	0000.550
+01.6517	+01.3242	0000.551
+01.6554	+01.3266	0000.552
+01.6584	+01.3279	0000.553
+01.6606	+01.3300	0000.554
+01.6636	+01.3315	0000.555
+01.6670	+01.3333	0000.556
+01.6700	+01.3355	0000.557
+01.6728	+01.3370	0000.558
+01.6758	+01.3395	0000.559
+01.6792	+01.3416	0000.560
+01.6822	+01.3431	0000.561
+01.6847	+01.3443	0000.562
+01.6874	+01.3462	0000.563
+01.6914	+01.3474	0000.564
+01.6941	+01.3495	0000.565
+01.6969	+01.3510	0000.566
+01.7009	+01.3529	0000.567
+01.7033	+01.3553	0000.568
+01.7057	+01.3565	0000.569
+01.7088	+01.3578	0000.570
+01.7121	+01.3593	0000.571
+01.7149	+01.3614	0000.572
+01.7179	+01.3626	0000.573
+01.7207	+01.3645	0000.574
+01.7237	+01.3663	0000.575
+01.7271	+01.3678	0000.576
+01.7299	+01.3697	0000.577
+01.7332	+01.3712	0000.578
+01.7360	+01.3733	0000.579
+01.7390	+01.3742	0000.580
+01.7418	+01.3758	0000.581
+01.7448	+01.3776	0000.582
+01.7479	+01.3788	0000.583
+01.7506	+01.3803	0000.584
+01.7537	+01.3816	0000.585
+01.7567	+01.3831	0000.586
+01.7601	+01.3849	0000.587
+01.7628	+01.3865	0000.588
+01.7662	+01.3880	0000.589
+01.7689	+01.3892	0000.590
+01.7723	+01.3898	0000.591
+01.7747	+01.3922	0000.592
+01.7781	+01.3932	0000.593
+01.7811	+01.3941	0000.594
+01.7839	+01.3956	0000.595
+01.7872	+01.3977	0000.596
+01.7900	+01.3993	0000.597
+01.7924	+01.4002	0000.598
+01.7958	+01.4023	0000.599
+01.7988	+01.4035	0000.600
+01.8022	+01.4038	0000.601
+01.8049	+01.4060	0000.602
+01.8083	+01.4072	0000.603
+01.8107	+01.4087	0000.604
+01.8144	+01.4099	0000.605
+01.8168	+01.4109	0000.606
+01.8199	+01.4127	0000.607
+01.8229	+01.4136	0000.608
+01.8263	+01.4148	0000.609
+01.8287	+01.4161	0000.610
+01.8321	+01.4170	0000.611
+01.8348	+01.4185	0000.612
+01.8385	+01.4197	0000.613
+01.8412	+01.4203	0000.614
+01.8443	+01.4215	0000.615
+01.8470	+01.4237	0000.616
+01.8504	+01.4246	0000.617
+01.8531	+01.4258	0000.618
+01.8562	+01.4270	0000.619
+01.8589	+01.4280	0000.620
+01.8617	+01.4298	0000.621
+01.8650	+01.4298	0000.622
+01.8681	+01.4313	0000.623
+01.8715	+01.4325	0000.624
+01.8742	+01.4338	0000.625
+01.8776	+01.4344	0000.626
+01.8803	+01.4359	0000.627
+01.8834	+01.4374	0000.628
+01.8858	+01.4377	0000.629
+01.8888	+01.4392	0000.630
+01.8922	+01.4402	0000.631
+01.8956	+01.4408	0000.632
+01.8977	+01.4417	0000.633
+01.9011	+01.4435	0000.634
+01.9041	+01.4441	0000.635
+01.9072	+01.4450	0000.636
+01.9102	+01.4460	0000.637
+01.9133	+01.4469	0000.638
+01.9163	+01.4484	0000.639
+01.9194	+01.4493	0000.640
+01.9218	+01.4499	0000.641
+01.9258	+01.4508	0000.642
+01.9285	+01.4515	0000.643
+01.9316	+01.4530	0000.644
+01.9340	+01.4539	0000.645
+01.9371	+01.4551	0000.646
+01.9401	+01.4557	0000.647
+01.9429	+01.4573	0000.648
+01.9465	+01.4579	0000.649
+01.9496	+01.4585	0000.650
+01.9523	+01.4597	0000.651
+01.9551	+01.4603	0000.652
+01.9581	+01.4609	0000.653
+01.9612	+01.4621	0000.654
+01.9639	+01.4634	0000.655
+01.9673	+01.4646	0000.656
+01.9703	+01.4655	0000.657
+01.9731	+01.4658	0000.658
+01.9761	+01.4667	0000.659
+01.9795	+01.4679	0000.660
+01.9825	+01.4685	0000.661
+01.9856	+01.4695	0000.662
+01.9883	+01.4698	0000.663
+01.9914	+01.4704	0000.664
+01.9938	+01.4716	0000.665
+01.9975	+01.4725	0000.666
+02.0002	+01.4731	0000.667
+02.0039	+01.4743	0000.668
+02.0063	+01.4750	0000.669
+02.0097	+01.4762	0000.670
+02.0124	+01.4768	0000.671
+02.0149	+01.4774	0000.672
+02.0185	+01.4786	0000.673
+02.0219	+01.4786	0000.674
+02.0243	+01.4801	0000.675
+02.0268	+01.4804	0000.676
+02.0304	+01.4807	0000.677
+02.0329	+01.4823	0000.678
+02.0366	+01.4826	0000.679
+02.0396	+01.4826	0000.680
+02.0424	+01.4838	0000.681
+02.0457	+01.4850	0000.682
+02.0485	+01.4856	0000.683
+02.0518	+01.4856	0000.684
+02.0543	+01.4869	0000.685
+02.0570	+01.4875	0000.686
+02.0604	+01.4878	0000.687
+02.0634	+01.4893	0000.688
+02.0665	+01.4896	0000.689
+02.0698	+01.4902	0000.690
+02.0726	+01.4905	0000.691
+02.0753	+01.4917	0000.692
+02.0787	+01.4917	0000.693
+02.0811	+01.4930	0000.694
+02.0851	+01.4942	0000.695
+02.0878	+01.4945	0000.696
+02.0903	+01.4951	0000.697
+02.0933	+01.4963	0000.698
+02.0961	+01.4969	0000.699
+02.0991	+01.4972	0000.700
+02.1025	+01.4975	0000.701
+02.1055	+01.4981	0000.702
+02.1080	+01.4994	0000.703
+02.1110	+01.5000	0000.704
+02.1141	+01.5003	0000.705
+02.1180	+01.5009	0000.706
+02.1205	+01.5012	0000.707
+02.1235	+01.5024	0000.708
+02.1272	+01.5027	0000.709
+02.1290	+01.5030	0000.710
+02.1327	+01.5036	0000.711
+02.1348	+01.5042	0000.712
+02.1388	+01.5055	0000.713
+02.1412	+01.5052	0000.714
+02.1446	+01.5061	0000.715
+02.1473	+01.5070	0000.716
+02.1504	+01.5073	0000.717
+02.1531	+01.5073	0000.718
+02.1568	+01.5082	0000.719
+02.1592	+01.5085	0000.720
+02.1629	+01.5091	0000.721
+02.1653	+01.5097	0000.722
+02.1684	+01.5110	0000.723
+02.1714	+01.5107	0000.724
+02.1745	+01.5113	0000.725
+02.1772	+01.5125	0000.726
+02.1809	+01.5131	0000.727
+02.1833	+01.5134	0000.728
+02.1870	+01.5140	0000.729
+02.1894	+01.5143	0000.730
+02.1925	+01.5143	0000.731
+02.1959	+01.5146	0000.732
+02.1986	+01.5161	0000.733
+02.2013	+01.5161	0000.734
+02.2047	+01.5174	0000.735
+02.2068	+01.5171	0000.736
+02.2105	+01.5177	0000.737
+02.2136	+01.5183	0000.738
+02.2166	+01.5192	0000.739
+02.2197	+01.5192	0000.740
+02.2224	+01.5195	0000.741
+02.2258	+01.5207	0000.742
+02.2291	+01.5213	0000.743
+02.2316	+01.5213	0000.744
+02.2349	+01.5213	0000.745
+02.2377	+01.5226	0000.746
+02.2404	+01.5235	0000.747
+02.2435	+01.5232	0000.748
+02.2468	+01.5241	0000.749
+02.2502	+01.5244	0000.750
+02.2529	+01.5250	0000.751
+02.2554	+01.5259	0000.752
+02.2587	+01.5259	0000.753
+02.2621	+01.5259	0000.754
+02.2642	+01.5265	0000.755
+02.2679	+01.5271	0000.756
+02.2706	+01.5274	0000.757
+02.2737	+01.5284	0000.758
+02.2767	+01.5290	0000.759
+02.2795	+01.5290	0000.760
+02.2825	+01.5290	0000.761
+02.2859	+01.5302	0000.762
+02.2886	+01.5305	0000.763
+02.2914	+01.5305	0000.764
+02.2944	+01.5308	0000.765
+02.2981	+01.5314	0000.766
+02.3008	+01.5317	0000.767
+02.3039	+01.5332	0000.768
+02.3066	+01.5320	0000.769
+02.3094	+01.5335	0000.770
+02.3127	+01.5339	0000.771
+02.3155	+01.5342	0000.772
+02.3188	+01.5351	0000.773
+02.3219	+01.5354	0000.774
+02.3246	+01.5360	0000.775
+02.3280	+01.5363	0000.776
+02.3314	+01.5366	0000.777
+02.3335	+01.5375	0000.778
+02.3375	+01.5366	0000.779
+02.3399	+01.5372	0000.780
+02.3417	+01.5375	0000.781
+02.3460	+01.5384	0000.782
+02.3484	+01.5387	0000.783
+02.3518	+01.5387	0000.784
+02.3545	+01.5390	0000.785
+02.3576	+01.5403	0000.786
+02.3606	+01.5409	0000.787
+02.3637	+01.5409	0000.788
+02.3674	+01.5412	0000.789
+02.3692	+01.5421	0000.790
+02.3729	+01.5421	0000.791
+02.3759	+01.5424	0000.792
+02.3783	+01.5427	0000.793
+02.3814	+01.5430	0000.794
+02.3845	+01.5436	0000.795
+02.3881	+01.5439	0000.796
+02.3915	+01.5445	0000.797
+02.3942	+01.5445	0000.798
+02.3967	+01.5458	0000.799
+02.4000	+01.5454	0000.800
+02.4028	+01.5458	0000.801
+02.4055	+01.5467	0000.802
+02.4089	+01.5467	0000.803
+02.4119	+01.5473	0000.804
+02.4144	+01.5473	0000.805
+02.4177	+01.5482	0000.806
+02.4211	+01.5485	0000.807
+02.4238	+01.5485	0000.808
+02.4266	+01.5491	0000.809
+02.4302	+01.5488	0000.810
+02.4327	+01.5497	0000.811
+02.4357	+01.5500	0000.812
+02.4388	+01.5509	0000.813
+02.4415	+01.5506	0000.814
+02.4455	+01.5516	0000.815
+02.4476	+01.5516	0000.816
+02.4510	+01.5519	0000.817
+02.4537	+01.5528	0000.818
+02.4565	+01.5528	0000.819
+02.4604	+01.5528	0000.820
+02.4626	+01.5534	0000.821
+02.4659	+01.5540	0000.822
+02.4687	+01.5540	0000.823
+02.4717	+01.5540	0000.824
+02.4751	+01.5549	0000.825
+02.4784	+01.5552	0000.826
+02.4809	+01.5555	0000.827
+02.4836	+01.5561	0000.828
+02.4864	+01.5561	0000.829
+02.4903	+01.5567	0000.830
+02.4928	+01.5573	0000.831
+02.4958	+01.5567	0000.832
+02.4992	+01.5580	0000.833
+02.5019	+01.5583	0000.834
+02.5053	+01.5583	0000.835
+02.5077	+01.5583	0000.836
+02.5102	+01.5586	0000.837
+02.5138	+01.5595	0000.838
+02.5172	+01.5595	0000.839
+02.5193	+01.5598	0000.840
+02.5230	+01.5598	0000.841
+02.5254	+01.5610	0000.842
+02.5285	+01.5610	0000.843
+02.5319	+01.5619	0000.844
+02.5349	+01.5613	0000.845
+02.5377	+01.5616	0000.846
+02.5413	+01.5622	0000.847
+02.5438	+01.5625	0000.848
+02.5471	+01.5628	0000.849
+02.5499	+01.5635	0000.850
+02.5535	+01.5635	0000.851
+02.5557	+01.5641	0000.852
+02.5590	+01.5647	0000.853
+02.5621	+01.5650	0000.854
+02.5648	+01.5650	0000.855
+02.5682	+01.5647	0000.856
+02.5709	+01.5653	0000.857
+02.5740	+01.5662	0000.858
+02.5767	+01.5659	0000.859
+02.5801	+01.5665	0000.860
+02.5834	+01.5665	0000.861
+02.5859	+01.5668	0000.862
+02.5895	+01.5671	0000.863
+02.5923	+01.5680	0000.864
+02.5950	+01.5680	0000.865
+02.5981	+01.5680	0000.866
+02.6005	+01.5683	0000.867
+02.6039	+01.5696	0000.868
+02.6072	+01.5696	0000.869
+02.6100	+01.5699	0000.870
+02.6136	+01.5699	0000.871
+02.6161	+01.5705	0000.872
+02.6197	+01.5711	0000.873
+02.6222	+01.5708	0000.874
+02.6252	+01.5717	0000.875
+02.6283	+01.5720	0000.876
+02.6304	+01.5717	0000.877
+02.6341	+01.5729	0000.878
+02.6371	+01.5729	0000.879
+02.6405	+01.5732	0000.880
+02.6429	+01.5732	0000.881
+02.6466	+01.5735	0000.882
+02.6490	+01.5741	0000.883
+02.6527	+01.5738	0000.884
+02.6551	+01.5747	0000.885
+02.6582	+01.5744	0000.886
+02.6609	+01.5750	0000.887
+02.6643	+01.5754	0000.888
+02.6661	+01.5754	0000.889
+02.6704	+01.5760	0000.890
+02.6725	+01.5763	0000.891
+02.6762	+01.5769	0000.892
+02.6786	+01.5775	0000.893
+02.6823	+01.5772	0000.894
+02.6857	+01.5772	0000.895
+02.6881	+01.5775	0000.896
+02.6915	+01.5778	0000.897
+02.6945	+01.5784	0000.898
+02.6970	+01.5781	0000.899
+02.6997	+01.5784	0000.900
+02.7034	+01.5793	0000.901
+02.7058	+01.5796	0000.902
+02.7098	+01.5793	0000.903
+02.7119	+01.5802	0000.904
+02.7153	+01.5802	0000.905
+02.7180	+01.5802	0000.906
+02.7214	+01.5802	0000.907
+02.7244	+01.5805	0000.908
+02.7278	+01.5815	0000.909
+02.7308	+01.5815	0000.910
+02.7333	+01.5821	0000.911
+02.7366	+01.5824	0000.912
+02.7394	+01.5827	0000.913
+02.7421	+01.5824	0000.914
+02.7455	+01.5830	0000.915
+02.7488	+01.5833	0000.916
+02.7507	+01.5836	0000.917
+02.7540	+01.5842	0000.918
+02.7577	+01.5845	0000.919
+02.7604	+01.5839	0000.920
+02.7629	+01.5842	0000.921
+02.7671	+01.5848	0000.922
+02.7693	+01.5854	0000.923
+02.7726	+01.5851	0000.924
+02.7751	+01.5860	0000.925
+02.7787	+01.5863	0000.926
+02.7812	+01.5863	0000.927
+02.7845	+01.5866	0000.928
+02.7864	+01.5870	0000.929
+02.7903	+01.5873	0000.930
+02.7934	+01.5870	0000.931
+02.7961	+01.5876	0000.932
+02.7992	+01.5885	0000.933
+02.8025	+01.5879	0000.934
+02.8056	+01.5882	0000.935
+02.8080	+01.5888	0000.936
+02.8111	+01.5891	0000.937
+02.8144	+01.5897	0000.938
+02.8175	+01.5897	0000.939
+02.8205	+01.5900	0000.940
+02.8236	+01.5906	0000.941
+02.8270	+01.5906	0000.942
+02.8297	+01.5909	0000.943
+02.8325	+01.5909	0000.944
+02.8355	+01.5915	0000.945
+02.8379	+01.5918	0000.946
+02.8413	+01.5918	0000.947
+02.8447	+01.5921	0000.948
+02.8474	+01.5924	0000.949
+02.8505	+01.5924	0000.950
+02.8529	+01.5924	0000.951
+02.8569	+01.5924	0000.952
+02.8593	+01.5940	0000.953
+02.8624	+01.5940	0000.954
+02.8657	+01.5937	0000.955
+02.8685	+01.5943	0000.956
+02.8715	+01.5943	0000.957
+02.8743	+01.5946	0000.958
+02.8773	+01.5946	0000.959
+02.8804	+01.5958	0000.960
+02.8837	+01.5961	0000.961
+02.8868	+01.5958	0000.962
+02.8895	+01.5961	0000.963
+02.8923	+01.5958	0000.964
+02.8956	+01.5967	0000.965
+02.8984	+01.5967	0000.966
+02.9014	+01.5970	0000.967
+02.9045	+01.5970	0000.968
+02.9081	+01.5970	0000.969
+02.9112	+01.5979	0000.970
+02.9136	+01.5985	0000.971
+02.9164	+01.5982	0000.972
+02.9197	+01.5989	0000.973
+02.9228	+01.5992	0000.974
+02.9249	+01.5992	0000.975
+02.9283	+01.5992	0000.976
+02.9319	+01.5995	0000.977
+02.9347	+01.5998	0000.978
+02.9383	+01.6001	0000.979
+02.9405	+01.6010	0000.980
+02.9429	+01.6004	0000.981
+02.9466	+01.6007	0000.982
+02.9499	+01.6007	0000.983
+02.9530	+01.6013	0000.984
+02.9564	+01.6013	0000.985
+02.9591	+01.6022	0000.986
+02.9618	+01.6022	0000.987
+02.9649	+01.6022	0000.988
+02.9676	+01.6025	0000.989
+02.9710	+01.6028	0000.990
+02.9737	+01.6031	0000.991
+02.9771	+01.6037	0000.992
+02.9795	+01.6043	0000.993
+02.9829	+01.6043	0000.994
+02.9856	+01.6047	0000.995
+02.9887	+01.6040	0000.996
+02.9911	+01.6050	0000.997
+02.9951	+01.6050	0000.998
+02.9976	+01.6053	0000.999
+03.0006	+01.6056	0001.000
+03.0043	+01.6056	0001.001
+03.0073	+01.6062	0001.002
+03.0095	+01.6059	0001.003
+03.0134	+01.6068	0001.004
+03.0165	+01.6062	0001.005
+03.0183	+01.6071	0001.006
+03.0217	+01.6071	0001.007
+03.0247	+01.6080	0001.008
+03.0281	+01.6074	0001.009
+03.0302	+01.6077	0001.010
+03.0336	+01.6080	0001.011
+03.0369	+01.6083	0001.012
+03.0403	+01.6080	0001.013
+03.0430	+01.6086	0001.014
+03.0458	+01.6092	0001.015
+03.0494	+01.6098	0001.016
+03.0519	+01.6092	0001.017
+03.0543	+01.6098	0001.018
+03.0577	+01.6108	0001.019
+03.0607	+01.6098	0001.020
+03.0638	+01.6104	0001.021
+03.0671	+01.6111	0001.022
+03.0702	+01.6111	0001.023
+03.0732	+01.6108	0001.024
+03.0760	+01.6114	0001.025
+03.0790	+01.6117	0001.026
+03.0821	+01.6120	0001.027
+03.0854	+01.6123	0001.028
+03.0873	+01.6126	0001.029
+03.0900	+01.6126	0001.030
+03.0934	+01.6129	0001.031
+03.0970	+01.6132	0001.032
+03.1001	+01.6135	0001.033
+03.1031	+01.6138	0001.034
+03.1053	+01.6141	0001.035
+03.1092	+01.6147	0001.036
+03.1120	+01.6141	0001.037
+03.1147	+01.6147	0001.038
+03.1184	+01.6153	0001.039
+03.1211	+01.6153	0001.040
+03.1242	+01.6153	0001.041
+03.1269	+01.6159	0001.042
+03.1297	+01.6159	0001.043
+03.1327	+01.6159	0001.044
+03.1361	+01.6166	0001.045
+03.1388	+01.6166	0001.046
+03.1416	+01.6172	0001.047
+03.1450	+01.6172	0001.048
+03.1480	+01.6175	0001.049
+03.1511	+01.6181	0001.050
+03.1544	+01.6178	0001.051
+03.1575	+01.6181	0001.052
+03.1602	+01.6178	0001.053
+03.1630	+01.6190	0001.054
+03.1657	+01.6184	0001.055
+03.1691	+01.6187	0001.056
+03.1724	+01.6187	0001.057
+03.1755	+01.6193	0001.058
+03.1776	+01.6199	0001.059
+03.1807	+01.6199	0001.060
+03.1837	+01.6205	0001.061
+03.1871	+01.6205	0001.062
+03.1898	+01.6205	0001.063
+03.1926	+01.6208	0001.064
+03.1959	+01.6205	0001.065
+03.1990	+01.6220	0001.066
+03.2026	+01.6214	0001.067
+03.2045	+01.6211	0001.068
+03.2084	+01.6224	0001.069
+03.2106	+01.6217	0001.070
+03.2139	+01.6220	0001.071
+03.2170	+01.6224	0001.072
+03.2200	+01.6224	0001.073
+03.2228	+01.6230	0001.074
+03.2267	+01.6233	0001.075
+03.2289	+01.6239	0001.076
+03.2319	+01.6239	0001.077
+03.2350	+01.6239	0001.078
+03.2377	+01.6242	0001.079
+03.2414	+01.6248	0001.080
+03.2438	+01.6245	0001.081
+03.2469	+01.6248	0001.082
+03.2499	+01.6251	0001.083
+03.2530	+01.6260	0001.084
+03.2566	+01.6251	0001.085
+03.2591	+01.6260	0001.086
+03.2615	+01.6257	0001.087
+03.2643	+01.6266	0001.088
+03.2676	+01.6260	0001.089
+03.2716	+01.6269	0001.090
+03.2737	+01.6272	0001.091
+03.2771	+01.6269	0001.092
+03.2801	+01.6278	0001.093
+03.2835	+01.6278	0001.094
+03.2859	+01.6281	0001.095
+03.2887	+01.6281	0001.096
+03.2920	+01.6281	0001.097
+03.2954	+01.6285	0001.098
+03.2978	+01.6285	0001.099
+03.3012	+01.6291	0001.100
+03.3039	+01.6291	0001.101
+03.3067	+01.6297	0001.102
+03.3101	+01.6294	0001.103
+03.3134	+01.6300	0001.104
+03.3165	+01.6300	0001.105
+03.3186	+01.6309	0001.106
+03.3223	+01.6303	0001.107
+03.3247	+01.6312	0001.108
+03.3281	+01.6312	0001.109
+03.3314	+01.6309	0001.110
+03.3348	+01.6321	0001.111
+03.3369	+01.6318	0001.112
+03.3403	+01.6321	0001.113
+03.3430	+01.6324	0001.114
+03.3461	+01.6327	0001.115
+03.3491	+01.6327	0001.116
+03.3519	+01.6330	0001.117
+03.3549	+01.6327	0001.118
+03.3583	+01.6333	0001.119
+03.3610	+01.6333	0001.120
+03.3641	+01.6336	0001.121
+03.3674	+01.6339	0001.122
+03.3705	+01.6343	0001.123
+03.3732	+01.6346	0001.124
+03.3760	+01.6346	0001.125
+03.3787	+01.6343	0001.126
+03.3821	+01.6358	0001.127
+03.3854	+01.6358	0001.128
+03.3879	+01.6358	0001.129
+03.3912	+01.6352	0001.130
+03.3946	+01.6355	0001.131
+03.3967	+01.6355	0001.132
+03.4004	+01.6361	0001.133
+03.4028	+01.6367	0001.134
+03.4065	+01.6367	0001.135
+03.4095	+01.6370	0001.136
+03.4120	+01.6370	0001.137
+03.4150	+01.6373	0001.138
+03.4178	+01.6379	0001.139
+03.4208	+01.6379	0001.140
+03.4239	+01.6382	0001.141
+03.4272	+01.6388	0001.142
+03.4303	+01.6382	0001.143
+03.4336	+01.6382	0001.144
+03.4358	+01.6394	0001.145
+03.4404	+01.6391	0001.146
+03.4419	+01.6391	0001.147
+03.4455	+01.6394	0001.148
+03.4486	+01.6397	0001.149
+03.4510	+01.6397	0001.150
+03.4547	+01.6404	0001.151
+03.4575	+01.6401	0001.152
+03.4608	+01.6404	0001.153
+03.4636	+01.6413	0001.154
+03.4660	+01.6407	0001.155
+03.4690	+01.6410	0001.156
+03.4718	+01.6416	0001.157
+03.4752	+01.6419	0001.158
+03.4779	+01.6416	0001.159
+03.4816	+01.6419	0001.160
+03.4846	+01.6419	0001.161
+03.4874	+01.6419	0001.162
+03.4907	+01.6428	0001.163
+03.4935	+01.6428	0001.164
+03.4968	+01.6428	0001.165
+03.4990	+01.6428	0001.166
+03.5023	+01.6440	0001.167
+03.5057	+01.6440	0001.168
+03.5087	+01.6440	0001.169
+03.5115	+01.6446	0001.170
+03.5145	+01.6443	0001.171
+03.5176	+01.6446	0001.172
+03.5203	+01.6449	0001.173
+03.5231	+01.6446	0001.174
+03.5267	+01.6455	0001.175
+03.5301	+01.6452	0001.176
+03.5319	+01.6455	0001.177
+03.5356	+01.6455	0001.178
+03.5386	+01.6465	0001.179
+03.5417	+01.6458	0001.180
+03.5444	+01.6465	0001.181
+03.5478	+01.6468	0001.182
+03.5502	+01.6468	0001.183
+03.5536	+01.6468	0001.184
+03.5566	+01.6480	0001.185
+03.5597	+01.6480	0001.186
+03.5633	+01.6480	0001.187
+03.5655	+01.6486	0001.188
+03.5685	+01.6477	0001.189
+03.5710	+01.6483	0001.190
+03.5740	+01.6486	0001.191
+03.5771	+01.6486	0001.192
+03.5810	+01.6489	0001.193
+03.5829	+01.6498	0001.194
+03.5862	+01.6492	0001.195
+03.5887	+01.6489	0001.196
+03.5926	+01.6504	0001.197
+03.5951	+01.6507	0001.198
+03.5984	+01.6501	0001.199
+03.6015	+01.6504	0001.200
+03.6049	+01.6513	0001.201
+03.6082	+01.6507	0001.202
+03.6106	+01.6513	0001.203
+03.6137	+01.6516	0001.204
+03.6161	+01.6513	0001.205
+03.6195	+01.6516	0001.206
+03.6222	+01.6526	0001.207
+03.6247	+01.6526	0001.208
+03.6290	+01.6516	0001.209
+03.6308	+01.6526	0001.210
+03.6345	+01.6529	0001.211
+03.6378	+01.6538	0001.212
+03.6399	+01.6535	0001.213
+03.6442	+01.6535	0001.214
+03.6467	+01.6532	0001.215
+03.6494	+01.6535	0001.216
+03.6528	+01.6535	0001.217
+03.6555	+01.6544	0001.218
+03.6586	+01.6541	0001.219
+03.6613	+01.6544	0001.220
+03.6647	+01.6547	0001.221
+03.6680	+01.6550	0001.222
+03.6705	+01.6550	0001.223
+03.6741	+01.6556	0001.224
+03.6763	+01.6556	0001.225
+03.6793	+01.6559	0001.226
+03.6830	+01.6562	0001.227
+03.6854	+01.6565	0001.228
+03.6891	+01.6559	0001.229
+03.6918	+01.6562	0001.230
+03.6949	+01.6568	0001.231
+03.6970	+01.6571	0001.232
+03.7007	+01.6568	0001.233
+03.7037	+01.6581	0001.234
+03.7068	+01.6574	0001.235
+03.7095	+01.6581	0001.236
+03.7129	+01.6581	0001.237
+03.7153	+01.6578	0001.238
+03.7190	+01.6584	0001.239
+03.7223	+01.6584	0001.240
+03.7242	+01.6587	0001.241
+03.7284	+01.6587	0001.242
+03.7306	+01.6593	0001.243
+03.7333	+01.6596	0001.244
+03.7370	+01.6593	0001.245
+03.7400	+01.6596	0001.246
+03.7419	+01.6596	0001.247
+03.7461	+01.6599	0001.248
+03.7483	+01.6605	0001.249
+03.7526	+01.6602	0001.250
+03.7550	+01.6608	0001.251
+03.7574	+01.6605	0001.252
+03.7605	+01.6605	0001.253
+03.7632	+01.6611	0001.254
+03.7663	+01.6608	0001.255
+03.7696	+01.6614	0001.256
+03.7733	+01.6614	0001.257
+03.7748	+01.6620	0001.258
+03.7785	+01.6617	0001.259
+03.7809	+01.6623	0001.260
+03.7846	+01.6626	0001.261
+03.7877	+01.6626	0001.262
+03.7910	+01.6626	0001.263
+03.7944	+01.6629	0001.264
+03.7965	+01.6632	0001.265
+03.7999	+01.6635	0001.266
+03.8026	+01.6642	0001.267
+03.8057	+01.6645	0001.268
+03.8090	+01.6639	0001.269
+03.8124	+01.6639	0001.270
+03.8145	+01.6639	0001.271
+03.8176	+01.6648	0001.272
+03.8209	+01.6642	0001.273
+03.8234	+01.6648	0001.274
+03.8276	+01.6648	0001.275
+03.8301	+01.6660	0001.276
+03.8325	+01.6654	0001.277
+03.8359	+01.6654	0001.278
+03.8392	+01.6660	0001.279
+03.8417	+01.6660	0001.280
+03.8447	+01.6663	0001.281
+03.8481	+01.6666	0001.282
+03.8505	+01.6663	0001.283
+03.8539	+01.6669	0001.284
+03.8575	+01.6666	0001.285
+03.8597	+01.6675	0001.286
+03.8624	+01.6672	0001.287
+03.8664	+01.6675	0001.288
+03.8682	+01.6675	0001.289
+03.8719	+01.6675	0001.290
+03.8749	+01.6681	0001.291
+03.8774	+01.6678	0001.292
+03.8804	+01.6678	0001.293
+03.8838	+01.6684	0001.294
+03.8862	+01.6684	0001.295
+03.8905	+01.6684	0001.296
+03.8932	+01.6700	0001.297
+03.8954	+01.6690	0001.298
+03.8993	+01.6697	0001.299
+03.9027	+01.6700	0001.300
+03.9048	+01.6697	0001.301
+03.9079	+01.6697	0001.302
+03.9103	+01.6700	0001.303
+03.9134	+01.6703	0001.304
+03.9167	+01.6706	0001.305
+03.9207	+01.6706	0001.306
+03.9228	+01.6709	0001.307
+03.9253	+01.6709	0001.308
+03.9286	+01.6712	0001.309
+03.9320	+01.6718	0001.310
+03.9351	+01.6709	0001.311
+03.9381	+01.6718	0001.312
+03.9405	+01.6718	0001.313
+03.9439	+01.6721	0001.314
+03.9463	+01.6727	0001.315
+03.9497	+01.6721	0001.316
+03.9528	+01.6727	0001.317
+03.9555	+01.6727	0001.318
+03.9589	+01.6733	0001.319
+03.9622	+01.6730	0001.320
+03.9653	+01.6733	0001.321
+03.9671	+01.6739	0001.322
+03.9717	+01.6739	0001.323
+03.9738	+01.6736	0001.324
+03.9766	+01.6739	0001.325
+03.9799	+01.6739	0001.326
+03.9827	+01.6745	0001.327
+03.9860	+01.6739	0001.328
+03.9891	+01.6745	0001.329
+03.9918	+01.6742	0001.330
+03.9958	+01.6755	0001.331
+03.9976	+01.6751	0001.332
+04.0004	+01.6758	0001.333
+04.0040	+01.6758	0001.334
+04.0074	+01.6758	0001.335
+04.0101	+01.6761	0001.336
+04.0132	+01.6770	0001.337
+04.0159	+01.6761	0001.338
+04.0187	+01.6761	0001.339
+04.0223	+01.6770	0001.340
+04.0254	+01.6773	0001.341
+04.0272	+01.6773	0001.342
+04.0312	+01.6770	0001.343
+04.0339	+01.6779	0001.344
+04.0370	+01.6779	0001.345
+04.0403	+01.6776	0001.346
+04.0434	+01.6776	0001.347
+04.0461	+01.6779	0001.348
+04.0489	+01.6782	0001.349
+04.0519	+01.6782	0001.350
+04.0553	+01.6788	0001.351
+04.0580	+01.6791	0001.352
+04.0620	+01.6791	0001.353
+04.0638	+01.6785	0001.354
+04.0675	+01.6788	0001.355
+04.0699	+01.6794	0001.356
+04.0742	+01.6794	0001.357
+04.0767	+01.6800	0001.358
+04.0788	+01.6794	0001.359
+04.0818	+01.6800	0001.360
+04.0843	+01.6800	0001.361
+04.0882	+01.6800	0001.362
+04.0913	+01.6809	0001.363
+04.0937	+01.6806	0001.364
+04.0968	+01.6809	0001.365
+04.0998	+01.6812	0001.366
+04.1023	+01.6809	0001.367
+04.1063	+01.6812	0001.368
+04.1093	+01.6816	0001.369
+04.1121	+01.6822	0001.370
+04.1157	+01.6812	0001.371
+04.1182	+01.6819	0001.372
+04.1209	+01.6819	0001.373
+04.1246	+01.6819	0001.374
+04.1273	+01.6825	0001.375
+04.1304	+01.6822	0001.376
+04.1334	+01.6831	0001.377
+04.1356	+01.6828	0001.378
+04.1392	+01.6834	0001.379
+04.1423	+01.6825	0001.380
+04.1450	+01.6831	0001.381
+04.1490	+01.6837	0001.382
+04.1511	+01.6840	0001.383
+04.1539	+01.6834	0001.384
+04.1578	+01.6843	0001.385
+04.1600	+01.6846	0001.386
+04.1630	+01.6846	0001.387
+04.1673	+01.6846	0001.388
+04.1691	+01.6852	0001.389
+04.1719	+01.6849	0001.390
+04.1758	+01.6849	0001.391
+04.1777	+01.6849	0001.392
+04.1807	+01.6852	0001.393
+04.1844	+01.6852	0001.394
+04.1865	+01.6852	0001.395
+04.1902	+01.6861	0001.396
+04.1932	+01.6864	0001.397
+04.1969	+01.6858	0001.398
+04.1993	+01.6864	0001.399
+04.2027	+01.6861	0001.400
+04.2048	+01.6864	0001.401
+04.2082	+01.6864	0001.402
+04.2118	+01.6864	0001.403
+04.2143	+01.6864	0001.404
+04.2179	+01.6877	0001.405
+04.2210	+01.6870	0001.406
+04.2237	+01.6874	0001.407
+04.2265	+01.6874	0001.408
+04.2292	+01.6883	0001.409
+04.2317	+01.6877	0001.410
+04.2350	+01.6880	0001.411
+04.2387	+01.6880	0001.412
+04.2414	+01.6892	0001.413
+04.2448	+01.6892	0001.414
+04.2472	+01.6883	0001.415
+04.2494	+01.6889	0001.416
+04.2537	+01.6892	0001.417
+04.2561	+01.6898	0001.418
+04.2591	+01.6895	0001.419
+04.2616	+01.6901	0001.420
+04.2649	+01.6898	0001.421
+04.2689	+01.6901	0001.422
+04.2710	+01.6901	0001.423
+04.2747	+01.6895	0001.424
+04.2768	+01.6907	0001.425
+04.2808	+01.6904	0001.426
+04.2826	+01.6904	0001.427
+04.2863	+01.6907	0001.428
+04.2894	+01.6907	0001.429
+04.2933	+01.6910	0001.430
+04.2949	+01.6916	0001.431
+04.2982	+01.6916	0001.432
+04.3016	+01.6919	0001.433
+04.3046	+01.6919	0001.434
+04.3074	+01.6919	0001.435
+04.3104	+01.6919	0001.436
+04.3132	+01.6916	0001.437
+04.3168	+01.6928	0001.438
+04.3199	+01.6925	0001.439
+04.3220	+01.6932	0001.440
+04.3254	+01.6928	0001.441
+04.3278	+01.6928	0001.442
+04.3315	+01.6925	0001.443
+04.3345	+01.6928	0001.444
+04.3373	+01.6938	0001.445
+04.3403	+01.6932	0001.446
+04.3431	+01.6935	0001.447
+04.3464	+01.6935	0001.448
+04.3492	+01.6944	0001.449
+04.3528	+01.6944	0001.450
+04.3556	+01.6941	0001.451
+04.3586	+01.6944	0001.452
+04.3620	+01.6950	0001.453
+04.3644	+01.6947	0001.454
+04.3663	+01.6947	0001.455
+04.3702	+01.6950	0001.456
+04.3736	+01.6950	0001.457
+04.3773	+01.6950	0001.458
+04.3794	+01.6956	0001.459
+04.3824	+01.6959	0001.460
+04.3852	+01.6959	0001.461
+04.3879	+01.6962	0001.462
+04.3916	+01.6959	0001.463
+04.3946	+01.6965	0001.464
+04.3968	+01.6959	0001.465
+04.4004	+01.6968	0001.466
+04.4029	+01.6962	0001.467
+04.4062	+01.6968	0001.468
+04.4096	+01.6968	0001.469
+04.4123	+01.6974	0001.470
+04.4157	+01.6968	0001.471
+04.4188	+01.6971	0001.472
+04.4215	+01.6977	0001.473
+04.4236	+01.6977	0001.474
+04.4267	+01.6983	0001.475
+04.4304	+01.6983	0001.476
+04.4334	+01.6986	0001.477
+04.4361	+01.6983	0001.478
+04.4395	+01.6986	0001.479
+04.4423	+01.6986	0001.480
+04.4453	+01.6990	0001.481
+04.4481	+01.6983	0001.482
+04.4511	+01.6986	0001.483
+04.4542	+01.6986	0001.484
+04.4569	+01.6990	0001.485
+04.4612	+01.6996	0001.486
+04.4639	+01.6999	0001.487
+04.4667	+01.7002	0001.488
+04.4700	+01.6999	0001.489
+04.4722	+01.7005	0001.490
+04.4752	+01.7005	0001.491
+04.4786	+01.6996	0001.492
+04.4822	+01.7008	0001.493
+04.4853	+01.7002	0001.494
+04.4880	+01.7008	0001.495
+04.4905	+01.7014	0001.496
+04.4935	+01.7008	0001.497
+04.4969	+01.7011	0001.498
+04.4999	+01.7017	0001.499
+04.5027	+01.7014	0001.500
+04.5054	+01.7026	0001.501
+04.5033	+01.7020	0001.502
+04.5002	+01.7023	0001.503
+04.4969	+01.7011	0001.504
+04.4938	+01.7020	0001.505
+04.4911	+01.7017	0001.506
+04.4880	+01.7017	0001.507
+04.4856	+01.7020	0001.508
+04.4816	+01.7020	0001.509
+04.4792	+01.7020	0001.510
+04.4755	+01.7026	0001.511
+04.4725	+01.7017	0001.512
+04.4703	+01.7020	0001.513
+04.4673	+01.7020	0001.514
+04.4639	+01.7017	0001.515
+04.4609	+01.7023	0001.516
+04.4575	+01.7020	0001.517
+04.4545	+01.7020	0001.518
+04.4517	+01.7023	0001.519
+04.4493	+01.7017	0001.520
+04.4453	+01.7023	0001.521
+04.4435	+01.7026	0001.522
+04.4407	+01.7020	0001.523
+04.4365	+01.7026	0001.524
+04.4343	+01.7017	0001.525
+04.4310	+01.7023	0001.526
+04.4276	+01.7026	0001.527
+04.4249	+01.7017	0001.528
+04.4218	+01.7020	0001.529
+04.4184	+01.7026	0001.530
+04.4166	+01.7017	0001.531
+04.4127	+01.7023	0001.532
+04.4099	+01.7020	0001.533
+04.4078	+01.7017	0001.534
+04.4026	+01.7020	0001.535
+04.4007	+01.7020	0001.536
+04.3983	+01.7020	0001.537
+04.3946	+01.7017	0001.538
+04.3922	+01.7017	0001.539
+04.3895	+01.7023	0001.540
+04.3858	+01.7020	0001.541
+04.3830	+01.7017	0001.542
+04.3791	+01.7020	0001.543
+04.3776	+01.7020	0001.544
+04.3742	+01.7020	0001.545
+04.3705	+01.7020	0001.546
+04.3675	+01.7020	0001.547
+04.3644	+01.7020	0001.548
+04.3620	+01.7023	0001.549
+04.3583	+01.7014	0001.550
+04.3556	+01.7020	0001.551
+04.3528	+01.7017	0001.552
+04.3495	+01.7023	0001.553
+04.3461	+01.7014	0001.554
+04.3428	+01.7017	0001.555
+04.3418	+01.7017	0001.556
+04.3379	+01.7017	0001.557
+04.3345	+01.7014	0001.558
+04.3318	+01.7020	0001.559
+04.3293	+01.7020	0001.560
+04.3254	+01.7020	0001.561
+04.3229	+01.7017	0001.562
+04.3196	+01.7017	0001.563
+04.3165	+01.7014	0001.564
+04.3141	+01.7020	0001.565
+04.3104	+01.7011	0001.566
+04.3074	+01.7023	0001.567
+04.3043	+01.7017	0001.568
+04.3022	+01.7011	0001.569
+04.2988	+01.7011	0001.570
+04.2958	+01.7017	0001.571
+04.2930	+01.7020	0001.572
+04.2900	+01.7014	0001.573
+04.2869	+01.7014	0001.574
+04.2836	+01.7014	0001.575
+04.2805	+01.7014	0001.576
+04.2781	+01.7014	0001.577
+04.2750	+01.7014	0001.578
+04.2710	+01.7011	0001.579
+04.2692	+01.7014	0001.580
+04.2659	+01.7011	0001.581
+04.2622	+01.7017	0001.582
+04.2601	+01.7014	0001.583
+04.2564	+01.7014	0001.584
+04.2533	+01.7011	0001.585
+04.2509	+01.7014	0001.586
+04.2485	+01.7014	0001.587
+04.2445	+01.7017	0001.588
+04.2411	+01.7005	0001.589
+04.2384	+01.7011	0001.590
+04.2363	+01.7014	0001.591
+04.2326	+01.7014	0001.592
+04.2295	+01.7008	0001.593
+04.2265	+01.7011	0001.594
+04.2231	+01.7011	0001.595
+04.2213	+01.7008	0001.596
+04.2179	+01.7008	0001.597
+04.2140	+01.7011	0001.598
+04.2115	+01.7008	0001.599
+04.2082	+01.7002	0001.600
+04.2054	+01.7011	0001.601
+04.2027	+01.7008	0001.602
+04.1999	+01.7014	0001.603
+04.1969	+01.7014	0001.604
+04.1941	+01.7014	0001.605
+04.1902	+01.7008	0001.606
+04.1874	+01.7011	0001.607
+04.1850	+01.7005	0001.608
+04.1819	+01.7008	0001.609
+04.1792	+01.7014	0001.610
+04.1758	+01.7005	0001.611
+04.1725	+01.7008	0001.612
+04.1694	+01.7005	0001.613
+04.1667	+01.7002	0001.614
+04.1639	+01.7008	0001.615
+04.1600	+01.7002	0001.616
+04.1572	+01.7014	0001.617
+04.1545	+01.7002	0001.618
+04.1511	+01.7005	0001.619
+04.1490	+01.7005	0001.620
+04.1456	+01.7008	0001.621
+04.1426	+01.6996	0001.622
+04.1398	+01.6996	0001.623
+04.1362	+01.7002	0001.624
+04.1337	+01.7005	0001.625
+04.1310	+01.7002	0001.626
+04.1282	+01.7008	0001.627
+04.1240	+01.6996	0001.628
+04.1212	+01.6996	0001.629
+04.1185	+01.6996	0001.630
+04.1160	+01.7005	0001.631
+04.1124	+01.6996	0001.632
+04.1096	+01.6999	0001.633
+04.1069	+01.6996	0001.634
+04.1035	+01.6999	0001.635
+04.1005	+01.6999	0001.636
+04.0974	+01.7002	0001.637
+04.0950	+01.6999	0001.638
+04.0916	+01.6996	0001.639
+04.0889	+01.6993	0001.640
+04.0849	+01.6993	0001.641
+04.0828	+01.6999	0001.642
+04.0803	+01.6993	0001.643
+04.0770	+01.6993	0001.644
+04.0736	+01.6993	0001.645
+04.0712	+01.6996	0001.646
+04.0678	+01.6996	0001.647
+04.0641	+01.6996	0001.648
+04.0620	+01.6996	0001.649
+04.0586	+01.6993	0001.650
+04.0556	+01.6986	0001.651
+04.0519	+01.6993	0001.652
+04.0492	+01.6993	0001.653
+04.0461	+01.6990	0001.654
+04.0434	+01.6993	0001.655
+04.0406	+01.6996	0001.656
+04.0373	+01.6986	0001.657
+04.0339	+01.6996	0001.658
+04.0312	+01.6986	0001.659
+04.0284	+01.6990	0001.660
+04.0251	+01.6993	0001.661
+04.0236	+01.6990	0001.662
+04.0193	+01.6986	0001.663
+04.0165	+01.6990	0001.664
+04.0126	+01.6983	0001.665
+04.0104	+01.6986	0001.666
+04.0071	+01.6983	0001.667
+04.0043	+01.6990	0001.668
+04.0016	+01.6983	0001.669
+03.9979	+01.6986	0001.670
+03.9952	+01.6990	0001.671
+03.9918	+01.6990	0001.672
+03.9891	+01.6983	0001.673
+03.9860	+01.6986	0001.674
+03.9830	+01.6983	0001.675
+03.9799	+01.6980	0001.676
+03.9769	+01.6980	0001.677
+03.9735	+01.6974	0001.678
+03.9717	+01.6990	0001.679
+03.9683	+01.6980	0001.680
+03.9650	+01.6983	0001.681
+03.9619	+01.6974	0001.682
+03.9589	+01.6983	0001.683
+03.9558	+01.6974	0001.684
+03.9537	+01.6974	0001.685
+03.9494	+01.6980	0001.686
+03.9470	+01.6977	0001.687
+03.9439	+01.6974	0001.688
+03.9408	+01.6980	0001.689
+03.9387	+01.6974	0001.690
+03.9347	+01.6971	0001.691
+03.9323	+01.6971	0001.692
+03.9293	+01.6977	0001.693
+03.9262	+01.6971	0001.694
+03.9222	+01.6977	0001.695
+03.9195	+01.6974	0001.696
+03.9167	+01.6974	0001.697
+03.9146	+01.6971	0001.698
+03.9109	+01.6971	0001.699
+03.9088	+01.6977	0001.700
+03.9051	+01.6968	0001.701
+03.9024	+01.6971	0001.702
+03.8990	+01.6974	0001.703
+03.8963	+01.6968	0001.704
+03.8926	+01.6971	0001.705
+03.8899	+01.6965	0001.706
+03.8871	+01.6968	0001.707
+03.8844	+01.6971	0001.708
+03.8807	+01.6965	0001.709
+03.8783	+01.6971	0001.710
+03.8758	+01.6974	0001.711
+03.8725	+01.6965	0001.712
+03.8691	+01.6974	0001.713
+03.8673	+01.6971	0001.714
+03.8633	+01.6971	0001.715
+03.8597	+01.6959	0001.716
+03.8572	+01.6968	0001.717
+03.8548	+01.6962	0001.718
+03.8514	+01.6965	0001.719
+03.8487	+01.6959	0001.720
+03.8450	+01.6959	0001.721
+03.8411	+01.6959	0001.722
+03.8392	+01.6959	0001.723
+03.8350	+01.6965	0001.724
+03.8334	+01.6962	0001.725
+03.8298	+01.6965	0001.726
+03.8276	+01.6959	0001.727
+03.8240	+01.6965	0001.728
+03.8212	+01.6959	0001.729
+03.8176	+01.6959	0001.730
+03.8154	+01.6962	0001.731
+03.8124	+01.6956	0001.732
+03.8090	+01.6956	0001.733
+03.8057	+01.6953	0001.734
+03.8029	+01.6953	0001.735
+03.7999	+01.6956	0001.736
+03.7965	+01.6950	0001.737
+03.7941	+01.6956	0001.738
+03.7907	+01.6956	0001.739
+03.7880	+01.6962	0001.740
+03.7855	+01.6956	0001.741
+03.7819	+01.6953	0001.742
+03.7788	+01.6956	0001.743
+03.7757	+01.6953	0001.744
+03.7727	+01.6953	0001.745
+03.7703	+01.6950	0001.746
+03.7669	+01.6947	0001.747
+03.7635	+01.6947	0001.748
+03.7614	+01.6950	0001.749
+03.7577	+01.6947	0001.750
+03.7553	+01.6947	0001.751
+03.7523	+01.6950	0001.752
+03.7480	+01.6944	0001.753
+03.7458	+01.6941	0001.754
+03.7425	+01.6944	0001.755
+03.7397	+01.6941	0001.756
+03.7373	+01.6944	0001.757
+03.7339	+01.6944	0001.758
+03.7306	+01.6938	0001.759
+03.7284	+01.6944	0001.760
+03.7248	+01.6941	0001.761
+03.7220	+01.6941	0001.762
+03.7190	+01.6947	0001.763
+03.7165	+01.6941	0001.764
+03.7129	+01.6944	0001.765
+03.7095	+01.6941	0001.766
+03.7068	+01.6944	0001.767
+03.7037	+01.6941	0001.768
+03.7019	+01.6938	0001.769
+03.6976	+01.6935	0001.770
+03.6955	+01.6941	0001.771
+03.6924	+01.6935	0001.772
+03.6888	+01.6938	0001.773
+03.6860	+01.6932	0001.774
+03.6821	+01.6928	0001.775
+03.6799	+01.6928	0001.776
+03.6772	+01.6938	0001.777
+03.6732	+01.6935	0001.778
+03.6708	+01.6928	0001.779
+03.6677	+01.6935	0001.780
+03.6650	+01.6928	0001.781
+03.6622	+01.6935	0001.782
+03.6586	+01.6925	0001.783
+03.6558	+01.6928	0001.784
+03.6528	+01.6925	0001.785
+03.6500	+01.6925	0001.786
+03.6470	+01.6935	0001.787
+03.6433	+01.6928	0001.788
+03.6409	+01.6922	0001.789
+03.6378	+01.6928	0001.790
+03.6348	+01.6932	0001.791
+03.6326	+01.6925	0001.792
+03.6296	+01.6922	0001.793
+03.6256	+01.6928	0001.794
+03.6226	+01.6922	0001.795
+03.6198	+01.6925	0001.796
+03.6168	+01.6922	0001.797
+03.6140	+01.6925	0001.798
+03.6110	+01.6928	0001.799
+03.6082	+01.6916	0001.800
+03.6039	+01.6922	0001.801
+03.6012	+01.6916	0001.802
+03.5991	+01.6916	0001.803
+03.5957	+01.6916	0001.804
+03.5929	+01.6922	0001.805
+03.5893	+01.6916	0001.806
+03.5865	+01.6919	0001.807
+03.5832	+01.6916	0001.808
+03.5807	+01.6916	0001.809
+03.5783	+01.6913	0001.810
+03.5743	+01.6916	0001.811
+03.5710	+01.6913	0001.812
+03.5685	+01.6913	0001.813
+03.5655	+01.6910	0001.814
+03.5630	+01.6913	0001.815
+03.5600	+01.6913	0001.816
+03.5566	+01.6913	0001.817
+03.5536	+01.6910	0001.818
+03.5514	+01.6910	0001.819
+03.5475	+01.6910	0001.820
+03.5444	+01.6907	0001.821
+03.5420	+01.6910	0001.822
+03.5386	+01.6913	0001.823
+03.5356	+01.6910	0001.824
+03.5328	+01.6907	0001.825
+03.5298	+01.6907	0001.826
+03.5273	+01.6901	0001.827
+03.5237	+01.6904	0001.828
+03.5212	+01.6898	0001.829
+03.5176	+01.6904	0001.830
+03.5154	+01.6907	0001.831
+03.5121	+01.6895	0001.832
+03.5084	+01.6901	0001.833
+03.5057	+01.6898	0001.834
+03.5026	+01.6898	0001.835
+03.4996	+01.6895	0001.836
+03.4965	+01.6895	0001.837
+03.4938	+01.6892	0001.838
+03.4907	+01.6892	0001.839
+03.4883	+01.6901	0001.840
+03.4843	+01.6898	0001.841
+03.4816	+01.6898	0001.842
+03.4785	+01.6895	0001.843
+03.4761	+01.6895	0001.844
+03.4727	+01.6892	0001.845
+03.4697	+01.6892	0001.846
+03.4669	+01.6892	0001.847
+03.4642	+01.6892	0001.848
+03.4599	+01.6892	0001.849
+03.4584	+01.6895	0001.850
+03.4550	+01.6892	0001.851
+03.4513	+01.6889	0001.852
+03.4483	+01.6883	0001.853
+03.4455	+01.6883	0001.854
+03.4431	+01.6895	0001.855
+03.4401	+01.6883	0001.856
+03.4361	+01.6880	0001.857
+03.4343	+01.6883	0001.858
+03.4303	+01.6886	0001.859
+03.4272	+01.6886	0001.860
+03.4245	+01.6883	0001.861
+03.4227	+01.6883	0001.862
+03.4184	+01.6877	0001.863
+03.4156	+01.6886	0001.864
+03.4129	+01.6880	0001.865
+03.4086	+01.6874	0001.866
+03.4065	+01.6883	0001.867
+03.4040	+01.6880	0001.868
+03.4004	+01.6877	0001.869
+03.3970	+01.6877	0001.870
+03.3943	+01.6874	0001.871
+03.3912	+01.6880	0001.872
+03.3879	+01.6874	0001.873
+03.3851	+01.6874	0001.874
+03.3824	+01.6877	0001.875
+03.3787	+01.6870	0001.876
+03.3760	+01.6877	0001.877
+03.3729	+01.6874	0001.878
+03.3705	+01.6877	0001.879
+03.3677	+01.6870	0001.880
+03.3641	+01.6870	0001.881
+03.3613	+01.6870	0001.882
+03.3580	+01.6861	0001.883
+03.3549	+01.6867	0001.884
+03.3525	+01.6870	0001.885
+03.3491	+01.6874	0001.886
+03.3467	+01.6867	0001.887
+03.3439	+01.6861	0001.888
+03.3403	+01.6861	0001.889
+03.3369	+01.6867	0001.890
+03.3348	+01.6861	0001.891
+03.3308	+01.6861	0001.892
+03.3284	+01.6864	0001.893
+03.3256	+01.6858	0001.894
+03.3226	+01.6858	0001.895
+03.3189	+01.6864	0001.896
+03.3165	+01.6855	0001.897
+03.3131	+01.6858	0001.898
+03.3107	+01.6864	0001.899
+03.3073	+01.6855	0001.900
+03.3043	+01.6861	0001.901
+03.3018	+01.6852	0001.902
+03.2985	+01.6855	0001.903
+03.2954	+01.6858	0001.904
+03.2927	+01.6852	0001.905
+03.2890	+01.6852	0001.906
+03.2859	+01.6846	0001.907
+03.2832	+01.6855	0001.908
+03.2808	+01.6849	0001.909
+03.2786	+01.6852	0001.910
+03.2740	+01.6852	0001.911
+03.2713	+01.6852	0001.912
+03.2682	+01.6849	0001.913
+03.2652	+01.6849	0001.914
+03.2627	+01.6849	0001.915
+03.2597	+01.6846	0001.916
+03.2566	+01.6843	0001.917
+03.2536	+01.6846	0001.918
+03.2499	+01.6846	0001.919
+03.2475	+01.6840	0001.920
+03.2444	+01.6840	0001.921
+03.2414	+01.6840	0001.922
+03.2383	+01.6837	0001.923
+03.2350	+01.6843	0001.924
+03.2322	+01.6840	0001.925
+03.2289	+01.6837	0001.926
+03.2264	+01.6843	0001.927
+03.2234	+01.6840	0001.928
+03.2203	+01.6843	0001.929
+03.2176	+01.6837	0001.930
+03.2136	+01.6840	0001.931
+03.2112	+01.6834	0001.932
+03.2084	+01.6831	0001.933
+03.2054	+01.6831	0001.934
+03.2020	+01.6831	0001.935
+03.1993	+01.6831	0001.936
+03.1965	+01.6831	0001.937
+03.1932	+01.6834	0001.938
+03.1901	+01.6825	0001.939
+03.1871	+01.6825	0001.940
+03.1837	+01.6828	0001.941
+03.1813	+01.6831	0001.942
+03.1779	+01.6825	0001.943
+03.1755	+01.6828	0001.944
+03.1724	+01.6825	0001.945
+03.1691	+01.6825	0001.946
+03.1666	+01.6822	0001.947
+03.1639	+01.6819	0001.948
+03.1605	+01.6822	0001.949
+03.1572	+01.6816	0001.950
+03.1541	+01.6825	0001.951
+03.1511	+01.6828	0001.952
+03.1480	+01.6819	0001.953
+03.1446	+01.6819	0001.954
+03.1419	+01.6822	0001.955
+03.1395	+01.6812	0001.956
+03.1361	+01.6816	0001.957
+03.1334	+01.6816	0001.958
+03.1303	+01.6809	0001.959
+03.1263	+01.6819	0001.960
+03.1248	+01.6816	0001.961
+03.1215	+01.6809	0001.962
+03.1184	+01.6812	0001.963
+03.1150	+01.6812	0001.964
+03.1123	+01.6812	0001.965
+03.1092	+01.6812	0001.966
+03.1062	+01.6803	0001.967
+03.1038	+01.6809	0001.968
+03.1001	+01.6816	0001.969
+03.0967	+01.6803	0001.970
+03.0940	+01.6809	0001.971
+03.0918	+01.6803	0001.972
+03.0876	+01.6800	0001.973
+03.0848	+01.6806	0001.974
+03.0821	+01.6800	0001.975
+03.0787	+01.6803	0001.976
+03.0763	+01.6809	0001.977
+03.0732	+01.6803	0001.978
+03.0696	+01.6806	0001.979
+03.0671	+01.6800	0001.980
+03.0644	+01.6803	0001.981
+03.0607	+01.6800	0001.982
+03.0586	+01.6800	0001.983
+03.0552	+01.6791	0001.984
+03.0516	+01.6794	0001.985
+03.0485	+01.6797	0001.986
+03.0461	+01.6800	0001.987
+03.0427	+01.6794	0001.988
+03.0400	+01.6797	0001.989
+03.0372	+01.6797	0001.990
+03.0339	+01.6788	0001.991
+03.0311	+01.6788	0001.992
+03.0281	+01.6788	0001.993
+03.0253	+01.6785	0001.994
+03.0217	+01.6791	0001.995
+03.0186	+01.6788	0001.996
+03.0162	+01.6782	0001.997
+03.0128	+01.6785	0001.998
+03.0101	+01.6782	0001.999
+03.0067	+01.6782	0002.000
+03.0040	+01.6785	0002.001
+03.0006	+01.6788	0002.002
+02.9979	+01.6782	0002.003
+02.9951	+01.6785	0002.004
+02.9924	+01.6779	0002.005
+02.9887	+01.6782	0002.006
+02.9860	+01.6779	0002.007
+02.9826	+01.6782	0002.008
+02.9799	+01.6779	0002.009
+02.9768	+01.6773	0002.010
+02.9741	+01.6779	0002.011
+02.9704	+01.6770	0002.012
+02.9679	+01.6776	0002.013
+02.9652	+01.6776	0002.014
+02.9618	+01.6773	0002.015
+02.9585	+01.6770	0002.016
+02.9560	+01.6767	0002.017
+02.9536	+01.6773	0002.018
+02.9502	+01.6764	0002.019
+02.9469	+01.6773	0002.020
+02.9444	+01.6776	0002.021
+02.9411	+01.6764	0002.022
+02.9380	+01.6773	0002.023
+02.9353	+01.6764	0002.024
+02.9319	+01.6764	0002.025
+02.9283	+01.6767	0002.026
+02.9261	+01.6761	0002.027
+02.9228	+01.6767	0002.028
+02.9197	+01.6761	0002.029
+02.9173	+01.6758	0002.030
+02.9133	+01.6764	0002.031
+02.9112	+01.6758	0002.032
+02.9087	+01.6764	0002.033
+02.9051	+01.6761	0002.034
+02.9023	+01.6751	0002.035
+02.8987	+01.6755	0002.036
+02.8962	+01.6758	0002.037
+02.8929	+01.6758	0002.038
+02.8895	+01.6755	0002.039
+02.8871	+01.6751	0002.040
+02.8837	+01.6755	0002.041
+02.8810	+01.6755	0002.042
+02.8782	+01.6748	0002.043
+02.8746	+01.6745	0002.044
+02.8721	+01.6748	0002.045
+02.8688	+01.6748	0002.046
+02.8663	+01.6748	0002.047
+02.8624	+01.6745	0002.048
+02.8596	+01.6745	0002.049
+02.8566	+01.6748	0002.050
+02.8538	+01.6739	0002.051
+02.8514	+01.6742	0002.052
+02.8477	+01.6733	0002.053
+02.8453	+01.6751	0002.054
+02.8416	+01.6739	0002.055
+02.8392	+01.6742	0002.056
+02.8361	+01.6733	0002.057
+02.8331	+01.6736	0002.058
+02.8294	+01.6733	0002.059
+02.8273	+01.6733	0002.060
+02.8236	+01.6739	0002.061
+02.8205	+01.6733	0002.062
+02.8178	+01.6736	0002.063
+02.8151	+01.6736	0002.064
+02.8120	+01.6730	0002.065
+02.8093	+01.6733	0002.066
+02.8053	+01.6730	0002.067
+02.8035	+01.6733	0002.068
+02.8001	+01.6727	0002.069
+02.7967	+01.6727	0002.070
+02.7940	+01.6727	0002.071
+02.7906	+01.6727	0002.072
+02.7873	+01.6724	0002.073
+02.7848	+01.6724	0002.074
+02.7821	+01.6724	0002.075
+02.7793	+01.6721	0002.076
+02.7757	+01.6715	0002.077
+02.7720	+01.6721	0002.078
+02.7690	+01.6721	0002.079
+02.7662	+01.6718	0002.080
+02.7635	+01.6718	0002.081
+02.7607	+01.6718	0002.082
+02.7577	+01.6718	0002.083
+02.7543	+01.6715	0002.084
+02.7522	+01.6721	0002.085
+02.7485	+01.6718	0002.086
+02.7458	+01.6709	0002.087
+02.7427	+01.6712	0002.088
+02.7394	+01.6712	0002.089
+02.7369	+01.6715	0002.090
+02.7336	+01.6706	0002.091
+02.7302	+01.6709	0002.092
+02.7275	+01.6703	0002.093
+02.7247	+01.6709	0002.094
+02.7220	+01.6706	0002.095
+02.7183	+01.6706	0002.096
+02.7147	+01.6706	0002.097
+02.7131	+01.6709	0002.098
+02.7098	+01.6697	0002.099
+02.7061	+01.6700	0002.100
+02.7040	+01.6706	0002.101
+02.7003	+01.6706	0002.102
+02.6976	+01.6697	0002.103
+02.6945	+01.6700	0002.104
+02.6915	+01.6697	0002.105
+02.6881	+01.6693	0002.106
+02.6860	+01.6690	0002.107
+02.6820	+01.6700	0002.108
+02.6793	+01.6693	0002.109
+02.6765	+01.6693	0002.110
+02.6735	+01.6697	0002.111
+02.6707	+01.6690	0002.112
+02.6667	+01.6687	0002.113
+02.6643	+01.6693	0002.114
+02.6616	+01.6681	0002.115
+02.6588	+01.6690	0002.116
+02.6551	+01.6690	0002.117
+02.6521	+01.6687	0002.118
+02.6500	+01.6684	0002.119
+02.6463	+01.6681	0002.120
+02.6439	+01.6675	0002.121
+02.6411	+01.6678	0002.122
+02.6374	+01.6678	0002.123
+02.6341	+01.6678	0002.124
+02.6316	+01.6681	0002.125
+02.6286	+01.6678	0002.126
+02.6255	+01.6672	0002.127
+02.6228	+01.6678	0002.128
+02.6188	+01.6678	0002.129
+02.6167	+01.6675	0002.130
+02.6127	+01.6669	0002.131
+02.6103	+01.6666	0002.132
+02.6075	+01.6666	0002.133
+02.6045	+01.6666	0002.134
+02.6017	+01.6666	0002.135
+02.5981	+01.6672	0002.136
+02.5956	+01.6666	0002.137
+02.5923	+01.6669	0002.138
+02.5898	+01.6669	0002.139
+02.5868	+01.6669	0002.140
+02.5837	+01.6660	0002.141
+02.5801	+01.6660	0002.142
+02.5773	+01.6660	0002.143
+02.5746	+01.6660	0002.144
+02.5718	+01.6657	0002.145
+02.5691	+01.6660	0002.146
+02.5657	+01.6660	0002.147
+02.5627	+01.6657	0002.148
+02.5590	+01.6657	0002.149
+02.5563	+01.6657	0002.150
+02.5535	+01.6654	0002.151
+02.5505	+01.6654	0002.152
+02.5474	+01.6648	0002.153
+02.5444	+01.6654	0002.154
+02.5413	+01.6654	0002.155
+02.5380	+01.6648	0002.156
+02.5358	+01.6642	0002.157
+02.5322	+01.6654	0002.158
+02.5297	+01.6651	0002.159
+02.5264	+01.6651	0002.160
+02.5227	+01.6648	0002.161
+02.5206	+01.6642	0002.162
+02.5175	+01.6642	0002.163
+02.5142	+01.6645	0002.164
+02.5111	+01.6642	0002.165
+02.5087	+01.6642	0002.166
+02.5050	+01.6642	0002.167
+02.5023	+01.6635	0002.168
+02.4989	+01.6632	0002.169
+02.4958	+01.6642	0002.170
+02.4937	+01.6635	0002.171
+02.4903	+01.6639	0002.172
+02.4876	+01.6629	0002.173
+02.4839	+01.6635	0002.174
+02.4812	+01.6626	0002.175
+02.4781	+01.6629	0002.176
+02.4751	+01.6632	0002.177
+02.4723	+01.6626	0002.178
+02.4687	+01.6626	0002.179
+02.4656	+01.6620	0002.180
+02.4635	+01.6629	0002.181
+02.4604	+01.6623	0002.182
+02.4571	+01.6620	0002.183
+02.4537	+01.6623	0002.184
+02.4510	+01.6626	0002.185
+02.4479	+01.6614	0002.186
+02.4452	+01.6617	0002.187
+02.4424	+01.6617	0002.188
+02.4391	+01.6617	0002.189
+02.4363	+01.6608	0002.190
+02.4330	+01.6614	0002.191
+02.4299	+01.6614	0002.192
+02.4272	+01.6611	0002.193
+02.4238	+01.6608	0002.194
+02.4211	+01.6611	0002.195
+02.4180	+01.6611	0002.196
+02.4153	+01.6617	0002.197
+02.4128	+01.6608	0002.198
+02.4095	+01.6602	0002.199
+02.4064	+01.6599	0002.200
+02.4031	+01.6608	0002.201
+02.3991	+01.6599	0002.202
+02.3973	+01.6602	0002.203
+02.3942	+01.6602	0002.204
+02.3915	+01.6596	0002.205
+02.3887	+01.6602	0002.206
+02.3854	+01.6602	0002.207
+02.3823	+01.6590	0002.208
+02.3787	+01.6602	0002.209
+02.3765	+01.6593	0002.210
+02.3732	+01.6590	0002.211
+02.3698	+01.6599	0002.212
+02.3668	+01.6593	0002.213
+02.3637	+01.6590	0002.214
+02.3610	+01.6593	0002.215
+02.3582	+01.6593	0002.216
+02.3552	+01.6590	0002.217
+02.3521	+01.6587	0002.218
+02.3494	+01.6584	0002.219
+02.3457	+01.6581	0002.220
+02.3433	+01.6584	0002.221
+02.3405	+01.6584	0002.222
+02.3371	+01.6581	0002.223
+02.3335	+01.6578	0002.224
+02.3314	+01.6584	0002.225
+02.3274	+01.6584	0002.226
+02.3249	+01.6574	0002.227
+02.3225	+01.6581	0002.228
+02.3191	+01.6574	0002.229
+02.3164	+01.6574	0002.230
+02.3130	+01.6578	0002.231
+02.3097	+01.6574	0002.232
+02.3072	+01.6568	0002.233
+02.3042	+01.6568	0002.234
+02.3011	+01.6571	0002.235
+02.2981	+01.6568	0002.236
+02.2950	+01.6565	0002.237
+02.2917	+01.6562	0002.238
+02.2889	+01.6568	0002.239
+02.2862	+01.6562	0002.240
+02.2831	+01.6568	0002.241
+02.2801	+01.6559	0002.242
+02.2776	+01.6556	0002.243
+02.2737	+01.6562	0002.244
+02.2700	+01.6562	0002.245
+02.2679	+01.6556	0002.246
+02.2651	+01.6562	0002.247
+02.2618	+01.6556	0002.248
+02.2590	+01.6550	0002.249
+02.2557	+01.6550	0002.250
+02.2529	+01.6556	0002.251
+02.2502	+01.6553	0002.252
+02.2468	+01.6553	0002.253
+02.2438	+01.6550	0002.254
+02.2410	+01.6547	0002.255
+02.2383	+01.6550	0002.256
+02.2349	+01.6544	0002.257
+02.2322	+01.6541	0002.258
+02.2291	+01.6541	0002.259
+02.2258	+01.6544	0002.260
+02.2227	+01.6538	0002.261
+02.2197	+01.6541	0002.262
+02.2169	+01.6538	0002.263
+02.2139	+01.6544	0002.264
+02.2111	+01.6535	0002.265
+02.2078	+01.6535	0002.266
+02.2047	+01.6535	0002.267
+02.2020	+01.6532	0002.268
+02.1989	+01.6529	0002.269
+02.1962	+01.6535	0002.270
+02.1928	+01.6529	0002.271
+02.1898	+01.6529	0002.272
+02.1864	+01.6529	0002.273
+02.1836	+01.6526	0002.274
+02.1806	+01.6523	0002.275
+02.1782	+01.6526	0002.276
+02.1751	+01.6520	0002.277
+02.1714	+01.6526	0002.278
+02.1687	+01.6523	0002.279
+02.1656	+01.6520	0002.280
+02.1629	+01.6516	0002.281
+02.1598	+01.6516	0002.282
+02.1571	+01.6516	0002.283
+02.1543	+01.6516	0002.284
+02.1504	+01.6516	0002.285
+02.1473	+01.6516	0002.286
+02.1446	+01.6507	0002.287
+02.1418	+01.6513	0002.288
+02.1388	+01.6513	0002.289
+02.1363	+01.6510	0002.290
+02.1327	+01.6504	0002.291
+02.1296	+01.6510	0002.292
+02.1272	+01.6507	0002.293
+02.1238	+01.6498	0002.294
+02.1205	+01.6507	0002.295
+02.1180	+01.6501	0002.296
+02.1144	+01.6498	0002.297
+02.1110	+01.6498	0002.298
+02.1086	+01.6492	0002.299
+02.1061	+01.6498	0002.300
+02.1028	+01.6495	0002.301
+02.0997	+01.6495	0002.302
+02.0964	+01.6489	0002.303
+02.0936	+01.6495	0002.304
+02.0909	+01.6492	0002.305
+02.0875	+01.6489	0002.306
+02.0845	+01.6486	0002.307
+02.0817	+01.6489	0002.308
+02.0790	+01.6492	0002.309
+02.0756	+01.6483	0002.310
+02.0729	+01.6483	0002.311
+02.0704	+01.6483	0002.312
+02.0665	+01.6483	0002.313
+02.0634	+01.6480	0002.314
+02.0607	+01.6480	0002.315
+02.0576	+01.6483	0002.316
+02.0546	+01.6477	0002.317
+02.0518	+01.6483	0002.318
+02.0485	+01.6468	0002.319
+02.0457	+01.6474	0002.320
+02.0427	+01.6474	0002.321
+02.0399	+01.6474	0002.322
+02.0366	+01.6468	0002.323
+02.0332	+01.6468	0002.324
+02.0311	+01.6468	0002.325
+02.0277	+01.6468	0002.326
+02.0243	+01.6462	0002.327
+02.0219	+01.6471	0002.328
+02.0185	+01.6465	0002.329
+02.0155	+01.6462	0002.330
+02.0127	+01.6458	0002.331
+02.0091	+01.6462	0002.332
+02.0066	+01.6465	0002.333
+02.0036	+01.6455	0002.334
+02.0005	+01.6458	0002.335
+01.9978	+01.6458	0002.336
+01.9947	+01.6455	0002.337
+01.9917	+01.6452	0002.338
+01.9889	+01.6449	0002.339
+01.9853	+01.6452	0002.340
+01.9825	+01.6452	0002.341
+01.9798	+01.6443	0002.342
+01.9761	+01.6446	0002.343
+01.9740	+01.6443	0002.344
+01.9703	+01.6443	0002.345
+01.9676	+01.6437	0002.346
+01.9651	+01.6440	0002.347
+01.9615	+01.6437	0002.348
+01.9587	+01.6434	0002.349
+01.9557	+01.6440	0002.350
+01.9526	+01.6434	0002.351
+01.9496	+01.6428	0002.352
+01.9465	+01.6434	0002.353
+01.9435	+01.6434	0002.354
+01.9407	+01.6428	0002.355
+01.9371	+01.6434	0002.356
+01.9346	+01.6428	0002.357
+01.9316	+01.6428	0002.358
+01.9291	+01.6428	0002.359
+01.9255	+01.6425	0002.360
+01.9227	+01.6422	0002.361
+01.9197	+01.6419	0002.362
+01.9160	+01.6422	0002.363
+01.9142	+01.6422	0002.364
+01.9105	+01.6413	0002.365
+01.9075	+01.6416	0002.366
+01.9044	+01.6413	0002.367
+01.9017	+01.6410	0002.368
+01.8986	+01.6419	0002.369
+01.8962	+01.6410	0002.370
+01.8928	+01.6410	0002.371
+01.8895	+01.6407	0002.372
+01.8861	+01.6404	0002.373
+01.8837	+01.6404	0002.374
+01.8800	+01.6407	0002.375
+01.8779	+01.6404	0002.376
+01.8745	+01.6401	0002.377
+01.8715	+01.6404	0002.378
+01.8687	+01.6401	0002.379
+01.8650	+01.6401	0002.380
+01.8626	+01.6397	0002.381
+01.8602	+01.6394	0002.382
+01.8565	+01.6385	0002.383
+01.8534	+01.6388	0002.384
+01.8504	+01.6391	0002.385
+01.8473	+01.6391	0002.386
+01.8446	+01.6394	0002.387
+01.8422	+01.6391	0002.388
+01.8388	+01.6388	0002.389
+01.8357	+01.6376	0002.390
+01.8324	+01.6382	0002.391
+01.8293	+01.6382	0002.392
+01.8266	+01.6379	0002.393
+01.8238	+01.6379	0002.394
+01.8208	+01.6373	0002.395
+01.8171	+01.6379	0002.396
+01.8147	+01.6379	0002.397
+01.8113	+01.6379	0002.398
+01.8089	+01.6376	0002.399
+01.8052	+01.6370	0002.400
+01.8025	+01.6370	0002.401
+01.7994	+01.6373	0002.402
+01.7964	+01.6367	0002.403
+01.7930	+01.6364	0002.404
+01.7903	+01.6361	0002.405
+01.7875	+01.6358	0002.406
+01.7845	+01.6361	0002.407
+01.7811	+01.6358	0002.408
+01.7781	+01.6358	0002.409
+01.7750	+01.6361	0002.410
+01.7726	+01.6361	0002.411
+01.7692	+01.6352	0002.412
+01.7662	+01.6352	0002.413
+01.7634	+01.6346	0002.414
+01.7601	+01.6349	0002.415
+01.7573	+01.6349	0002.416
+01.7546	+01.6355	0002.417
+01.7521	+01.6346	0002.418
+01.7485	+01.6339	0002.419
+01.7451	+01.6346	0002.420
+01.7424	+01.6346	0002.421
+01.7393	+01.6339	0002.422
+01.7366	+01.6336	0002.423
+01.7329	+01.6343	0002.424
+01.7308	+01.6333	0002.425
+01.7274	+01.6333	0002.426
+01.7244	+01.6333	0002.427
+01.7213	+01.6330	0002.428
+01.7189	+01.6330	0002.429
+01.7152	+01.6333	0002.430
+01.7125	+01.6327	0002.431
+01.7097	+01.6327	0002.432
+01.7064	+01.6318	0002.433
+01.7027	+01.6318	0002.434
+01.7006	+01.6330	0002.435
+01.6972	+01.6321	0002.436
+01.6948	+01.6324	0002.437
+01.6911	+01.6318	0002.438
+01.6887	+01.6321	0002.439
+01.6856	+01.6315	0002.440
+01.6825	+01.6315	0002.441
+01.6798	+01.6318	0002.442
+01.6767	+01.6315	0002.443
+01.6734	+01.6306	0002.444
+01.6703	+01.6306	0002.445
+01.6673	+01.6306	0002.446
+01.6639	+01.6303	0002.447
+01.6615	+01.6303	0002.448
+01.6587	+01.6306	0002.449
+01.6548	+01.6306	0002.450
+01.6520	+01.6297	0002.451
+01.6496	+01.6300	0002.452
+01.6459	+01.6294	0002.453
+01.6432	+01.6297	0002.454
+01.6401	+01.6294	0002.455
+01.6377	+01.6288	0002.456
+01.6346	+01.6288	0002.457
+01.6316	+01.6288	0002.458
+01.6282	+01.6288	0002.459
+01.6252	+01.6281	0002.460
+01.6221	+01.6285	0002.461
+01.6194	+01.6285	0002.462
+01.6160	+01.6275	0002.463
+01.6133	+01.6275	0002.464
+01.6105	+01.6281	0002.465
+01.6072	+01.6281	0002.466
+01.6044	+01.6275	0002.467
+01.6008	+01.6275	0002.468
+01.5980	+01.6266	0002.469
+01.5953	+01.6272	0002.470
+01.5922	+01.6269	0002.471
+01.5892	+01.6266	0002.472
+01.5867	+01.6263	0002.473
+01.5831	+01.6266	0002.474
+01.5794	+01.6263	0002.475
+01.5773	+01.6266	0002.476
+01.5742	+01.6257	0002.477
+01.5715	+01.6251	0002.478
+01.5678	+01.6254	0002.479
+01.5648	+01.6251	0002.480
+01.5617	+01.6257	0002.481
+01.5593	+01.6248	0002.482
+01.5559	+01.6248	0002.483
+01.5532	+01.6251	0002.484
+01.5498	+01.6251	0002.485
+01.5464	+01.6245	0002.486
+01.5437	+01.6248	0002.487
+01.5409	+01.6242	0002.488
+01.5379	+01.6242	0002.489
+01.5351	+01.6245	0002.490
+01.5321	+01.6242	0002.491
+01.5290	+01.6239	0002.492
+01.5254	+01.6236	0002.493
+01.5236	+01.6230	0002.494
+01.5205	+01.6227	0002.495
+01.5165	+01.6236	0002.496
+01.5138	+01.6230	0002.497
+01.5107	+01.6230	0002.498
+01.5074	+01.6224	0002.499
+01.5049	+01.6224	0002.500
+01.5022	+01.6220	0002.501
+01.4991	+01.6220	0002.502
+01.4961	+01.6220	0002.503
+01.4930	+01.6224	0002.504
+01.4903	+01.6214	0002.505
+01.4869	+01.6217	0002.506
+01.4839	+01.6214	0002.507
+01.4811	+01.6208	0002.508
+01.4778	+01.6208	0002.509
+01.4747	+01.6208	0002.510
+01.4720	+01.6202	0002.511
+01.4695	+01.6202	0002.512
+01.4659	+01.6205	0002.513
+01.4628	+01.6199	0002.514
+01.4598	+01.6199	0002.515
+01.4570	+01.6199	0002.516
+01.4543	+01.6199	0002.517
+01.4512	+01.6196	0002.518
+01.4479	+01.6196	0002.519
+01.4451	+01.6190	0002.520
+01.4421	+01.6184	0002.521
+01.4387	+01.6187	0002.522
+01.4360	+01.6187	0002.523
+01.4332	+01.6184	0002.524
+01.4302	+01.6181	0002.525
+01.4268	+01.6181	0002.526
+01.4238	+01.6181	0002.527
+01.4204	+01.6178	0002.528
+01.4177	+01.6178	0002.529
+01.4146	+01.6172	0002.530
+01.4119	+01.6172	0002.531
+01.4091	+01.6175	0002.532
+01.4058	+01.6178	0002.533
+01.4027	+01.6169	0002.534
+01.4006	+01.6162	0002.535
+01.3972	+01.6162	0002.536
+01.3939	+01.6159	0002.537
+01.3908	+01.6159	0002.538
+01.3877	+01.6162	0002.539
+01.3844	+01.6159	0002.540
+01.3819	+01.6153	0002.541
+01.3789	+01.6147	0002.542
+01.3755	+01.6156	0002.543
+01.3731	+01.6147	0002.544
+01.3697	+01.6147	0002.545
+01.3667	+01.6150	0002.546
+01.3639	+01.6141	0002.547
+01.3615	+01.6147	0002.548
+01.3581	+01.6138	0002.549
+01.3551	+01.6138	0002.550
+01.3520	+01.6138	0002.551
+01.3484	+01.6135	0002.552
+01.3456	+01.6132	0002.553
+01.3432	+01.6135	0002.554
+01.3401	+01.6132	0002.555
+01.3368	+01.6126	0002.556
+01.3340	+01.6126	0002.557
+01.3307	+01.6123	0002.558
+01.3273	+01.6129	0002.559
+01.3252	+01.6123	0002.560
+01.3218	+01.6123	0002.561
+01.3188	+01.6114	0002.562
+01.3154	+01.6117	0002.563
+01.3124	+01.6111	0002.564
+01.3099	+01.6111	0002.565
+01.3069	+01.6111	0002.566
+01.3035	+01.6111	0002.567
+01.3005	+01.6114	0002.568
+01.2977	+01.6111	0002.569
+01.2950	+01.6108	0002.570
+01.2916	+01.6101	0002.571
+01.2892	+01.6098	0002.572
+01.2855	+01.6098	0002.573
+01.2828	+01.6098	0002.574
+01.2797	+01.6095	0002.575
+01.2767	+01.6086	0002.576
+01.2739	+01.6092	0002.577
+01.2709	+01.6089	0002.578
+01.2681	+01.6086	0002.579
+01.2645	+01.6089	0002.580
+01.2617	+01.6083	0002.581
+01.2593	+01.6077	0002.582
+01.2562	+01.6080	0002.583
+01.2526	+01.6080	0002.584
+01.2501	+01.6077	0002.585
+01.2468	+01.6068	0002.586
+01.2431	+01.6071	0002.587
+01.2410	+01.6071	0002.588
+01.2376	+01.6065	0002.589
+01.2345	+01.6062	0002.590
+01.2318	+01.6065	0002.591
+01.2281	+01.6059	0002.592
+01.2254	+01.6059	0002.593
+01.2230	+01.6065	0002.594
+01.2193	+01.6056	0002.595
+01.2168	+01.6059	0002.596
+01.2138	+01.6050	0002.597
+01.2101	+01.6053	0002.598
+01.2080	+01.6043	0002.599
+01.2043	+01.6047	0002.600
+01.2016	+01.6043	0002.601
+01.1988	+01.6047	0002.602
+01.1955	+01.6034	0002.603
+01.1927	+01.6031	0002.604
+01.1897	+01.6037	0002.605
+01.1866	+01.6028	0002.606
+01.1836	+01.6028	0002.607
+01.1802	+01.6031	0002.608
+01.1775	+01.6025	0002.609
+01.1747	+01.6025	0002.610
+01.1711	+01.6019	0002.611
+01.1689	+01.6028	0002.612
+01.1659	+01.6022	0002.613
+01.1625	+01.6016	0002.614
+01.1595	+01.6013	0002.615
+01.1564	+01.6016	0002.616
+01.1531	+01.6007	0002.617
+01.1506	+01.6007	0002.618
+01.1476	+01.6007	0002.619
+01.1448	+01.6013	0002.620
+01.1415	+01.6004	0002.621
+01.1384	+01.6004	0002.622
+01.1354	+01.6001	0002.623
+01.1329	+01.5998	0002.624
+01.1293	+01.5992	0002.625
+01.1265	+01.5992	0002.626
+01.1235	+01.5989	0002.627
+01.1207	+01.5985	0002.628
+01.1177	+01.5985	0002.629
+01.1149	+01.5982	0002.630
+01.1119	+01.5982	0002.631
+01.1082	+01.5973	0002.632
+01.1058	+01.5976	0002.633
+01.1018	+01.5976	0002.634
+01.0994	+01.5973	0002.635
+01.0966	+01.5970	0002.636
+01.0936	+01.5976	0002.637
+01.0905	+01.5967	0002.638
+01.0875	+01.5961	0002.639
+01.0844	+01.5958	0002.640
+01.0814	+01.5958	0002.641
+01.0786	+01.5958	0002.642
+01.0759	+01.5958	0002.643
+01.0722	+01.5952	0002.644
+01.0691	+01.5949	0002.645
+01.0667	+01.5955	0002.646
+01.0637	+01.5943	0002.647
+01.0609	+01.5943	0002.648
+01.0575	+01.5946	0002.649
+01.0539	+01.5943	0002.650
+01.0508	+01.5943	0002.651
+01.0478	+01.5940	0002.652
+01.0460	+01.5931	0002.653
+01.0429	+01.5927	0002.654
+01.0395	+01.5931	0002.655
+01.0365	+01.5927	0002.656
+01.0337	+01.5924	0002.657
+01.0304	+01.5924	0002.658
+01.0279	+01.5915	0002.659
+01.0243	+01.5915	0002.660
+01.0212	+01.5912	0002.661
+01.0185	+01.5909	0002.662
+01.0148	+01.5909	0002.663
+01.0121	+01.5909	0002.664
+01.0096	+01.5906	0002.665
+01.0066	+01.5906	0002.666
+01.0038	+01.5903	0002.667
+01.0005	+01.5897	0002.668
+00.9971	+01.5894	0002.669
+00.9941	+01.5891	0002.670
+00.9913	+01.5894	0002.671
+00.9886	+01.5894	0002.672
+00.9855	+01.5885	0002.673
+00.9822	+01.5888	0002.674
+00.9788	+01.5882	0002.675
+00.9761	+01.5879	0002.676
+00.9736	+01.5882	0002.677
+00.9709	+01.5876	0002.678
+00.9675	+01.5876	0002.679
+00.9642	+01.5873	0002.680
+00.9611	+01.5866	0002.681
+00.9581	+01.5863	0002.682
+00.9553	+01.5866	0002.683
+00.9526	+01.5860	0002.684
+00.9489	+01.5857	0002.685
+00.9465	+01.5857	0002.686
+00.9431	+01.5857	0002.687
+00.9397	+01.5845	0002.688
+00.9373	+01.5851	0002.689
+00.9343	+01.5845	0002.690
+00.9309	+01.5845	0002.691
+00.9285	+01.5839	0002.692
+00.9251	+01.5842	0002.693
+00.9224	+01.5836	0002.694
+00.9193	+01.5827	0002.695
+00.9166	+01.5827	0002.696
+00.9132	+01.5830	0002.697
+00.9101	+01.5824	0002.698
+00.9077	+01.5821	0002.699
+00.9040	+01.5821	0002.700
+00.9016	+01.5818	0002.701
+00.8979	+01.5815	0002.702
+00.8952	+01.5808	0002.703
+00.8924	+01.5812	0002.704
+00.8894	+01.5805	0002.705
+00.8863	+01.5805	0002.706
+00.8833	+01.5796	0002.707
+00.8802	+01.5799	0002.708
+00.8769	+01.5799	0002.709
+00.8741	+01.5796	0002.710
+00.8711	+01.5790	0002.711
+00.8683	+01.5793	0002.712
+00.8653	+01.5787	0002.713
+00.8625	+01.5790	0002.714
+00.8592	+01.5781	0002.715
+00.8555	+01.5778	0002.716
+00.8531	+01.5772	0002.717
+00.8503	+01.5778	0002.718
+00.8473	+01.5775	0002.719
+00.8439	+01.5775	0002.720
+00.8412	+01.5769	0002.721
+00.8378	+01.5763	0002.722
+00.8348	+01.5760	0002.723
+00.8320	+01.5757	0002.724
+00.8293	+01.5754	0002.725
+00.8259	+01.5750	0002.726
+00.8226	+01.5744	0002.727
+00.8201	+01.5747	0002.728
+00.8165	+01.5744	0002.729
+00.8137	+01.5738	0002.730
+00.8110	+01.5738	0002.731
+00.8085	+01.5738	0002.732
+00.8049	+01.5738	0002.733
+00.8021	+01.5726	0002.734
+00.7988	+01.5723	0002.735
+00.7960	+01.5723	0002.736
+00.7933	+01.5723	0002.737
+00.7896	+01.5714	0002.738
+00.7872	+01.5717	0002.739
+00.7835	+01.5708	0002.740
+00.7808	+01.5705	0002.741
+00.7780	+01.5705	0002.742
+00.7753	+01.5702	0002.743
+00.7716	+01.5702	0002.744
+00.7689	+01.5696	0002.745
+00.7661	+01.5696	0002.746
+00.7627	+01.5693	0002.747
+00.7603	+01.5680	0002.748
+00.7573	+01.5680	0002.749
+00.7539	+01.5683	0002.750
+00.7512	+01.5680	0002.751
+00.7475	+01.5671	0002.752
+00.7450	+01.5668	0002.753
+00.7423	+01.5671	0002.754
+00.7392	+01.5665	0002.755
+00.7356	+01.5662	0002.756
+00.7328	+01.5656	0002.757
+00.7298	+01.5659	0002.758
+00.7270	+01.5653	0002.759
+00.7243	+01.5647	0002.760
+00.7209	+01.5647	0002.761
+00.7179	+01.5641	0002.762
+00.7145	+01.5641	0002.763
+00.7121	+01.5641	0002.764
+00.7090	+01.5631	0002.765
+00.7060	+01.5625	0002.766
+00.7029	+01.5622	0002.767
+00.6999	+01.5625	0002.768
+00.6965	+01.5622	0002.769
+00.6938	+01.5619	0002.770
+00.6907	+01.5607	0002.771
+00.6883	+01.5616	0002.772
+00.6849	+01.5604	0002.773
+00.6819	+01.5610	0002.774
+00.6788	+01.5601	0002.775
+00.6761	+01.5598	0002.776
+00.6730	+01.5592	0002.777
+00.6697	+01.5598	0002.778
+00.6672	+01.5589	0002.779
+00.6639	+01.5583	0002.780
+00.6608	+01.5573	0002.781
+00.6575	+01.5580	0002.782
+00.6547	+01.5573	0002.783
+00.6523	+01.5567	0002.784
+00.6486	+01.5567	0002.785
+00.6456	+01.5561	0002.786
+00.6428	+01.5558	0002.787
+00.6401	+01.5555	0002.788
+00.6367	+01.5549	0002.789
+00.6340	+01.5552	0002.790
+00.6306	+01.5546	0002.791
+00.6282	+01.5546	0002.792
+00.6251	+01.5540	0002.793
+00.6215	+01.5540	0002.794
+00.6190	+01.5537	0002.795
+00.6160	+01.5531	0002.796
+00.6132	+01.5528	0002.797
+00.6095	+01.5519	0002.798
+00.6071	+01.5519	0002.799
+00.6034	+01.5512	0002.800
+00.6010	+01.5512	0002.801
+00.5983	+01.5506	0002.802
+00.5949	+01.5503	0002.803
+00.5918	+01.5497	0002.804
+00.5888	+01.5500	0002.805
+00.5854	+01.5497	0002.806
+00.5830	+01.5491	0002.807
+00.5803	+01.5482	0002.808
+00.5769	+01.5482	0002.809
+00.5745	+01.5476	0002.810
+00.5705	+01.5476	0002.811
+00.5674	+01.5467	0002.812
+00.5650	+01.5464	0002.813
+00.5619	+01.5464	0002.814
+00.5586	+01.5454	0002.815
+00.5558	+01.5451	0002.816
+00.5528	+01.5451	0002.817
+00.5500	+01.5439	0002.818
+00.5470	+01.5442	0002.819
+00.5436	+01.5430	0002.820
+00.5403	+01.5436	0002.821
+00.5378	+01.5427	0002.822
+00.5351	+01.5427	0002.823
+00.5317	+01.5424	0002.824
+00.5290	+01.5421	0002.825
+00.5256	+01.5412	0002.826
+00.5226	+01.5406	0002.827
+00.5195	+01.5400	0002.828
+00.5168	+01.5396	0002.829
+00.5140	+01.5390	0002.830
+00.5110	+01.5390	0002.831
+00.5076	+01.5381	0002.832
+00.5046	+01.5384	0002.833
+00.5015	+01.5375	0002.834
+00.4985	+01.5375	0002.835
+00.4957	+01.5369	0002.836
+00.4927	+01.5369	0002.837
+00.4896	+01.5363	0002.838
+00.4866	+01.5360	0002.839
+00.4835	+01.5354	0002.840
+00.4808	+01.5348	0002.841
+00.4774	+01.5348	0002.842
+00.4747	+01.5342	0002.843
+00.4716	+01.5335	0002.844
+00.4686	+01.5326	0002.845
+00.4658	+01.5329	0002.846
+00.4621	+01.5320	0002.847
+00.4594	+01.5317	0002.848
+00.4570	+01.5308	0002.849
+00.4539	+01.5305	0002.850
+00.4506	+01.5299	0002.851
+00.4478	+01.5299	0002.852
+00.4444	+01.5293	0002.853
+00.4417	+01.5287	0002.854
+00.4390	+01.5287	0002.855
+00.4356	+01.5281	0002.856
+00.4329	+01.5274	0002.857
+00.4298	+01.5268	0002.858
+00.4271	+01.5268	0002.859
+00.4240	+01.5256	0002.860
+00.4206	+01.5256	0002.861
+00.4176	+01.5244	0002.862
+00.4142	+01.5244	0002.863
+00.4115	+01.5238	0002.864
+00.4084	+01.5238	0002.865
+00.4057	+01.5229	0002.866
+00.4026	+01.5223	0002.867
+00.3996	+01.5216	0002.868
+00.3965	+01.5213	0002.869
+00.3938	+01.5207	0002.870
+00.3907	+01.5204	0002.871
+00.3880	+01.5195	0002.872
+00.3849	+01.5198	0002.873
+00.3813	+01.5186	0002.874
+00.3785	+01.5183	0002.875
+00.3752	+01.5174	0002.876
+00.3724	+01.5174	0002.877
+00.3700	+01.5165	0002.878
+00.3663	+01.5158	0002.879
+00.3639	+01.5158	0002.880
+00.3605	+01.5152	0002.881
+00.3575	+01.5140	0002.882
+00.3547	+01.5134	0002.883
+00.3517	+01.5128	0002.884
+00.3486	+01.5128	0002.885
+00.3456	+01.5122	0002.886
+00.3422	+01.5116	0002.887
+00.3392	+01.5110	0002.888
+00.3364	+01.5110	0002.889
+00.3337	+01.5097	0002.890
+00.3306	+01.5085	0002.891
+00.3276	+01.5085	0002.892
+00.3245	+01.5079	0002.893
+00.3209	+01.5073	0002.894
+00.3187	+01.5064	0002.895
+00.3154	+01.5064	0002.896
+00.3129	+01.5055	0002.897
+00.3093	+01.5052	0002.898
+00.3062	+01.5042	0002.899
+00.3032	+01.5039	0002.900
+00.3004	+01.5027	0002.901
+00.2977	+01.5021	0002.902
+00.2943	+01.5018	0002.903
+00.2913	+01.5012	0002.904
+00.2888	+01.5000	0002.905
+00.2855	+01.5000	0002.906
+00.2824	+01.4991	0002.907
+00.2793	+01.4981	0002.908
+00.2766	+01.4978	0002.909
+00.2732	+01.4969	0002.910
+00.2702	+01.4963	0002.911
+00.2671	+01.4957	0002.912
+00.2644	+01.4948	0002.913
+00.2610	+01.4945	0002.914
+00.2583	+01.4942	0002.915
+00.2552	+01.4930	0002.916
+00.2522	+01.4930	0002.917
+00.2494	+01.4917	0002.918
+00.2464	+01.4905	0002.919
+00.2433	+01.4899	0002.920
+00.2403	+01.4893	0002.921
+00.2372	+01.4893	0002.922
+00.2342	+01.4884	0002.923
+00.2308	+01.4872	0002.924
+00.2287	+01.4872	0002.925
+00.2253	+01.4859	0002.926
+00.2223	+01.4856	0002.927
+00.2192	+01.4844	0002.928
+00.2165	+01.4838	0002.929
+00.2128	+01.4835	0002.930
+00.2101	+01.4820	0002.931
+00.2073	+01.4811	0002.932
+00.2043	+01.4807	0002.933
+00.2009	+01.4801	0002.934
+00.1982	+01.4783	0002.935
+00.1951	+01.4786	0002.936
+00.1924	+01.4777	0002.937
+00.1896	+01.4768	0002.938
+00.1860	+01.4762	0002.939
+00.1832	+01.4756	0002.940
+00.1808	+01.4743	0002.941
+00.1774	+01.4737	0002.942
+00.1744	+01.4728	0002.943
+00.1713	+01.4716	0002.944
+00.1683	+01.4710	0002.945
+00.1649	+01.4701	0002.946
+00.1622	+01.4698	0002.947
+00.1594	+01.4688	0002.948
+00.1561	+01.4679	0002.949
+00.1533	+01.4670	0002.950
+00.1503	+01.4664	0002.951
+00.1475	+01.4652	0002.952
+00.1442	+01.4640	0002.953
+00.1411	+01.4637	0002.954
+00.1384	+01.4624	0002.955
+00.1353	+01.4618	0002.956
+00.1326	+01.4612	0002.957
+00.1289	+01.4603	0002.958
+00.1258	+01.4594	0002.959
+00.1231	+01.4579	0002.960
+00.1200	+01.4573	0002.961
+00.1173	+01.4563	0002.962
+00.1139	+01.4554	0002.963
+00.1109	+01.4548	0002.964
+00.1081	+01.4536	0002.965
+00.1051	+01.4524	0002.966
+00.1020	+01.4521	0002.967
+00.0990	+01.4508	0002.968
+00.0962	+01.4499	0002.969
+00.0932	+01.4487	0002.970
+00.0901	+01.4478	0002.971
+00.0877	+01.4469	0002.972
+00.0843	+01.4460	0002.973
+00.0810	+01.4444	0002.974
+00.0779	+01.4435	0002.975
+00.0752	+01.4426	0002.976
+00.0721	+01.4426	0002.977
+00.0694	+01.4408	0002.978
+00.0660	+01.4399	0002.979
+00.0633	+01.4389	0002.980
+00.0602	+01.4374	0002.981
+00.0569	+01.4368	0002.982
+00.0538	+01.4359	0002.983
+00.0514	+01.4341	0002.984
+00.0483	+01.4338	0002.985
+00.0450	+01.4325	0002.986
+00.0422	+01.4313	0002.987
+00.0392	+01.4301	0002.988
+00.0361	+01.4289	0002.989
+00.0331	+01.4280	0002.990
+00.0294	+01.4270	0002.991
+00.0270	+01.4255	0002.992
+00.0239	+01.4249	0002.993
+00.0212	+01.4234	0002.994
+00.0181	+01.4225	0002.995
+00.0148	+01.4219	0002.996
+00.0120	+01.4209	0002.997
+00.0090	+01.4200	0002.998
+00.0062	+01.4188	0002.999
