R,Ohm	C,pF	Temp,C
0000000000	0000100000	+025.00
Ch1,V	Ch2,V	Time,s
-00.0002	-00.0012	0000.000
+00.0001	-00.0009	0000.001
-00.0029	-00.0012	0000.002
-00.0060	-00.0006	0000.003
-00.0087	-00.0009	0000.004
-00.0118	-00.0012	0000.005
-00.0148	-00.0015	0000.006
-00.0179	-00.0015	0000.007
-00.0206	-00.0015	0000.008
-00.0240	-00.0015	0000.009
-00.0267	-00.0018	0000.010
-00.0298	-00.0015	0000.011
-00.0325	-00.0015	0000.012
-00.0356	-00.0015	0000.013
-00.0386	-00.0015	0000.014
-00.0417	-00.0018	0000.015
-00.0451	-00.0018	0000.016
-00.0478	-00.0021	0000.017
-00.0509	-00.0024	0000.018
-00.0539	-00.0027	0000.019
-00.0570	-00.0021	0000.020
-00.0600	-00.0027	0000.021
-00.0631	-00.0021	0000.022
-00.0664	-00.0027	0000.023
-00.0692	-00.0024	0000.024
-00.0719	-00.0030	0000.025
-00.0753	-00.0027	0000.026
-00.0780	-00.0033	0000.027
-00.0808	-00.0033	0000.028
-00.0841	-00.0030	0000.029
-00.0869	-00.0036	0000.030
-00.0899	-00.0039	0000.031
-00.0927	-00.0036	0000.032
-00.0960	-00.0039	0000.033
-00.0988	-00.0036	0000.034
-00.1021	-00.0045	0000.035
-00.1052	-00.0045	0000.036
-00.1079	-00.0045	0000.037
-00.1110	-00.0045	0000.038
-00.1143	-00.0052	0000.039
-00.1174	-00.0045	0000.040
-00.1201	-00.0052	0000.041
-00.1232	-00.0055	0000.042
-00.1259	-00.0058	0000.043
-00.1290	-00.0058	0000.044
-00.1320	-00.0061	0000.045
-00.1351	-00.0067	0000.046
-00.1381	-00.0067	0000.047
-00.1415	-00.0070	0000.048
-00.1436	-00.0064	0000.049
-00.1470	-00.0070	0000.050
-00.1503	-00.0076	0000.051
-00.1534	-00.0079	0000.052
-00.1561	-00.0079	0000.053
-00.1595	-00.0088	0000.054
-00.1616	-00.0091	0000.055
-00.1650	-00.0091	0000.056
-00.1686	-00.0088	0000.057
-00.1711	-00.0094	0000.058
-00.1738	-00.0094	0000.059
-00.1772	-00.0100	0000.060
-00.1799	-00.0103	0000.061
-00.1833	-00.0113	0000.062
-00.1863	-00.0106	0000.063
-00.1891	-00.0119	0000.064
-00.1925	-00.0116	0000.065
-00.1952	-00.0122	0000.066
-00.1976	-00.0125	0000.067
-00.2007	-00.0128	0000.068
-00.2037	-00.0137	0000.069
-00.2068	-00.0137	0000.070
-00.2098	-00.0143	0000.071
-00.2129	-00.0143	0000.072
-00.2160	-00.0149	0000.073
-00.2190	-00.0152	0000.074
-00.2217	-00.0161	0000.075
-00.2251	-00.0161	0000.076
-00.2285	-00.0161	0000.077
-00.2315	-00.0171	0000.078
-00.2340	-00.0177	0000.079
-00.2370	-00.0180	0000.080
-00.2401	-00.0180	0000.081
-00.2434	-00.0186	0000.082
-00.2462	-00.0192	0000.083
-00.2492	-00.0192	0000.084
-00.2523	-00.0201	0000.085
-00.2550	-00.0204	0000.086
-00.2584	-00.0207	0000.087
-00.2614	-00.0213	0000.088
-00.2639	-00.0222	0000.089
-00.2672	-00.0222	0000.090
-00.2700	-00.0229	0000.091
-00.2733	-00.0232	0000.092
-00.2764	-00.0238	0000.093
-00.2791	-00.0241	0000.094
-00.2828	-00.0250	0000.095
-00.2849	-00.0247	0000.096
-00.2883	-00.0256	0000.097
-00.2910	-00.0262	0000.098
-00.2941	-00.0265	0000.099
-00.2974	-00.0274	0000.100
-00.3002	-00.0280	0000.101
-00.3032	-00.0280	0000.102
-00.3066	-00.0290	0000.103
-00.3093	-00.0290	0000.104
-00.3121	-00.0302	0000.105
-00.3151	-00.0305	0000.106
-00.3185	-00.0308	0000.107
-00.3209	-00.0314	0000.108
-00.3243	-00.0320	0000.109
-00.3276	-00.0326	0000.110
-00.3304	-00.0332	0000.111
-00.3334	-00.0338	0000.112
-00.3368	-00.0341	0000.113
-00.3389	-00.0351	0000.114
-00.3426	-00.0351	0000.115
-00.3450	-00.0363	0000.116
-00.3487	-00.0369	0000.117
-00.3511	-00.0369	0000.118
-00.3548	-00.0381	0000.119
-00.3572	-00.0384	0000.120
-00.3606	-00.0387	0000.121
-00.3634	-00.0399	0000.122
-00.3664	-00.0406	0000.123
-00.3698	-00.0409	0000.124
-00.3725	-00.0415	0000.125
-00.3756	-00.0424	0000.126
-00.3783	-00.0427	0000.127
-00.3814	-00.0430	0000.128
-00.3841	-00.0439	0000.129
-00.3875	-00.0448	0000.130
-00.3905	-00.0454	0000.131
-00.3933	-00.0457	0000.132
-00.3963	-00.0470	0000.133
-00.3997	-00.0464	0000.134
-00.4024	-00.0479	0000.135
-00.4055	-00.0485	0000.136
-00.4082	-00.0488	0000.137
-00.4113	-00.0491	0000.138
-00.4143	-00.0506	0000.139
-00.4171	-00.0509	0000.140
-00.4207	-00.0512	0000.141
-00.4238	-00.0525	0000.142
-00.4262	-00.0528	0000.143
-00.4293	-00.0534	0000.144
-00.4320	-00.0543	0000.145
-00.4360	-00.0546	0000.146
-00.4390	-00.0555	0000.147
-00.4415	-00.0564	0000.148
-00.4442	-00.0567	0000.149
-00.4473	-00.0573	0000.150
-00.4506	-00.0586	0000.151
-00.4537	-00.0589	0000.152
-00.4567	-00.0598	0000.153
-00.4595	-00.0604	0000.154
-00.4622	-00.0607	0000.155
-00.4656	-00.0613	0000.156
-00.4683	-00.0622	0000.157
-00.4711	-00.0628	0000.158
-00.4747	-00.0637	0000.159
-00.4778	-00.0641	0000.160
-00.4805	-00.0647	0000.161
-00.4836	-00.0659	0000.162
-00.4866	-00.0662	0000.163
-00.4891	-00.0671	0000.164
-00.4924	-00.0674	0000.165
-00.4955	-00.0683	0000.166
-00.4982	-00.0692	0000.167
-00.5010	-00.0698	0000.168
-00.5050	-00.0708	0000.169
-00.5074	-00.0714	0000.170
-00.5108	-00.0717	0000.171
-00.5135	-00.0729	0000.172
-00.5159	-00.0735	0000.173
-00.5196	-00.0744	0000.174
-00.5223	-00.0747	0000.175
-00.5251	-00.0753	0000.176
-00.5288	-00.0763	0000.177
-00.5318	-00.0778	0000.178
-00.5339	-00.0778	0000.179
-00.5373	-00.0787	0000.180
-00.5407	-00.0787	0000.181
-00.5437	-00.0799	0000.182
-00.5471	-00.0808	0000.183
-00.5492	-00.0814	0000.184
-00.5526	-00.0818	0000.185
-00.5556	-00.0827	0000.186
-00.5587	-00.0839	0000.187
-00.5617	-00.0845	0000.188
-00.5645	-00.0854	0000.189
-00.5672	-00.0854	0000.190
-00.5706	-00.0863	0000.191
-00.5736	-00.0869	0000.192
-00.5767	-00.0875	0000.193
-00.5794	-00.0885	0000.194
-00.5828	-00.0891	0000.195
-00.5852	-00.0900	0000.196
-00.5883	-00.0909	0000.197
-00.5916	-00.0915	0000.198
-00.5947	-00.0924	0000.199
-00.5977	-00.0927	0000.200
-00.6011	-00.0933	0000.201
-00.6032	-00.0946	0000.202
-00.6063	-00.0949	0000.203
-00.6096	-00.0958	0000.204
-00.6127	-00.0970	0000.205
-00.6157	-00.0970	0000.206
-00.6188	-00.0979	0000.207
-00.6212	-00.0988	0000.208
-00.6243	-00.0998	0000.209
-00.6276	-00.1004	0000.210
-00.6307	-00.1010	0000.211
-00.6337	-00.1016	0000.212
-00.6368	-00.1031	0000.213
-00.6392	-00.1034	0000.214
-00.6423	-00.1040	0000.215
-00.6453	-00.1043	0000.216
-00.6487	-00.1056	0000.217
-00.6520	-00.1062	0000.218
-00.6548	-00.1068	0000.219
-00.6575	-00.1080	0000.220
-00.6609	-00.1086	0000.221
-00.6633	-00.1092	0000.222
-00.6667	-00.1101	0000.223
-00.6704	-00.1107	0000.224
-00.6728	-00.1114	0000.225
-00.6759	-00.1126	0000.226
-00.6783	-00.1132	0000.227
-00.6820	-00.1138	0000.228
-00.6847	-00.1147	0000.229
-00.6884	-00.1150	0000.230
-00.6908	-00.1162	0000.231
-00.6939	-00.1168	0000.232
-00.6966	-00.1172	0000.233
-00.6997	-00.1184	0000.234
-00.7024	-00.1190	0000.235
-00.7055	-00.1199	0000.236
-00.7085	-00.1205	0000.237
-00.7116	-00.1211	0000.238
-00.7149	-00.1220	0000.239
-00.7177	-00.1226	0000.240
-00.7213	-00.1233	0000.241
-00.7238	-00.1242	0000.242
-00.7271	-00.1251	0000.243
-00.7299	-00.1260	0000.244
-00.7329	-00.1263	0000.245
-00.7360	-00.1269	0000.246
-00.7387	-00.1278	0000.247
-00.7421	-00.1287	0000.248
-00.7448	-00.1297	0000.249
-00.7479	-00.1303	0000.250
-00.7503	-00.1306	0000.251
-00.7537	-00.1315	0000.252
-00.7570	-00.1327	0000.253
-00.7601	-00.1327	0000.254
-00.7628	-00.1342	0000.255
-00.7656	-00.1345	0000.256
-00.7689	-00.1355	0000.257
-00.7717	-00.1361	0000.258
-00.7750	-00.1367	0000.259
-00.7778	-00.1376	0000.260
-00.7805	-00.1382	0000.261
-00.7839	-00.1391	0000.262
-00.7866	-00.1397	0000.263
-00.7897	-00.1403	0000.264
-00.7930	-00.1410	0000.265
-00.7958	-00.1416	0000.266
-00.7988	-00.1419	0000.267
-00.8019	-00.1434	0000.268
-00.8046	-00.1440	0000.269
-00.8080	-00.1449	0000.270
-00.8110	-00.1455	0000.271
-00.8138	-00.1461	0000.272
-00.8171	-00.1468	0000.273
-00.8199	-00.1477	0000.274
-00.8226	-00.1483	0000.275
-00.8260	-00.1489	0000.276
-00.8290	-00.1492	0000.277
-00.8318	-00.1507	0000.278
-00.8345	-00.1510	0000.279
-00.8376	-00.1516	0000.280
-00.8410	-00.1526	0000.281
-00.8437	-00.1535	0000.282
-00.8467	-00.1541	0000.283
-00.8504	-00.1547	0000.284
-00.8529	-00.1550	0000.285
-00.8559	-00.1559	0000.286
-00.8587	-00.1568	0000.287
-00.8620	-00.1574	0000.288
-00.8644	-00.1587	0000.289
-00.8681	-00.1590	0000.290
-00.8706	-00.1596	0000.291
-00.8742	-00.1602	0000.292
-00.8773	-00.1608	0000.293
-00.8803	-00.1617	0000.294
-00.8831	-00.1626	0000.295
-00.8861	-00.1629	0000.296
-00.8883	-00.1635	0000.297
-00.8919	-00.1645	0000.298
-00.8953	-00.1648	0000.299
-00.8977	-00.1657	0000.300
-00.9014	-00.1666	0000.301
-00.9041	-00.1672	0000.302
-00.9063	-00.1675	0000.303
-00.9102	-00.1681	0000.304
-00.9127	-00.1687	0000.305
-00.9166	-00.1696	0000.306
-00.9191	-00.1706	0000.307
-00.9224	-00.1712	0000.308
-00.9249	-00.1718	0000.309
-00.9282	-00.1724	0000.310
-00.9310	-00.1733	0000.311
-00.9340	-00.1742	0000.312
-00.9371	-00.1745	0000.313
-00.9398	-00.1754	0000.314
-00.9429	-00.1760	0000.315
-00.9456	-00.1764	0000.316
-00.9490	-00.1773	0000.317
-00.9520	-00.1776	0000.318
-00.9551	-00.1782	0000.319
-00.9581	-00.1791	0000.320
-00.9612	-00.1800	0000.321
-00.9642	-00.1809	0000.322
-00.9667	-00.1809	0000.323
-00.9703	-00.1815	0000.324
-00.9734	-00.1828	0000.325
-00.9761	-00.1834	0000.326
-00.9792	-00.1840	0000.327
-00.9822	-00.1846	0000.328
-00.9853	-00.1852	0000.329
-00.9884	-00.1855	0000.330
-00.9908	-00.1864	0000.331
-00.9941	-00.1870	0000.332
-00.9969	-00.1873	0000.333
-01.0003	-00.1883	0000.334
-01.0033	-00.1889	0000.335
-01.0061	-00.1895	0000.336
-01.0094	-00.1901	0000.337
-01.0118	-00.1907	0000.338
-01.0146	-00.1913	0000.339
-01.0180	-00.1916	0000.340
-01.0213	-00.1928	0000.341
-01.0244	-00.1931	0000.342
-01.0271	-00.1938	0000.343
-01.0302	-00.1944	0000.344
-01.0326	-00.1950	0000.345
-01.0363	-00.1959	0000.346
-01.0390	-00.1968	0000.347
-01.0427	-00.1968	0000.348
-01.0457	-00.1974	0000.349
-01.0482	-00.1980	0000.350
-01.0512	-00.1989	0000.351
-01.0546	-00.1989	0000.352
-01.0573	-00.2002	0000.353
-01.0610	-00.2008	0000.354
-01.0634	-00.2014	0000.355
-01.0662	-00.2020	0000.356
-01.0695	-00.2026	0000.357
-01.0720	-00.2035	0000.358
-01.0753	-00.2035	0000.359
-01.0784	-00.2041	0000.360
-01.0808	-00.2047	0000.361
-01.0839	-00.2053	0000.362
-01.0869	-00.2060	0000.363
-01.0903	-00.2066	0000.364
-01.0936	-00.2069	0000.365
-01.0961	-00.2078	0000.366
-01.0991	-00.2084	0000.367
-01.1019	-00.2090	0000.368
-01.1055	-00.2096	0000.369
-01.1080	-00.2102	0000.370
-01.1113	-00.2108	0000.371
-01.1144	-00.2111	0000.372
-01.1171	-00.2121	0000.373
-01.1199	-00.2127	0000.374
-01.1229	-00.2127	0000.375
-01.1269	-00.2139	0000.376
-01.1293	-00.2139	0000.377
-01.1327	-00.2148	0000.378
-01.1348	-00.2154	0000.379
-01.1385	-00.2157	0000.380
-01.1412	-00.2160	0000.381
-01.1443	-00.2172	0000.382
-01.1477	-00.2176	0000.383
-01.1501	-00.2182	0000.384
-01.1535	-00.2188	0000.385
-01.1565	-00.2191	0000.386
-01.1592	-00.2197	0000.387
-01.1623	-00.2206	0000.388
-01.1654	-00.2206	0000.389
-01.1687	-00.2215	0000.390
-01.1712	-00.2218	0000.391
-01.1742	-00.2224	0000.392
-01.1776	-00.2230	0000.393
-01.1803	-00.2234	0000.394
-01.1831	-00.2240	0000.395
-01.1867	-00.2249	0000.396
-01.1895	-00.2255	0000.397
-01.1919	-00.2258	0000.398
-01.1956	-00.2261	0000.399
-01.1983	-00.2267	0000.400
-01.2014	-00.2270	0000.401
-01.2044	-00.2279	0000.402
-01.2075	-00.2285	0000.403
-01.2102	-00.2288	0000.404
-01.2133	-00.2292	0000.405
-01.2163	-00.2298	0000.406
-01.2200	-00.2304	0000.407
-01.2224	-00.2313	0000.408
-01.2255	-00.2316	0000.409
-01.2279	-00.2319	0000.410
-01.2316	-00.2325	0000.411
-01.2343	-00.2334	0000.412
-01.2377	-00.2334	0000.413
-01.2404	-00.2337	0000.414
-01.2435	-00.2349	0000.415
-01.2462	-00.2346	0000.416
-01.2496	-00.2356	0000.417
-01.2526	-00.2362	0000.418
-01.2563	-00.2365	0000.419
-01.2590	-00.2371	0000.420
-01.2615	-00.2377	0000.421
-01.2642	-00.2380	0000.422
-01.2673	-00.2383	0000.423
-01.2703	-00.2389	0000.424
-01.2740	-00.2395	0000.425
-01.2767	-00.2401	0000.426
-01.2795	-00.2404	0000.427
-01.2828	-00.2414	0000.428
-01.2853	-00.2414	0000.429
-01.2883	-00.2417	0000.430
-01.2920	-00.2423	0000.431
-01.2947	-00.2432	0000.432
-01.2972	-00.2432	0000.433
-01.3002	-00.2438	0000.434
-01.3036	-00.2444	0000.435
-01.3063	-00.2450	0000.436
-01.3100	-00.2450	0000.437
-01.3128	-00.2456	0000.438
-01.3152	-00.2462	0000.439
-01.3186	-00.2469	0000.440
-01.3213	-00.2472	0000.441
-01.3243	-00.2478	0000.442
-01.3277	-00.2481	0000.443
-01.3301	-00.2484	0000.444
-01.3335	-00.2487	0000.445
-01.3366	-00.2496	0000.446
-01.3393	-00.2499	0000.447
-01.3427	-00.2502	0000.448
-01.3454	-00.2511	0000.449
-01.3485	-00.2508	0000.450
-01.3515	-00.2514	0000.451
-01.3552	-00.2526	0000.452
-01.3576	-00.2526	0000.453
-01.3607	-00.2536	0000.454
-01.3634	-00.2533	0000.455
-01.3662	-00.2536	0000.456
-01.3701	-00.2542	0000.457
-01.3732	-00.2548	0000.458
-01.3756	-00.2548	0000.459
-01.3790	-00.2551	0000.460
-01.3814	-00.2560	0000.461
-01.3845	-00.2563	0000.462
-01.3875	-00.2572	0000.463
-01.3906	-00.2569	0000.464
-01.3936	-00.2578	0000.465
-01.3970	-00.2581	0000.466
-01.4000	-00.2588	0000.467
-01.4025	-00.2594	0000.468
-01.4052	-00.2597	0000.469
-01.4086	-00.2600	0000.470
-01.4113	-00.2603	0000.471
-01.4147	-00.2606	0000.472
-01.4177	-00.2612	0000.473
-01.4208	-00.2618	0000.474
-01.4238	-00.2618	0000.475
-01.4266	-00.2624	0000.476
-01.4296	-00.2630	0000.477
-01.4330	-00.2630	0000.478
-01.4354	-00.2633	0000.479
-01.4382	-00.2636	0000.480
-01.4415	-00.2642	0000.481
-01.4452	-00.2652	0000.482
-01.4479	-00.2652	0000.483
-01.4507	-00.2655	0000.484
-01.4540	-00.2661	0000.485
-01.4568	-00.2667	0000.486
-01.4592	-00.2670	0000.487
-01.4626	-00.2670	0000.488
-01.4660	-00.2673	0000.489
-01.4690	-00.2679	0000.490
-01.4717	-00.2685	0000.491
-01.4751	-00.2688	0000.492
-01.4775	-00.2694	0000.493
-01.4809	-00.2694	0000.494
-01.4840	-00.2694	0000.495
-01.4867	-00.2697	0000.496
-01.4901	-00.2707	0000.497
-01.4928	-00.2710	0000.498
-01.4959	-00.2713	0000.499
-01.4983	-00.2716	0000.500
-01.5020	-00.2722	0000.501
-01.5050	-00.2725	0000.502
-01.5078	-00.2728	0000.503
-01.5105	-00.2731	0000.504
-01.5136	-00.2737	0000.505
-01.5169	-00.2740	0000.506
-01.5200	-00.2743	0000.507
-01.5233	-00.2743	0000.508
-01.5255	-00.2746	0000.509
-01.5285	-00.2752	0000.510
-01.5316	-00.2761	0000.511
-01.5349	-00.2758	0000.512
-01.5377	-00.2768	0000.513
-01.5413	-00.2771	0000.514
-01.5438	-00.2768	0000.515
-01.5468	-00.2774	0000.516
-01.5496	-00.2777	0000.517
-01.5532	-00.2783	0000.518
-01.5560	-00.2786	0000.519
-01.5590	-00.2786	0000.520
-01.5618	-00.2789	0000.521
-01.5648	-00.2795	0000.522
-01.5682	-00.2801	0000.523
-01.5709	-00.2801	0000.524
-01.5740	-00.2807	0000.525
-01.5773	-00.2807	0000.526
-01.5798	-00.2810	0000.527
-01.5831	-00.2819	0000.528
-01.5859	-00.2819	0000.529
-01.5889	-00.2819	0000.530
-01.5926	-00.2829	0000.531
-01.5950	-00.2829	0000.532
-01.5975	-00.2832	0000.533
-01.6008	-00.2835	0000.534
-01.6042	-00.2841	0000.535
-01.6069	-00.2841	0000.536
-01.6103	-00.2850	0000.537
-01.6130	-00.2847	0000.538
-01.6161	-00.2850	0000.539
-01.6185	-00.2859	0000.540
-01.6219	-00.2859	0000.541
-01.6253	-00.2862	0000.542
-01.6280	-00.2871	0000.543
-01.6311	-00.2871	0000.544
-01.6338	-00.2871	0000.545
-01.6368	-00.2874	0000.546
-01.6402	-00.2877	0000.547
-01.6430	-00.2884	0000.548
-01.6463	-00.2880	0000.549
-01.6491	-00.2884	0000.550
-01.6521	-00.2893	0000.551
-01.6555	-00.2896	0000.552
-01.6582	-00.2896	0000.553
-01.6613	-00.2899	0000.554
-01.6646	-00.2905	0000.555
-01.6674	-00.2908	0000.556
-01.6698	-00.2905	0000.557
-01.6738	-00.2911	0000.558
-01.6762	-00.2914	0000.559
-01.6793	-00.2917	0000.560
-01.6817	-00.2923	0000.561
-01.6854	-00.2926	0000.562
-01.6881	-00.2929	0000.563
-01.6912	-00.2929	0000.564
-01.6939	-00.2932	0000.565
-01.6970	-00.2935	0000.566
-01.7003	-00.2935	0000.567
-01.7031	-00.2942	0000.568
-01.7061	-00.2948	0000.569
-01.7092	-00.2951	0000.570
-01.7119	-00.2951	0000.571
-01.7156	-00.2951	0000.572
-01.7186	-00.2954	0000.573
-01.7211	-00.2957	0000.574
-01.7238	-00.2960	0000.575
-01.7272	-00.2960	0000.576
-01.7296	-00.2966	0000.577
-01.7330	-00.2969	0000.578
-01.7363	-00.2972	0000.579
-01.7391	-00.2978	0000.580
-01.7421	-00.2978	0000.581
-01.7449	-00.2978	0000.582
-01.7482	-00.2981	0000.583
-01.7513	-00.2984	0000.584
-01.7546	-00.2987	0000.585
-01.7568	-00.2990	0000.586
-01.7598	-00.2990	0000.587
-01.7632	-00.2996	0000.588
-01.7659	-00.2996	0000.589
-01.7693	-00.2996	0000.590
-01.7720	-00.3003	0000.591
-01.7754	-00.3006	0000.592
-01.7785	-00.3009	0000.593
-01.7812	-00.3015	0000.594
-01.7842	-00.3015	0000.595
-01.7873	-00.3021	0000.596
-01.7904	-00.3021	0000.597
-01.7934	-00.3024	0000.598
-01.7965	-00.3024	0000.599
-01.7995	-00.3030	0000.600
-01.8023	-00.3030	0000.601
-01.8053	-00.3033	0000.602
-01.8084	-00.3036	0000.603
-01.8114	-00.3039	0000.604
-01.8142	-00.3039	0000.605
-01.8175	-00.3045	0000.606
-01.8203	-00.3045	0000.607
-01.8236	-00.3048	0000.608
-01.8264	-00.3048	0000.609
-01.8291	-00.3054	0000.610
-01.8322	-00.3054	0000.611
-01.8352	-00.3061	0000.612
-01.8386	-00.3064	0000.613
-01.8416	-00.3064	0000.614
-01.8444	-00.3064	0000.615
-01.8471	-00.3070	0000.616
-01.8502	-00.3073	0000.617
-01.8535	-00.3070	0000.618
-01.8563	-00.3076	0000.619
-01.8599	-00.3079	0000.620
-01.8624	-00.3076	0000.621
-01.8654	-00.3085	0000.622
-01.8685	-00.3082	0000.623
-01.8715	-00.3088	0000.624
-01.8746	-00.3091	0000.625
-01.8776	-00.3091	0000.626
-01.8798	-00.3094	0000.627
-01.8834	-00.3094	0000.628
-01.8865	-00.3097	0000.629
-01.8895	-00.3100	0000.630
-01.8926	-00.3097	0000.631
-01.8959	-00.3103	0000.632
-01.8984	-00.3109	0000.633
-01.9017	-00.3109	0000.634
-01.9042	-00.3109	0000.635
-01.9069	-00.3115	0000.636
-01.9106	-00.3115	0000.637
-01.9136	-00.3115	0000.638
-01.9167	-00.3119	0000.639
-01.9201	-00.3122	0000.640
-01.9228	-00.3128	0000.641
-01.9255	-00.3125	0000.642
-01.9289	-00.3128	0000.643
-01.9313	-00.3131	0000.644
-01.9344	-00.3137	0000.645
-01.9371	-00.3137	0000.646
-01.9405	-00.3134	0000.647
-01.9436	-00.3137	0000.648
-01.9469	-00.3146	0000.649
-01.9497	-00.3143	0000.650
-01.9527	-00.3146	0000.651
-01.9555	-00.3146	0000.652
-01.9591	-00.3152	0000.653
-01.9616	-00.3152	0000.654
-01.9646	-00.3158	0000.655
-01.9680	-00.3155	0000.656
-01.9707	-00.3158	0000.657
-01.9735	-00.3164	0000.658
-01.9765	-00.3161	0000.659
-01.9796	-00.3164	0000.660
-01.9820	-00.3167	0000.661
-01.9860	-00.3167	0000.662
-01.9884	-00.3170	0000.663
-01.9915	-00.3173	0000.664
-01.9942	-00.3177	0000.665
-01.9982	-00.3177	0000.666
-02.0015	-00.3183	0000.667
-02.0043	-00.3180	0000.668
-02.0061	-00.3183	0000.669
-02.0098	-00.3186	0000.670
-02.0125	-00.3186	0000.671
-02.0159	-00.3186	0000.672
-02.0189	-00.3192	0000.673
-02.0217	-00.3195	0000.674
-02.0244	-00.3192	0000.675
-02.0275	-00.3195	0000.676
-02.0308	-00.3198	0000.677
-02.0336	-00.3204	0000.678
-02.0369	-00.3201	0000.679
-02.0397	-00.3204	0000.680
-02.0427	-00.3210	0000.681
-02.0452	-00.3210	0000.682
-02.0482	-00.3213	0000.683
-02.0519	-00.3210	0000.684
-02.0543	-00.3216	0000.685
-02.0580	-00.3216	0000.686
-02.0601	-00.3219	0000.687
-02.0641	-00.3222	0000.688
-02.0668	-00.3222	0000.689
-02.0696	-00.3222	0000.690
-02.0726	-00.3228	0000.691
-02.0757	-00.3231	0000.692
-02.0787	-00.3228	0000.693
-02.0812	-00.3231	0000.694
-02.0848	-00.3234	0000.695
-02.0876	-00.3231	0000.696
-02.0900	-00.3238	0000.697
-02.0937	-00.3238	0000.698
-02.0967	-00.3238	0000.699
-02.0995	-00.3241	0000.700
-02.1029	-00.3247	0000.701
-02.1056	-00.3247	0000.702
-02.1090	-00.3250	0000.703
-02.1117	-00.3247	0000.704
-02.1144	-00.3253	0000.705
-02.1181	-00.3256	0000.706
-02.1212	-00.3253	0000.707
-02.1239	-00.3259	0000.708
-02.1270	-00.3256	0000.709
-02.1297	-00.3259	0000.710
-02.1328	-00.3262	0000.711
-02.1364	-00.3268	0000.712
-02.1392	-00.3262	0000.713
-02.1419	-00.3265	0000.714
-02.1450	-00.3271	0000.715
-02.1480	-00.3271	0000.716
-02.1508	-00.3271	0000.717
-02.1535	-00.3277	0000.718
-02.1569	-00.3277	0000.719
-02.1593	-00.3277	0000.720
-02.1633	-00.3274	0000.721
-02.1657	-00.3283	0000.722
-02.1685	-00.3280	0000.723
-02.1718	-00.3283	0000.724
-02.1749	-00.3286	0000.725
-02.1785	-00.3292	0000.726
-02.1810	-00.3289	0000.727
-02.1834	-00.3292	0000.728
-02.1871	-00.3289	0000.729
-02.1901	-00.3292	0000.730
-02.1932	-00.3296	0000.731
-02.1959	-00.3296	0000.732
-02.1987	-00.3299	0000.733
-02.2017	-00.3302	0000.734
-02.2051	-00.3299	0000.735
-02.2081	-00.3302	0000.736
-02.2109	-00.3305	0000.737
-02.2136	-00.3311	0000.738
-02.2170	-00.3308	0000.739
-02.2200	-00.3311	0000.740
-02.2228	-00.3314	0000.741
-02.2258	-00.3314	0000.742
-02.2286	-00.3317	0000.743
-02.2326	-00.3314	0000.744
-02.2350	-00.3317	0000.745
-02.2374	-00.3317	0000.746
-02.2408	-00.3323	0000.747
-02.2435	-00.3323	0000.748
-02.2466	-00.3323	0000.749
-02.2499	-00.3323	0000.750
-02.2527	-00.3326	0000.751
-02.2561	-00.3332	0000.752
-02.2588	-00.3332	0000.753
-02.2618	-00.3332	0000.754
-02.2649	-00.3332	0000.755
-02.2676	-00.3338	0000.756
-02.2710	-00.3338	0000.757
-02.2738	-00.3338	0000.758
-02.2774	-00.3344	0000.759
-02.2802	-00.3338	0000.760
-02.2832	-00.3341	0000.761
-02.2857	-00.3338	0000.762
-02.2890	-00.3347	0000.763
-02.2915	-00.3347	0000.764
-02.2957	-00.3347	0000.765
-02.2982	-00.3347	0000.766
-02.3012	-00.3354	0000.767
-02.3043	-00.3360	0000.768
-02.3070	-00.3357	0000.769
-02.3101	-00.3360	0000.770
-02.3131	-00.3354	0000.771
-02.3162	-00.3357	0000.772
-02.3195	-00.3360	0000.773
-02.3223	-00.3363	0000.774
-02.3253	-00.3363	0000.775
-02.3278	-00.3369	0000.776
-02.3311	-00.3366	0000.777
-02.3342	-00.3369	0000.778
-02.3372	-00.3372	0000.779
-02.3406	-00.3372	0000.780
-02.3427	-00.3375	0000.781
-02.3461	-00.3372	0000.782
-02.3491	-00.3372	0000.783
-02.3522	-00.3378	0000.784
-02.3555	-00.3378	0000.785
-02.3571	-00.3378	0000.786
-02.3613	-00.3381	0000.787
-02.3641	-00.3387	0000.788
-02.3668	-00.3387	0000.789
-02.3696	-00.3387	0000.790
-02.3726	-00.3390	0000.791
-02.3763	-00.3384	0000.792
-02.3790	-00.3390	0000.793
-02.3818	-00.3393	0000.794
-02.3848	-00.3393	0000.795
-02.3888	-00.3393	0000.796
-02.3909	-00.3396	0000.797
-02.3943	-00.3396	0000.798
-02.3973	-00.3399	0000.799
-02.4001	-00.3402	0000.800
-02.4031	-00.3399	0000.801
-02.4062	-00.3402	0000.802
-02.4096	-00.3405	0000.803
-02.4120	-00.3402	0000.804
-02.4154	-00.3408	0000.805
-02.4178	-00.3408	0000.806
-02.4212	-00.3411	0000.807
-02.4242	-00.3408	0000.808
-02.4276	-00.3411	0000.809
-02.4303	-00.3415	0000.810
-02.4334	-00.3408	0000.811
-02.4361	-00.3415	0000.812
-02.4392	-00.3418	0000.813
-02.4422	-00.3418	0000.814
-02.4453	-00.3424	0000.815
-02.4480	-00.3424	0000.816
-02.4508	-00.3424	0000.817
-02.4541	-00.3424	0000.818
-02.4575	-00.3427	0000.819
-02.4605	-00.3427	0000.820
-02.4633	-00.3427	0000.821
-02.4660	-00.3433	0000.822
-02.4697	-00.3433	0000.823
-02.4718	-00.3433	0000.824
-02.4752	-00.3433	0000.825
-02.4779	-00.3433	0000.826
-02.4810	-00.3436	0000.827
-02.4840	-00.3436	0000.828
-02.4871	-00.3439	0000.829
-02.4904	-00.3436	0000.830
-02.4932	-00.3442	0000.831
-02.4965	-00.3442	0000.832
-02.4993	-00.3442	0000.833
-02.5026	-00.3445	0000.834
-02.5054	-00.3448	0000.835
-02.5084	-00.3451	0000.836
-02.5106	-00.3451	0000.837
-02.5145	-00.3448	0000.838
-02.5170	-00.3451	0000.839
-02.5203	-00.3454	0000.840
-02.5231	-00.3454	0000.841
-02.5261	-00.3457	0000.842
-02.5292	-00.3457	0000.843
-02.5325	-00.3457	0000.844
-02.5350	-00.3463	0000.845
-02.5377	-00.3460	0000.846
-02.5414	-00.3460	0000.847
-02.5441	-00.3466	0000.848
-02.5469	-00.3463	0000.849
-02.5505	-00.3463	0000.850
-02.5539	-00.3463	0000.851
-02.5563	-00.3466	0000.852
-02.5597	-00.3469	0000.853
-02.5621	-00.3469	0000.854
-02.5655	-00.3476	0000.855
-02.5682	-00.3469	0000.856
-02.5713	-00.3476	0000.857
-02.5747	-00.3476	0000.858
-02.5774	-00.3482	0000.859
-02.5808	-00.3479	0000.860
-02.5835	-00.3482	0000.861
-02.5866	-00.3482	0000.862
-02.5896	-00.3482	0000.863
-02.5924	-00.3485	0000.864
-02.5957	-00.3488	0000.865
-02.5985	-00.3488	0000.866
-02.6015	-00.3488	0000.867
-02.6046	-00.3488	0000.868
-02.6073	-00.3491	0000.869
-02.6107	-00.3494	0000.870
-02.6134	-00.3491	0000.871
-02.6162	-00.3494	0000.872
-02.6204	-00.3494	0000.873
-02.6223	-00.3497	0000.874
-02.6253	-00.3494	0000.875
-02.6290	-00.3497	0000.876
-02.6314	-00.3500	0000.877
-02.6342	-00.3500	0000.878
-02.6378	-00.3500	0000.879
-02.6403	-00.3506	0000.880
-02.6433	-00.3503	0000.881
-02.6467	-00.3506	0000.882
-02.6491	-00.3506	0000.883
-02.6531	-00.3506	0000.884
-02.6555	-00.3509	0000.885
-02.6586	-00.3512	0000.886
-02.6607	-00.3512	0000.887
-02.6641	-00.3512	0000.888
-02.6677	-00.3512	0000.889
-02.6705	-00.3515	0000.890
-02.6735	-00.3521	0000.891
-02.6763	-00.3518	0000.892
-02.6796	-00.3518	0000.893
-02.6824	-00.3521	0000.894
-02.6851	-00.3521	0000.895
-02.6888	-00.3518	0000.896
-02.6918	-00.3521	0000.897
-02.6949	-00.3524	0000.898
-02.6976	-00.3527	0000.899
-02.7004	-00.3527	0000.900
-02.7031	-00.3531	0000.901
-02.7065	-00.3534	0000.902
-02.7092	-00.3531	0000.903
-02.7132	-00.3531	0000.904
-02.7153	-00.3534	0000.905
-02.7184	-00.3537	0000.906
-02.7214	-00.3537	0000.907
-02.7245	-00.3537	0000.908
-02.7272	-00.3537	0000.909
-02.7309	-00.3540	0000.910
-02.7330	-00.3537	0000.911
-02.7364	-00.3537	0000.912
-02.7394	-00.3543	0000.913
-02.7425	-00.3546	0000.914
-02.7452	-00.3546	0000.915
-02.7483	-00.3546	0000.916
-02.7517	-00.3546	0000.917
-02.7544	-00.3549	0000.918
-02.7571	-00.3549	0000.919
-02.7602	-00.3546	0000.920
-02.7629	-00.3552	0000.921
-02.7663	-00.3555	0000.922
-02.7694	-00.3555	0000.923
-02.7724	-00.3555	0000.924
-02.7755	-00.3555	0000.925
-02.7785	-00.3558	0000.926
-02.7819	-00.3555	0000.927
-02.7840	-00.3561	0000.928
-02.7877	-00.3564	0000.929
-02.7904	-00.3564	0000.930
-02.7932	-00.3561	0000.931
-02.7965	-00.3561	0000.932
-02.7996	-00.3561	0000.933
-02.8026	-00.3567	0000.934
-02.8060	-00.3570	0000.935
-02.8090	-00.3573	0000.936
-02.8121	-00.3567	0000.937
-02.8148	-00.3567	0000.938
-02.8179	-00.3573	0000.939
-02.8200	-00.3573	0000.940
-02.8231	-00.3573	0000.941
-02.8261	-00.3579	0000.942
-02.8301	-00.3573	0000.943
-02.8325	-00.3576	0000.944
-02.8359	-00.3582	0000.945
-02.8386	-00.3579	0000.946
-02.8414	-00.3582	0000.947
-02.8441	-00.3576	0000.948
-02.8478	-00.3585	0000.949
-02.8505	-00.3582	0000.950
-02.8542	-00.3589	0000.951
-02.8563	-00.3589	0000.952
-02.8594	-00.3589	0000.953
-02.8627	-00.3589	0000.954
-02.8652	-00.3592	0000.955
-02.8685	-00.3592	0000.956
-02.8716	-00.3595	0000.957
-02.8743	-00.3598	0000.958
-02.8777	-00.3592	0000.959
-02.8804	-00.3592	0000.960
-02.8835	-00.3595	0000.961
-02.8872	-00.3601	0000.962
-02.8899	-00.3604	0000.963
-02.8920	-00.3604	0000.964
-02.8960	-00.3598	0000.965
-02.8994	-00.3601	0000.966
-02.9018	-00.3604	0000.967
-02.9049	-00.3601	0000.968
-02.9079	-00.3607	0000.969
-02.9107	-00.3604	0000.970
-02.9140	-00.3607	0000.971
-02.9168	-00.3607	0000.972
-02.9201	-00.3613	0000.973
-02.9232	-00.3610	0000.974
-02.9256	-00.3613	0000.975
-02.9287	-00.3613	0000.976
-02.9314	-00.3613	0000.977
-02.9351	-00.3613	0000.978
-02.9375	-00.3616	0000.979
-02.9415	-00.3619	0000.980
-02.9436	-00.3619	0000.981
-02.9464	-00.3616	0000.982
-02.9497	-00.3619	0000.983
-02.9528	-00.3619	0000.984
-02.9558	-00.3625	0000.985
-02.9592	-00.3619	0000.986
-02.9625	-00.3625	0000.987
-02.9650	-00.3625	0000.988
-02.9677	-00.3628	0000.989
-02.9714	-00.3625	0000.990
-02.9738	-00.3628	0000.991
-02.9769	-00.3628	0000.992
-02.9805	-00.3634	0000.993
-02.9827	-00.3631	0000.994
-02.9860	-00.3637	0000.995
-02.9891	-00.3634	0000.996
-02.9918	-00.3637	0000.997
-02.9946	-00.3634	0000.998
-02.9970	-00.3637	0000.999
-03.0004	-00.3640	0001.000
-03.0040	-00.3640	0001.001
-03.0062	-00.3637	0001.002
-03.0101	-00.3640	0001.003
-03.0126	-00.3640	0001.004
-03.0159	-00.3646	0001.005
-03.0187	-00.3646	0001.006
-03.0217	-00.3643	0001.007
-03.0248	-00.3646	0001.008
-03.0285	-00.3646	0001.009
-03.0306	-00.3643	0001.010
-03.0339	-00.3650	0001.011
-03.0367	-00.3653	0001.012
-03.0391	-00.3650	0001.013
-03.0431	-00.3650	0001.014
-03.0462	-00.3653	0001.015
-03.0486	-00.3650	0001.016
-03.0516	-00.3656	0001.017
-03.0544	-00.3656	0001.018
-03.0574	-00.3659	0001.019
-03.0608	-00.3659	0001.020
-03.0639	-00.3656	0001.021
-03.0669	-00.3662	0001.022
-03.0700	-00.3665	0001.023
-03.0727	-00.3662	0001.024
-03.0758	-00.3665	0001.025
-03.0794	-00.3665	0001.026
-03.0822	-00.3665	0001.027
-03.0849	-00.3668	0001.028
-03.0880	-00.3668	0001.029
-03.0907	-00.3668	0001.030
-03.0944	-00.3671	0001.031
-03.0968	-00.3668	0001.032
-03.1002	-00.3677	0001.033
-03.1029	-00.3671	0001.034
-03.1057	-00.3671	0001.035
-03.1090	-00.3677	0001.036
-03.1118	-00.3680	0001.037
-03.1145	-00.3674	0001.038
-03.1182	-00.3677	0001.039
-03.1209	-00.3683	0001.040
-03.1243	-00.3680	0001.041
-03.1270	-00.3683	0001.042
-03.1301	-00.3680	0001.043
-03.1328	-00.3680	0001.044
-03.1365	-00.3683	0001.045
-03.1395	-00.3686	0001.046
-03.1417	-00.3683	0001.047
-03.1450	-00.3686	0001.048
-03.1481	-00.3689	0001.049
-03.1508	-00.3686	0001.050
-03.1542	-00.3689	0001.051
-03.1572	-00.3695	0001.052
-03.1597	-00.3689	0001.053
-03.1630	-00.3692	0001.054
-03.1661	-00.3692	0001.055
-03.1691	-00.3695	0001.056
-03.1716	-00.3701	0001.057
-03.1752	-00.3695	0001.058
-03.1783	-00.3695	0001.059
-03.1807	-00.3704	0001.060
-03.1844	-00.3701	0001.061
-03.1871	-00.3701	0001.062
-03.1899	-00.3701	0001.063
-03.1926	-00.3704	0001.064
-03.1957	-00.3701	0001.065
-03.1990	-00.3704	0001.066
-03.2021	-00.3708	0001.067
-03.2051	-00.3708	0001.068
-03.2085	-00.3708	0001.069
-03.2109	-00.3708	0001.070
-03.2143	-00.3711	0001.071
-03.2170	-00.3708	0001.072
-03.2201	-00.3714	0001.073
-03.2232	-00.3708	0001.074
-03.2256	-00.3714	0001.075
-03.2283	-00.3714	0001.076
-03.2323	-00.3714	0001.077
-03.2354	-00.3717	0001.078
-03.2381	-00.3717	0001.079
-03.2415	-00.3717	0001.080
-03.2436	-00.3720	0001.081
-03.2473	-00.3723	0001.082
-03.2506	-00.3720	0001.083
-03.2531	-00.3720	0001.084
-03.2561	-00.3726	0001.085
-03.2595	-00.3726	0001.086
-03.2625	-00.3723	0001.087
-03.2650	-00.3726	0001.088
-03.2683	-00.3726	0001.089
-03.2720	-00.3729	0001.090
-03.2741	-00.3735	0001.091
-03.2772	-00.3732	0001.092
-03.2802	-00.3729	0001.093
-03.2824	-00.3729	0001.094
-03.2863	-00.3732	0001.095
-03.2891	-00.3732	0001.096
-03.2918	-00.3732	0001.097
-03.2952	-00.3738	0001.098
-03.2988	-00.3741	0001.099
-03.3010	-00.3738	0001.100
-03.3043	-00.3738	0001.101
-03.3074	-00.3741	0001.102
-03.3095	-00.3744	0001.103
-03.3132	-00.3741	0001.104
-03.3165	-00.3744	0001.105
-03.3187	-00.3744	0001.106
-03.3220	-00.3744	0001.107
-03.3254	-00.3741	0001.108
-03.3281	-00.3744	0001.109
-03.3318	-00.3747	0001.110
-03.3339	-00.3747	0001.111
-03.3370	-00.3753	0001.112
-03.3410	-00.3741	0001.113
-03.3431	-00.3753	0001.114
-03.3464	-00.3756	0001.115
-03.3492	-00.3753	0001.116
-03.3535	-00.3756	0001.117
-03.3556	-00.3759	0001.118
-03.3577	-00.3753	0001.119
-03.3614	-00.3756	0001.120
-03.3648	-00.3759	0001.121
-03.3672	-00.3756	0001.122
-03.3709	-00.3759	0001.123
-03.3733	-00.3759	0001.124
-03.3760	-00.3766	0001.125
-03.3794	-00.3762	0001.126
-03.3821	-00.3766	0001.127
-03.3855	-00.3766	0001.128
-03.3883	-00.3769	0001.129
-03.3910	-00.3772	0001.130
-03.3944	-00.3769	0001.131
-03.3977	-00.3769	0001.132
-03.4005	-00.3772	0001.133
-03.4035	-00.3772	0001.134
-03.4063	-00.3769	0001.135
-03.4087	-00.3769	0001.136
-03.4133	-00.3772	0001.137
-03.4151	-00.3781	0001.138
-03.4185	-00.3775	0001.139
-03.4215	-00.3775	0001.140
-03.4243	-00.3778	0001.141
-03.4273	-00.3784	0001.142
-03.4301	-00.3778	0001.143
-03.4334	-00.3778	0001.144
-03.4365	-00.3784	0001.145
-03.4395	-00.3787	0001.146
-03.4426	-00.3784	0001.147
-03.4456	-00.3787	0001.148
-03.4487	-00.3787	0001.149
-03.4517	-00.3787	0001.150
-03.4548	-00.3787	0001.151
-03.4578	-00.3787	0001.152
-03.4609	-00.3787	0001.153
-03.4633	-00.3793	0001.154
-03.4670	-00.3787	0001.155
-03.4694	-00.3793	0001.156
-03.4725	-00.3793	0001.157
-03.4761	-00.3793	0001.158
-03.4783	-00.3796	0001.159
-03.4813	-00.3796	0001.160
-03.4844	-00.3796	0001.161
-03.4871	-00.3799	0001.162
-03.4911	-00.3799	0001.163
-03.4941	-00.3793	0001.164
-03.4966	-00.3799	0001.165
-03.4999	-00.3799	0001.166
-03.5027	-00.3802	0001.167
-03.5061	-00.3805	0001.168
-03.5085	-00.3808	0001.169
-03.5118	-00.3802	0001.170
-03.5143	-00.3808	0001.171
-03.5173	-00.3805	0001.172
-03.5207	-00.3808	0001.173
-03.5238	-00.3811	0001.174
-03.5262	-00.3808	0001.175
-03.5302	-00.3811	0001.176
-03.5323	-00.3811	0001.177
-03.5357	-00.3811	0001.178
-03.5381	-00.3814	0001.179
-03.5415	-00.3814	0001.180
-03.5448	-00.3814	0001.181
-03.5476	-00.3820	0001.182
-03.5503	-00.3817	0001.183
-03.5537	-00.3820	0001.184
-03.5570	-00.3817	0001.185
-03.5601	-00.3817	0001.186
-03.5631	-00.3823	0001.187
-03.5662	-00.3823	0001.188
-03.5683	-00.3823	0001.189
-03.5717	-00.3820	0001.190
-03.5744	-00.3827	0001.191
-03.5781	-00.3830	0001.192
-03.5811	-00.3823	0001.193
-03.5836	-00.3827	0001.194
-03.5863	-00.3830	0001.195
-03.5903	-00.3827	0001.196
-03.5933	-00.3830	0001.197
-03.5955	-00.3833	0001.198
-03.5985	-00.3833	0001.199
-03.6016	-00.3830	0001.200
-03.6055	-00.3833	0001.201
-03.6077	-00.3833	0001.202
-03.6104	-00.3839	0001.203
-03.6144	-00.3839	0001.204
-03.6171	-00.3839	0001.205
-03.6193	-00.3836	0001.206
-03.6232	-00.3842	0001.207
-03.6254	-00.3848	0001.208
-03.6284	-00.3839	0001.209
-03.6312	-00.3845	0001.210
-03.6348	-00.3839	0001.211
-03.6379	-00.3845	0001.212
-03.6406	-00.3845	0001.213
-03.6434	-00.3848	0001.214
-03.6470	-00.3848	0001.215
-03.6498	-00.3845	0001.216
-03.6522	-00.3848	0001.217
-03.6550	-00.3851	0001.218
-03.6589	-00.3851	0001.219
-03.6614	-00.3851	0001.220
-03.6644	-00.3851	0001.221
-03.6675	-00.3854	0001.222
-03.6708	-00.3854	0001.223
-03.6742	-00.3857	0001.224
-03.6760	-00.3854	0001.225
-03.6797	-00.3857	0001.226
-03.6827	-00.3860	0001.227
-03.6852	-00.3860	0001.228
-03.6882	-00.3860	0001.229
-03.6913	-00.3863	0001.230
-03.6950	-00.3860	0001.231
-03.6974	-00.3866	0001.232
-03.7014	-00.3860	0001.233
-03.7038	-00.3866	0001.234
-03.7072	-00.3863	0001.235
-03.7099	-00.3866	0001.236
-03.7130	-00.3866	0001.237
-03.7154	-00.3866	0001.238
-03.7197	-00.3866	0001.239
-03.7221	-00.3869	0001.240
-03.7249	-00.3869	0001.241
-03.7282	-00.3872	0001.242
-03.7300	-00.3872	0001.243
-03.7343	-00.3875	0001.244
-03.7368	-00.3875	0001.245
-03.7398	-00.3875	0001.246
-03.7432	-00.3878	0001.247
-03.7462	-00.3875	0001.248
-03.7493	-00.3878	0001.249
-03.7514	-00.3881	0001.250
-03.7551	-00.3881	0001.251
-03.7575	-00.3881	0001.252
-03.7612	-00.3881	0001.253
-03.7633	-00.3881	0001.254
-03.7673	-00.3888	0001.255
-03.7703	-00.3888	0001.256
-03.7731	-00.3888	0001.257
-03.7758	-00.3885	0001.258
-03.7795	-00.3888	0001.259
-03.7819	-00.3888	0001.260
-03.7856	-00.3891	0001.261
-03.7880	-00.3894	0001.262
-03.7917	-00.3891	0001.263
-03.7938	-00.3897	0001.264
-03.7966	-00.3891	0001.265
-03.8002	-00.3891	0001.266
-03.8033	-00.3897	0001.267
-03.8057	-00.3894	0001.268
-03.8094	-00.3897	0001.269
-03.8118	-00.3894	0001.270
-03.8149	-00.3903	0001.271
-03.8176	-00.3900	0001.272
-03.8207	-00.3900	0001.273
-03.8237	-00.3903	0001.274
-03.8268	-00.3897	0001.275
-03.8301	-00.3903	0001.276
-03.8329	-00.3900	0001.277
-03.8363	-00.3906	0001.278
-03.8390	-00.3906	0001.279
-03.8420	-00.3903	0001.280
-03.8457	-00.3906	0001.281
-03.8478	-00.3909	0001.282
-03.8509	-00.3909	0001.283
-03.8536	-00.3909	0001.284
-03.8576	-00.3909	0001.285
-03.8597	-00.3912	0001.286
-03.8628	-00.3915	0001.287
-03.8665	-00.3915	0001.288
-03.8686	-00.3915	0001.289
-03.8723	-00.3915	0001.290
-03.8759	-00.3915	0001.291
-03.8784	-00.3915	0001.292
-03.8811	-00.3915	0001.293
-03.8842	-00.3921	0001.294
-03.8872	-00.3918	0001.295
-03.8897	-00.3921	0001.296
-03.8927	-00.3918	0001.297
-03.8955	-00.3921	0001.298
-03.8991	-00.3924	0001.299
-03.9028	-00.3927	0001.300
-03.9049	-00.3927	0001.301
-03.9083	-00.3927	0001.302
-03.9110	-00.3930	0001.303
-03.9141	-00.3924	0001.304
-03.9171	-00.3930	0001.305
-03.9208	-00.3927	0001.306
-03.9232	-00.3930	0001.307
-03.9260	-00.3939	0001.308
-03.9290	-00.3936	0001.309
-03.9324	-00.3933	0001.310
-03.9357	-00.3936	0001.311
-03.9382	-00.3939	0001.312
-03.9418	-00.3939	0001.313
-03.9440	-00.3936	0001.314
-03.9476	-00.3936	0001.315
-03.9510	-00.3946	0001.316
-03.9528	-00.3939	0001.317
-03.9559	-00.3939	0001.318
-03.9598	-00.3943	0001.319
-03.9617	-00.3939	0001.320
-03.9650	-00.3943	0001.321
-03.9687	-00.3943	0001.322
-03.9711	-00.3946	0001.323
-03.9742	-00.3949	0001.324
-03.9772	-00.3949	0001.325
-03.9803	-00.3949	0001.326
-03.9837	-00.3949	0001.327
-03.9858	-00.3952	0001.328
-03.9891	-00.3949	0001.329
-03.9922	-00.3952	0001.330
-03.9956	-00.3955	0001.331
-03.9986	-00.3955	0001.332
-04.0010	-00.3958	0001.333
-04.0047	-00.3958	0001.334
-04.0081	-00.3958	0001.335
-04.0102	-00.3955	0001.336
-04.0133	-00.3964	0001.337
-04.0151	-00.3958	0001.338
-04.0194	-00.3958	0001.339
-04.0230	-00.3961	0001.340
-04.0252	-00.3961	0001.341
-04.0285	-00.3964	0001.342
-04.0319	-00.3961	0001.343
-04.0340	-00.3970	0001.344
-04.0368	-00.3970	0001.345
-04.0401	-00.3967	0001.346
-04.0429	-00.3967	0001.347
-04.0462	-00.3973	0001.348
-04.0490	-00.3970	0001.349
-04.0523	-00.3970	0001.350
-04.0551	-00.3967	0001.351
-04.0587	-00.3973	0001.352
-04.0615	-00.3973	0001.353
-04.0648	-00.3976	0001.354
-04.0670	-00.3979	0001.355
-04.0715	-00.3976	0001.356
-04.0737	-00.3979	0001.357
-04.0770	-00.3976	0001.358
-04.0792	-00.3979	0001.359
-04.0819	-00.3979	0001.360
-04.0859	-00.3982	0001.361
-04.0886	-00.3979	0001.362
-04.0914	-00.3985	0001.363
-04.0950	-00.3985	0001.364
-04.0975	-00.3988	0001.365
-04.1005	-00.3982	0001.366
-04.1036	-00.3985	0001.367
-04.1060	-00.3985	0001.368
-04.1094	-00.3988	0001.369
-04.1124	-00.3985	0001.370
-04.1158	-00.3994	0001.371
-04.1182	-00.3991	0001.372
-04.1213	-00.3994	0001.373
-04.1243	-00.3988	0001.374
-04.1277	-00.3991	0001.375
-04.1304	-00.3994	0001.376
-04.1329	-00.3997	0001.377
-04.1365	-00.3997	0001.378
-04.1396	-00.3994	0001.379
-04.1430	-00.3997	0001.380
-04.1451	-00.4000	0001.381
-04.1481	-00.4000	0001.382
-04.1515	-00.4004	0001.383
-04.1542	-00.4000	0001.384
-04.1579	-00.4007	0001.385
-04.1610	-00.4004	0001.386
-04.1634	-00.4007	0001.387
-04.1668	-00.4004	0001.388
-04.1695	-00.4010	0001.389
-04.1722	-00.4007	0001.390
-04.1750	-00.4007	0001.391
-04.1787	-00.4007	0001.392
-04.1820	-00.4013	0001.393
-04.1845	-00.4016	0001.394
-04.1875	-00.4010	0001.395
-04.1903	-00.4013	0001.396
-04.1936	-00.4016	0001.397
-04.1964	-00.4016	0001.398
-04.2003	-00.4013	0001.399
-04.2031	-00.4016	0001.400
-04.2049	-00.4019	0001.401
-04.2086	-00.4019	0001.402
-04.2113	-00.4022	0001.403
-04.2147	-00.4019	0001.404
-04.2177	-00.4019	0001.405
-04.2205	-00.4019	0001.406
-04.2235	-00.4025	0001.407
-04.2260	-00.4022	0001.408
-04.2299	-00.4025	0001.409
-04.2336	-00.4022	0001.410
-04.2354	-00.4025	0001.411
-04.2388	-00.4028	0001.412
-04.2412	-00.4031	0001.413
-04.2452	-00.4028	0001.414
-04.2473	-00.4031	0001.415
-04.2510	-00.4031	0001.416
-04.2537	-00.4031	0001.417
-04.2571	-00.4028	0001.418
-04.2586	-00.4037	0001.419
-04.2620	-00.4034	0001.420
-04.2653	-00.4034	0001.421
-04.2684	-00.4034	0001.422
-04.2720	-00.4040	0001.423
-04.2748	-00.4040	0001.424
-04.2781	-00.4040	0001.425
-04.2800	-00.4043	0001.426
-04.2836	-00.4040	0001.427
-04.2864	-00.4040	0001.428
-04.2891	-00.4043	0001.429
-04.2928	-00.4043	0001.430
-04.2958	-00.4043	0001.431
-04.2989	-00.4043	0001.432
-04.3019	-00.4046	0001.433
-04.3047	-00.4049	0001.434
-04.3081	-00.4049	0001.435
-04.3111	-00.4049	0001.436
-04.3129	-00.4049	0001.437
-04.3166	-00.4049	0001.438
-04.3196	-00.4052	0001.439
-04.3230	-00.4049	0001.440
-04.3261	-00.4055	0001.441
-04.3297	-00.4055	0001.442
-04.3312	-00.4052	0001.443
-04.3346	-00.4055	0001.444
-04.3377	-00.4058	0001.445
-04.3416	-00.4058	0001.446
-04.3450	-00.4058	0001.447
-04.3468	-00.4062	0001.448
-04.3489	-00.4058	0001.449
-04.3529	-00.4058	0001.450
-04.3557	-00.4065	0001.451
-04.3590	-00.4065	0001.452
-04.3624	-00.4068	0001.453
-04.3651	-00.4065	0001.454
-04.3676	-00.4068	0001.455
-04.3706	-00.4068	0001.456
-04.3734	-00.4068	0001.457
-04.3764	-00.4071	0001.458
-04.3804	-00.4071	0001.459
-04.3825	-00.4074	0001.460
-04.3862	-00.4071	0001.461
-04.3889	-00.4071	0001.462
-04.3923	-00.4077	0001.463
-04.3941	-00.4077	0001.464
-04.3993	-00.4074	0001.465
-04.4008	-00.4077	0001.466
-04.4036	-00.4077	0001.467
-04.4072	-00.4080	0001.468
-04.4103	-00.4080	0001.469
-04.4127	-00.4080	0001.470
-04.4158	-00.4080	0001.471
-04.4194	-00.4086	0001.472
-04.4219	-00.4077	0001.473
-04.4240	-00.4089	0001.474
-04.4277	-00.4083	0001.475
-04.4313	-00.4086	0001.476
-04.4344	-00.4086	0001.477
-04.4368	-00.4089	0001.478
-04.4393	-00.4092	0001.479
-04.4423	-00.4089	0001.480
-04.4463	-00.4092	0001.481
-04.4493	-00.4092	0001.482
-04.4518	-00.4092	0001.483
-04.4551	-00.4092	0001.484
-04.4582	-00.4092	0001.485
-04.4613	-00.4095	0001.486
-04.4637	-00.4098	0001.487
-04.4670	-00.4098	0001.488
-04.4698	-00.4095	0001.489
-04.4722	-00.4098	0001.490
-04.4759	-00.4098	0001.491
-04.4790	-00.4101	0001.492
-04.4823	-00.4098	0001.493
-04.4854	-00.4101	0001.494
-04.4878	-00.4101	0001.495
-04.4918	-00.4107	0001.496
-04.4936	-00.4110	0001.497
-04.4973	-00.4107	0001.498
-04.5006	-00.4104	0001.499
-04.5028	-00.4110	0001.500
-04.5070	-00.4107	0001.501
-04.5034	-00.4107	0001.502
-04.5006	-00.4107	0001.503
-04.4982	-00.4110	0001.504
-04.4942	-00.4107	0001.505
-04.4909	-00.4113	0001.506
-04.4887	-00.4107	0001.507
-04.4857	-00.4113	0001.508
-04.4826	-00.4110	0001.509
-04.4799	-00.4113	0001.510
-04.4762	-00.4110	0001.511
-04.4738	-00.4107	0001.512
-04.4701	-00.4113	0001.513
-04.4677	-00.4110	0001.514
-04.4649	-00.4110	0001.515
-04.4613	-00.4110	0001.516
-04.4588	-00.4110	0001.517
-04.4555	-00.4104	0001.518
-04.4521	-00.4107	0001.519
-04.4493	-00.4107	0001.520
-04.4460	-00.4110	0001.521
-04.4432	-00.4104	0001.522
-04.4402	-00.4110	0001.523
-04.4365	-00.4104	0001.524
-04.4344	-00.4104	0001.525
-04.4301	-00.4104	0001.526
-04.4286	-00.4107	0001.527
-04.4246	-00.4107	0001.528
-04.4228	-00.4110	0001.529
-04.4197	-00.4104	0001.530
-04.4164	-00.4107	0001.531
-04.4133	-00.4104	0001.532
-04.4094	-00.4104	0001.533
-04.4069	-00.4107	0001.534
-04.4042	-00.4107	0001.535
-04.4014	-00.4104	0001.536
-04.3987	-00.4107	0001.537
-04.3947	-00.4104	0001.538
-04.3932	-00.4104	0001.539
-04.3892	-00.4098	0001.540
-04.3859	-00.4104	0001.541
-04.3831	-00.4101	0001.542
-04.3798	-00.4101	0001.543
-04.3770	-00.4107	0001.544
-04.3740	-00.4107	0001.545
-04.3709	-00.4104	0001.546
-04.3682	-00.4101	0001.547
-04.3651	-00.4101	0001.548
-04.3612	-00.4104	0001.549
-04.3599	-00.4101	0001.550
-04.3563	-00.4101	0001.551
-04.3529	-00.4101	0001.552
-04.3508	-00.4104	0001.553
-04.3474	-00.4101	0001.554
-04.3441	-00.4104	0001.555
-04.3413	-00.4104	0001.556
-04.3383	-00.4098	0001.557
-04.3352	-00.4095	0001.558
-04.3312	-00.4101	0001.559
-04.3288	-00.4098	0001.560
-04.3261	-00.4098	0001.561
-04.3227	-00.4098	0001.562
-04.3203	-00.4098	0001.563
-04.3166	-00.4098	0001.564
-04.3139	-00.4098	0001.565
-04.3120	-00.4098	0001.566
-04.3084	-00.4095	0001.567
-04.3050	-00.4098	0001.568
-04.3019	-00.4098	0001.569
-04.2992	-00.4095	0001.570
-04.2952	-00.4098	0001.571
-04.2928	-00.4095	0001.572
-04.2904	-00.4095	0001.573
-04.2867	-00.4095	0001.574
-04.2836	-00.4098	0001.575
-04.2812	-00.4095	0001.576
-04.2775	-00.4095	0001.577
-04.2751	-00.4095	0001.578
-04.2720	-00.4095	0001.579
-04.2696	-00.4092	0001.580
-04.2656	-00.4092	0001.581
-04.2629	-00.4092	0001.582
-04.2598	-00.4095	0001.583
-04.2577	-00.4092	0001.584
-04.2534	-00.4092	0001.585
-04.2507	-00.4092	0001.586
-04.2473	-00.4092	0001.587
-04.2446	-00.4092	0001.588
-04.2421	-00.4095	0001.589
-04.2388	-00.4086	0001.590
-04.2357	-00.4089	0001.591
-04.2330	-00.4092	0001.592
-04.2302	-00.4089	0001.593
-04.2266	-00.4089	0001.594
-04.2241	-00.4089	0001.595
-04.2211	-00.4086	0001.596
-04.2177	-00.4086	0001.597
-04.2150	-00.4089	0001.598
-04.2125	-00.4089	0001.599
-04.2086	-00.4086	0001.600
-04.2058	-00.4089	0001.601
-04.2034	-00.4086	0001.602
-04.2003	-00.4086	0001.603
-04.1967	-00.4086	0001.604
-04.1939	-00.4089	0001.605
-04.1906	-00.4086	0001.606
-04.1884	-00.4083	0001.607
-04.1857	-00.4083	0001.608
-04.1826	-00.4086	0001.609
-04.1790	-00.4080	0001.610
-04.1762	-00.4086	0001.611
-04.1729	-00.4086	0001.612
-04.1704	-00.4086	0001.613
-04.1671	-00.4083	0001.614
-04.1643	-00.4083	0001.615
-04.1603	-00.4083	0001.616
-04.1579	-00.4083	0001.617
-04.1542	-00.4083	0001.618
-04.1512	-00.4080	0001.619
-04.1494	-00.4083	0001.620
-04.1460	-00.4080	0001.621
-04.1430	-00.4080	0001.622
-04.1396	-00.4080	0001.623
-04.1365	-00.4083	0001.624
-04.1329	-00.4077	0001.625
-04.1311	-00.4080	0001.626
-04.1283	-00.4080	0001.627
-04.1237	-00.4074	0001.628
-04.1228	-00.4077	0001.629
-04.1191	-00.4077	0001.630
-04.1158	-00.4080	0001.631
-04.1130	-00.4077	0001.632
-04.1100	-00.4077	0001.633
-04.1063	-00.4077	0001.634
-04.1036	-00.4080	0001.635
-04.1008	-00.4074	0001.636
-04.0981	-00.4074	0001.637
-04.0950	-00.4074	0001.638
-04.0920	-00.4071	0001.639
-04.0889	-00.4077	0001.640
-04.0856	-00.4071	0001.641
-04.0831	-00.4077	0001.642
-04.0804	-00.4071	0001.643
-04.0767	-00.4074	0001.644
-04.0746	-00.4074	0001.645
-04.0709	-00.4071	0001.646
-04.0679	-00.4071	0001.647
-04.0648	-00.4074	0001.648
-04.0621	-00.4068	0001.649
-04.0587	-00.4071	0001.650
-04.0554	-00.4074	0001.651
-04.0532	-00.4068	0001.652
-04.0502	-00.4071	0001.653
-04.0465	-00.4065	0001.654
-04.0444	-00.4068	0001.655
-04.0413	-00.4065	0001.656
-04.0371	-00.4071	0001.657
-04.0352	-00.4068	0001.658
-04.0319	-00.4065	0001.659
-04.0285	-00.4065	0001.660
-04.0258	-00.4068	0001.661
-04.0224	-00.4062	0001.662
-04.0200	-00.4065	0001.663
-04.0163	-00.4065	0001.664
-04.0139	-00.4068	0001.665
-04.0108	-00.4065	0001.666
-04.0078	-00.4062	0001.667
-04.0053	-00.4062	0001.668
-04.0023	-00.4065	0001.669
-03.9989	-00.4062	0001.670
-03.9962	-00.4058	0001.671
-03.9928	-00.4062	0001.672
-03.9898	-00.4062	0001.673
-03.9870	-00.4062	0001.674
-03.9837	-00.4062	0001.675
-03.9809	-00.4058	0001.676
-03.9775	-00.4058	0001.677
-03.9745	-00.4055	0001.678
-03.9721	-00.4055	0001.679
-03.9684	-00.4062	0001.680
-03.9663	-00.4058	0001.681
-03.9620	-00.4055	0001.682
-03.9592	-00.4055	0001.683
-03.9568	-00.4058	0001.684
-03.9537	-00.4055	0001.685
-03.9501	-00.4055	0001.686
-03.9467	-00.4052	0001.687
-03.9446	-00.4055	0001.688
-03.9415	-00.4052	0001.689
-03.9388	-00.4055	0001.690
-03.9357	-00.4052	0001.691
-03.9321	-00.4052	0001.692
-03.9293	-00.4055	0001.693
-03.9263	-00.4052	0001.694
-03.9229	-00.4052	0001.695
-03.9205	-00.4052	0001.696
-03.9171	-00.4046	0001.697
-03.9144	-00.4052	0001.698
-03.9110	-00.4046	0001.699
-03.9095	-00.4052	0001.700
-03.9049	-00.4046	0001.701
-03.9034	-00.4049	0001.702
-03.8994	-00.4052	0001.703
-03.8964	-00.4046	0001.704
-03.8939	-00.4046	0001.705
-03.8906	-00.4049	0001.706
-03.8875	-00.4049	0001.707
-03.8842	-00.4043	0001.708
-03.8817	-00.4043	0001.709
-03.8790	-00.4043	0001.710
-03.8753	-00.4040	0001.711
-03.8729	-00.4049	0001.712
-03.8695	-00.4043	0001.713
-03.8668	-00.4046	0001.714
-03.8631	-00.4043	0001.715
-03.8604	-00.4040	0001.716
-03.8573	-00.4040	0001.717
-03.8543	-00.4040	0001.718
-03.8518	-00.4043	0001.719
-03.8488	-00.4040	0001.720
-03.8460	-00.4043	0001.721
-03.8427	-00.4040	0001.722
-03.8390	-00.4037	0001.723
-03.8356	-00.4037	0001.724
-03.8332	-00.4034	0001.725
-03.8305	-00.4037	0001.726
-03.8277	-00.4040	0001.727
-03.8240	-00.4037	0001.728
-03.8213	-00.4037	0001.729
-03.8182	-00.4037	0001.730
-03.8158	-00.4037	0001.731
-03.8124	-00.4037	0001.732
-03.8100	-00.4034	0001.733
-03.8063	-00.4031	0001.734
-03.8033	-00.4037	0001.735
-03.8005	-00.4028	0001.736
-03.7969	-00.4034	0001.737
-03.7944	-00.4034	0001.738
-03.7911	-00.4028	0001.739
-03.7883	-00.4031	0001.740
-03.7850	-00.4034	0001.741
-03.7825	-00.4031	0001.742
-03.7795	-00.4031	0001.743
-03.7761	-00.4031	0001.744
-03.7740	-00.4028	0001.745
-03.7700	-00.4025	0001.746
-03.7673	-00.4028	0001.747
-03.7639	-00.4025	0001.748
-03.7612	-00.4028	0001.749
-03.7581	-00.4028	0001.750
-03.7551	-00.4028	0001.751
-03.7526	-00.4025	0001.752
-03.7493	-00.4025	0001.753
-03.7456	-00.4022	0001.754
-03.7432	-00.4022	0001.755
-03.7401	-00.4025	0001.756
-03.7371	-00.4022	0001.757
-03.7346	-00.4022	0001.758
-03.7322	-00.4022	0001.759
-03.7276	-00.4022	0001.760
-03.7258	-00.4022	0001.761
-03.7221	-00.4022	0001.762
-03.7188	-00.4019	0001.763
-03.7160	-00.4025	0001.764
-03.7133	-00.4022	0001.765
-03.7105	-00.4016	0001.766
-03.7072	-00.4019	0001.767
-03.7035	-00.4016	0001.768
-03.7017	-00.4019	0001.769
-03.6983	-00.4016	0001.770
-03.6956	-00.4016	0001.771
-03.6922	-00.4016	0001.772
-03.6901	-00.4016	0001.773
-03.6858	-00.4016	0001.774
-03.6834	-00.4016	0001.775
-03.6806	-00.4019	0001.776
-03.6776	-00.4013	0001.777
-03.6748	-00.4010	0001.778
-03.6708	-00.4016	0001.779
-03.6678	-00.4016	0001.780
-03.6650	-00.4013	0001.781
-03.6620	-00.4007	0001.782
-03.6589	-00.4013	0001.783
-03.6559	-00.4013	0001.784
-03.6531	-00.4013	0001.785
-03.6501	-00.4013	0001.786
-03.6473	-00.4010	0001.787
-03.6440	-00.4010	0001.788
-03.6409	-00.4013	0001.789
-03.6376	-00.4010	0001.790
-03.6351	-00.4007	0001.791
-03.6321	-00.4004	0001.792
-03.6290	-00.4007	0001.793
-03.6248	-00.4004	0001.794
-03.6232	-00.4007	0001.795
-03.6202	-00.4004	0001.796
-03.6174	-00.4000	0001.797
-03.6147	-00.4004	0001.798
-03.6110	-00.4004	0001.799
-03.6080	-00.4010	0001.800
-03.6052	-00.4000	0001.801
-03.6019	-00.4000	0001.802
-03.5988	-00.3997	0001.803
-03.5958	-00.4000	0001.804
-03.5927	-00.4000	0001.805
-03.5903	-00.4004	0001.806
-03.5869	-00.3997	0001.807
-03.5839	-00.4000	0001.808
-03.5811	-00.3997	0001.809
-03.5784	-00.3997	0001.810
-03.5750	-00.3997	0001.811
-03.5720	-00.4000	0001.812
-03.5686	-00.3994	0001.813
-03.5668	-00.3994	0001.814
-03.5634	-00.3997	0001.815
-03.5601	-00.3997	0001.816
-03.5567	-00.3994	0001.817
-03.5546	-00.3994	0001.818
-03.5503	-00.3994	0001.819
-03.5488	-00.3991	0001.820
-03.5454	-00.3991	0001.821
-03.5421	-00.3994	0001.822
-03.5390	-00.3988	0001.823
-03.5360	-00.3991	0001.824
-03.5326	-00.3991	0001.825
-03.5299	-00.3991	0001.826
-03.5259	-00.3985	0001.827
-03.5238	-00.3991	0001.828
-03.5210	-00.3988	0001.829
-03.5176	-00.3988	0001.830
-03.5149	-00.3985	0001.831
-03.5115	-00.3988	0001.832
-03.5088	-00.3988	0001.833
-03.5057	-00.3988	0001.834
-03.5027	-00.3979	0001.835
-03.4999	-00.3985	0001.836
-03.4969	-00.3985	0001.837
-03.4941	-00.3982	0001.838
-03.4908	-00.3982	0001.839
-03.4880	-00.3982	0001.840
-03.4841	-00.3976	0001.841
-03.4816	-00.3982	0001.842
-03.4786	-00.3985	0001.843
-03.4761	-00.3982	0001.844
-03.4728	-00.3982	0001.845
-03.4694	-00.3979	0001.846
-03.4667	-00.3979	0001.847
-03.4636	-00.3976	0001.848
-03.4606	-00.3976	0001.849
-03.4581	-00.3979	0001.850
-03.4548	-00.3979	0001.851
-03.4517	-00.3976	0001.852
-03.4487	-00.3973	0001.853
-03.4456	-00.3976	0001.854
-03.4429	-00.3976	0001.855
-03.4395	-00.3976	0001.856
-03.4371	-00.3970	0001.857
-03.4340	-00.3973	0001.858
-03.4304	-00.3973	0001.859
-03.4279	-00.3973	0001.860
-03.4252	-00.3967	0001.861
-03.4215	-00.3970	0001.862
-03.4191	-00.3973	0001.863
-03.4157	-00.3973	0001.864
-03.4124	-00.3970	0001.865
-03.4093	-00.3970	0001.866
-03.4066	-00.3970	0001.867
-03.4041	-00.3970	0001.868
-03.4008	-00.3967	0001.869
-03.3974	-00.3967	0001.870
-03.3947	-00.3970	0001.871
-03.3916	-00.3964	0001.872
-03.3883	-00.3964	0001.873
-03.3861	-00.3967	0001.874
-03.3821	-00.3964	0001.875
-03.3794	-00.3958	0001.876
-03.3764	-00.3961	0001.877
-03.3730	-00.3961	0001.878
-03.3709	-00.3958	0001.879
-03.3678	-00.3964	0001.880
-03.3651	-00.3961	0001.881
-03.3617	-00.3958	0001.882
-03.3583	-00.3958	0001.883
-03.3559	-00.3955	0001.884
-03.3529	-00.3958	0001.885
-03.3501	-00.3958	0001.886
-03.3461	-00.3955	0001.887
-03.3440	-00.3952	0001.888
-03.3400	-00.3955	0001.889
-03.3382	-00.3958	0001.890
-03.3352	-00.3952	0001.891
-03.3306	-00.3955	0001.892
-03.3284	-00.3952	0001.893
-03.3260	-00.3949	0001.894
-03.3229	-00.3952	0001.895
-03.3193	-00.3949	0001.896
-03.3165	-00.3955	0001.897
-03.3138	-00.3949	0001.898
-03.3113	-00.3955	0001.899
-03.3071	-00.3952	0001.900
-03.3049	-00.3949	0001.901
-03.3013	-00.3949	0001.902
-03.2988	-00.3949	0001.903
-03.2955	-00.3949	0001.904
-03.2921	-00.3943	0001.905
-03.2903	-00.3946	0001.906
-03.2863	-00.3949	0001.907
-03.2839	-00.3946	0001.908
-03.2799	-00.3949	0001.909
-03.2769	-00.3939	0001.910
-03.2738	-00.3946	0001.911
-03.2720	-00.3946	0001.912
-03.2683	-00.3946	0001.913
-03.2656	-00.3943	0001.914
-03.2631	-00.3936	0001.915
-03.2598	-00.3943	0001.916
-03.2564	-00.3943	0001.917
-03.2540	-00.3936	0001.918
-03.2494	-00.3939	0001.919
-03.2470	-00.3936	0001.920
-03.2448	-00.3936	0001.921
-03.2412	-00.3939	0001.922
-03.2387	-00.3933	0001.923
-03.2351	-00.3936	0001.924
-03.2329	-00.3933	0001.925
-03.2296	-00.3933	0001.926
-03.2268	-00.3933	0001.927
-03.2241	-00.3927	0001.928
-03.2210	-00.3933	0001.929
-03.2177	-00.3930	0001.930
-03.2143	-00.3933	0001.931
-03.2116	-00.3927	0001.932
-03.2088	-00.3930	0001.933
-03.2055	-00.3927	0001.934
-03.2024	-00.3927	0001.935
-03.1990	-00.3924	0001.936
-03.1960	-00.3930	0001.937
-03.1936	-00.3930	0001.938
-03.1905	-00.3927	0001.939
-03.1874	-00.3927	0001.940
-03.1847	-00.3924	0001.941
-03.1813	-00.3924	0001.942
-03.1780	-00.3924	0001.943
-03.1759	-00.3927	0001.944
-03.1722	-00.3924	0001.945
-03.1697	-00.3927	0001.946
-03.1667	-00.3924	0001.947
-03.1633	-00.3921	0001.948
-03.1606	-00.3918	0001.949
-03.1569	-00.3921	0001.950
-03.1542	-00.3921	0001.951
-03.1514	-00.3918	0001.952
-03.1490	-00.3921	0001.953
-03.1459	-00.3915	0001.954
-03.1420	-00.3915	0001.955
-03.1389	-00.3915	0001.956
-03.1365	-00.3918	0001.957
-03.1334	-00.3915	0001.958
-03.1304	-00.3912	0001.959
-03.1273	-00.3915	0001.960
-03.1243	-00.3912	0001.961
-03.1212	-00.3912	0001.962
-03.1176	-00.3915	0001.963
-03.1151	-00.3909	0001.964
-03.1118	-00.3906	0001.965
-03.1096	-00.3912	0001.966
-03.1063	-00.3906	0001.967
-03.1032	-00.3912	0001.968
-03.1005	-00.3909	0001.969
-03.0971	-00.3909	0001.970
-03.0944	-00.3909	0001.971
-03.0913	-00.3903	0001.972
-03.0877	-00.3903	0001.973
-03.0855	-00.3909	0001.974
-03.0825	-00.3903	0001.975
-03.0791	-00.3900	0001.976
-03.0764	-00.3906	0001.977
-03.0733	-00.3900	0001.978
-03.0706	-00.3903	0001.979
-03.0672	-00.3903	0001.980
-03.0651	-00.3900	0001.981
-03.0608	-00.3900	0001.982
-03.0581	-00.3900	0001.983
-03.0550	-00.3900	0001.984
-03.0523	-00.3897	0001.985
-03.0495	-00.3894	0001.986
-03.0462	-00.3903	0001.987
-03.0428	-00.3897	0001.988
-03.0400	-00.3897	0001.989
-03.0373	-00.3894	0001.990
-03.0336	-00.3894	0001.991
-03.0312	-00.3897	0001.992
-03.0285	-00.3891	0001.993
-03.0245	-00.3894	0001.994
-03.0223	-00.3891	0001.995
-03.0190	-00.3891	0001.996
-03.0162	-00.3888	0001.997
-03.0135	-00.3891	0001.998
-03.0101	-00.3891	0001.999
-03.0071	-00.3888	0002.000
-03.0031	-00.3888	0002.001
-03.0004	-00.3885	0002.002
-02.9982	-00.3891	0002.003
-02.9949	-00.3888	0002.004
-02.9921	-00.3891	0002.005
-02.9891	-00.3881	0002.006
-02.9860	-00.3885	0002.007
-02.9830	-00.3881	0002.008
-02.9802	-00.3878	0002.009
-02.9772	-00.3881	0002.010
-02.9741	-00.3881	0002.011
-02.9717	-00.3878	0002.012
-02.9686	-00.3881	0002.013
-02.9650	-00.3881	0002.014
-02.9625	-00.3878	0002.015
-02.9586	-00.3878	0002.016
-02.9564	-00.3875	0002.017
-02.9531	-00.3875	0002.018
-02.9503	-00.3881	0002.019
-02.9467	-00.3872	0002.020
-02.9436	-00.3875	0002.021
-02.9412	-00.3875	0002.022
-02.9384	-00.3872	0002.023
-02.9357	-00.3869	0002.024
-02.9317	-00.3875	0002.025
-02.9287	-00.3872	0002.026
-02.9262	-00.3872	0002.027
-02.9222	-00.3869	0002.028
-02.9198	-00.3872	0002.029
-02.9171	-00.3872	0002.030
-02.9140	-00.3872	0002.031
-02.9110	-00.3863	0002.032
-02.9085	-00.3866	0002.033
-02.9049	-00.3869	0002.034
-02.9021	-00.3866	0002.035
-02.8988	-00.3866	0002.036
-02.8966	-00.3866	0002.037
-02.8933	-00.3863	0002.038
-02.8899	-00.3863	0002.039
-02.8872	-00.3866	0002.040
-02.8844	-00.3863	0002.041
-02.8807	-00.3863	0002.042
-02.8780	-00.3860	0002.043
-02.8753	-00.3860	0002.044
-02.8722	-00.3860	0002.045
-02.8688	-00.3860	0002.046
-02.8661	-00.3857	0002.047
-02.8627	-00.3860	0002.048
-02.8603	-00.3857	0002.049
-02.8572	-00.3854	0002.050
-02.8539	-00.3854	0002.051
-02.8511	-00.3854	0002.052
-02.8478	-00.3848	0002.053
-02.8450	-00.3851	0002.054
-02.8420	-00.3854	0002.055
-02.8389	-00.3848	0002.056
-02.8359	-00.3845	0002.057
-02.8331	-00.3848	0002.058
-02.8298	-00.3851	0002.059
-02.8270	-00.3845	0002.060
-02.8240	-00.3851	0002.061
-02.8209	-00.3848	0002.062
-02.8182	-00.3848	0002.063
-02.8151	-00.3848	0002.064
-02.8121	-00.3851	0002.065
-02.8090	-00.3851	0002.066
-02.8057	-00.3845	0002.067
-02.8023	-00.3845	0002.068
-02.7999	-00.3845	0002.069
-02.7971	-00.3839	0002.070
-02.7938	-00.3845	0002.071
-02.7913	-00.3845	0002.072
-02.7877	-00.3839	0002.073
-02.7846	-00.3842	0002.074
-02.7822	-00.3839	0002.075
-02.7788	-00.3836	0002.076
-02.7758	-00.3842	0002.077
-02.7727	-00.3836	0002.078
-02.7700	-00.3833	0002.079
-02.7672	-00.3836	0002.080
-02.7636	-00.3833	0002.081
-02.7611	-00.3836	0002.082
-02.7575	-00.3833	0002.083
-02.7553	-00.3833	0002.084
-02.7523	-00.3830	0002.085
-02.7492	-00.3833	0002.086
-02.7456	-00.3827	0002.087
-02.7431	-00.3830	0002.088
-02.7394	-00.3827	0002.089
-02.7370	-00.3830	0002.090
-02.7340	-00.3830	0002.091
-02.7309	-00.3827	0002.092
-02.7279	-00.3830	0002.093
-02.7245	-00.3823	0002.094
-02.7217	-00.3827	0002.095
-02.7187	-00.3827	0002.096
-02.7163	-00.3827	0002.097
-02.7126	-00.3827	0002.098
-02.7102	-00.3823	0002.099
-02.7068	-00.3823	0002.100
-02.7034	-00.3817	0002.101
-02.7007	-00.3817	0002.102
-02.6967	-00.3814	0002.103
-02.6949	-00.3817	0002.104
-02.6925	-00.3820	0002.105
-02.6885	-00.3814	0002.106
-02.6851	-00.3817	0002.107
-02.6824	-00.3814	0002.108
-02.6796	-00.3817	0002.109
-02.6769	-00.3811	0002.110
-02.6735	-00.3808	0002.111
-02.6711	-00.3817	0002.112
-02.6677	-00.3814	0002.113
-02.6644	-00.3811	0002.114
-02.6616	-00.3808	0002.115
-02.6586	-00.3805	0002.116
-02.6558	-00.3805	0002.117
-02.6528	-00.3811	0002.118
-02.6497	-00.3805	0002.119
-02.6470	-00.3805	0002.120
-02.6439	-00.3808	0002.121
-02.6412	-00.3805	0002.122
-02.6378	-00.3805	0002.123
-02.6354	-00.3802	0002.124
-02.6317	-00.3799	0002.125
-02.6290	-00.3796	0002.126
-02.6259	-00.3802	0002.127
-02.6235	-00.3802	0002.128
-02.6195	-00.3799	0002.129
-02.6165	-00.3796	0002.130
-02.6134	-00.3802	0002.131
-02.6107	-00.3802	0002.132
-02.6079	-00.3799	0002.133
-02.6049	-00.3793	0002.134
-02.6009	-00.3796	0002.135
-02.5991	-00.3799	0002.136
-02.5954	-00.3793	0002.137
-02.5924	-00.3793	0002.138
-02.5899	-00.3793	0002.139
-02.5869	-00.3793	0002.140
-02.5838	-00.3793	0002.141
-02.5808	-00.3790	0002.142
-02.5774	-00.3787	0002.143
-02.5743	-00.3790	0002.144
-02.5719	-00.3787	0002.145
-02.5682	-00.3784	0002.146
-02.5655	-00.3787	0002.147
-02.5624	-00.3784	0002.148
-02.5600	-00.3787	0002.149
-02.5566	-00.3784	0002.150
-02.5542	-00.3784	0002.151
-02.5509	-00.3784	0002.152
-02.5475	-00.3781	0002.153
-02.5447	-00.3781	0002.154
-02.5420	-00.3781	0002.155
-02.5386	-00.3781	0002.156
-02.5356	-00.3781	0002.157
-02.5328	-00.3778	0002.158
-02.5289	-00.3778	0002.159
-02.5264	-00.3775	0002.160
-02.5234	-00.3778	0002.161
-02.5203	-00.3775	0002.162
-02.5176	-00.3772	0002.163
-02.5148	-00.3775	0002.164
-02.5118	-00.3772	0002.165
-02.5081	-00.3769	0002.166
-02.5057	-00.3775	0002.167
-02.5023	-00.3769	0002.168
-02.4996	-00.3769	0002.169
-02.4962	-00.3766	0002.170
-02.4935	-00.3772	0002.171
-02.4904	-00.3766	0002.172
-02.4877	-00.3759	0002.173
-02.4840	-00.3766	0002.174
-02.4816	-00.3766	0002.175
-02.4788	-00.3762	0002.176
-02.4755	-00.3766	0002.177
-02.4727	-00.3759	0002.178
-02.4694	-00.3759	0002.179
-02.4666	-00.3759	0002.180
-02.4636	-00.3766	0002.181
-02.4605	-00.3759	0002.182
-02.4578	-00.3756	0002.183
-02.4538	-00.3759	0002.184
-02.4514	-00.3756	0002.185
-02.4480	-00.3756	0002.186
-02.4456	-00.3756	0002.187
-02.4422	-00.3756	0002.188
-02.4398	-00.3753	0002.189
-02.4367	-00.3756	0002.190
-02.4334	-00.3750	0002.191
-02.4306	-00.3750	0002.192
-02.4279	-00.3747	0002.193
-02.4248	-00.3750	0002.194
-02.4215	-00.3750	0002.195
-02.4187	-00.3747	0002.196
-02.4147	-00.3747	0002.197
-02.4129	-00.3747	0002.198
-02.4096	-00.3744	0002.199
-02.4068	-00.3747	0002.200
-02.4031	-00.3744	0002.201
-02.4007	-00.3741	0002.202
-02.3973	-00.3741	0002.203
-02.3943	-00.3741	0002.204
-02.3919	-00.3744	0002.205
-02.3882	-00.3738	0002.206
-02.3854	-00.3741	0002.207
-02.3821	-00.3741	0002.208
-02.3787	-00.3738	0002.209
-02.3763	-00.3735	0002.210
-02.3735	-00.3738	0002.211
-02.3705	-00.3735	0002.212
-02.3674	-00.3732	0002.213
-02.3647	-00.3732	0002.214
-02.3610	-00.3732	0002.215
-02.3586	-00.3732	0002.216
-02.3555	-00.3732	0002.217
-02.3522	-00.3729	0002.218
-02.3491	-00.3729	0002.219
-02.3467	-00.3726	0002.220
-02.3433	-00.3729	0002.221
-02.3403	-00.3729	0002.222
-02.3378	-00.3729	0002.223
-02.3348	-00.3723	0002.224
-02.3311	-00.3723	0002.225
-02.3281	-00.3726	0002.226
-02.3253	-00.3720	0002.227
-02.3226	-00.3726	0002.228
-02.3192	-00.3720	0002.229
-02.3162	-00.3720	0002.230
-02.3131	-00.3717	0002.231
-02.3101	-00.3717	0002.232
-02.3070	-00.3714	0002.233
-02.3043	-00.3720	0002.234
-02.3015	-00.3717	0002.235
-02.2985	-00.3714	0002.236
-02.2957	-00.3714	0002.237
-02.2927	-00.3714	0002.238
-02.2893	-00.3711	0002.239
-02.2866	-00.3711	0002.240
-02.2832	-00.3714	0002.241
-02.2808	-00.3711	0002.242
-02.2771	-00.3708	0002.243
-02.2741	-00.3708	0002.244
-02.2710	-00.3708	0002.245
-02.2686	-00.3708	0002.246
-02.2655	-00.3704	0002.247
-02.2618	-00.3708	0002.248
-02.2594	-00.3708	0002.249
-02.2561	-00.3701	0002.250
-02.2530	-00.3701	0002.251
-02.2503	-00.3708	0002.252
-02.2469	-00.3701	0002.253
-02.2448	-00.3701	0002.254
-02.2408	-00.3698	0002.255
-02.2380	-00.3698	0002.256
-02.2356	-00.3695	0002.257
-02.2322	-00.3698	0002.258
-02.2292	-00.3698	0002.259
-02.2255	-00.3695	0002.260
-02.2234	-00.3692	0002.261
-02.2207	-00.3689	0002.262
-02.2170	-00.3692	0002.263
-02.2139	-00.3692	0002.264
-02.2115	-00.3692	0002.265
-02.2091	-00.3689	0002.266
-02.2045	-00.3689	0002.267
-02.2017	-00.3683	0002.268
-02.1996	-00.3689	0002.269
-02.1962	-00.3683	0002.270
-02.1929	-00.3683	0002.271
-02.1901	-00.3686	0002.272
-02.1874	-00.3683	0002.273
-02.1846	-00.3683	0002.274
-02.1810	-00.3680	0002.275
-02.1782	-00.3683	0002.276
-02.1749	-00.3680	0002.277
-02.1724	-00.3683	0002.278
-02.1694	-00.3677	0002.279
-02.1660	-00.3677	0002.280
-02.1630	-00.3677	0002.281
-02.1608	-00.3680	0002.282
-02.1575	-00.3674	0002.283
-02.1535	-00.3674	0002.284
-02.1514	-00.3674	0002.285
-02.1480	-00.3671	0002.286
-02.1453	-00.3671	0002.287
-02.1419	-00.3671	0002.288
-02.1389	-00.3674	0002.289
-02.1361	-00.3665	0002.290
-02.1328	-00.3662	0002.291
-02.1303	-00.3668	0002.292
-02.1270	-00.3671	0002.293
-02.1242	-00.3662	0002.294
-02.1209	-00.3662	0002.295
-02.1181	-00.3668	0002.296
-02.1151	-00.3665	0002.297
-02.1117	-00.3662	0002.298
-02.1093	-00.3659	0002.299
-02.1062	-00.3659	0002.300
-02.1029	-00.3659	0002.301
-02.0998	-00.3659	0002.302
-02.0967	-00.3656	0002.303
-02.0940	-00.3656	0002.304
-02.0913	-00.3659	0002.305
-02.0885	-00.3653	0002.306
-02.0852	-00.3653	0002.307
-02.0821	-00.3656	0002.308
-02.0790	-00.3650	0002.309
-02.0760	-00.3646	0002.310
-02.0729	-00.3650	0002.311
-02.0702	-00.3650	0002.312
-02.0668	-00.3653	0002.313
-02.0647	-00.3646	0002.314
-02.0604	-00.3643	0002.315
-02.0580	-00.3646	0002.316
-02.0552	-00.3640	0002.317
-02.0519	-00.3643	0002.318
-02.0488	-00.3640	0002.319
-02.0461	-00.3640	0002.320
-02.0427	-00.3637	0002.321
-02.0403	-00.3637	0002.322
-02.0369	-00.3640	0002.323
-02.0339	-00.3634	0002.324
-02.0308	-00.3637	0002.325
-02.0278	-00.3634	0002.326
-02.0247	-00.3634	0002.327
-02.0226	-00.3637	0002.328
-02.0189	-00.3631	0002.329
-02.0162	-00.3628	0002.330
-02.0131	-00.3631	0002.331
-02.0101	-00.3628	0002.332
-02.0067	-00.3628	0002.333
-02.0043	-00.3631	0002.334
-02.0012	-00.3628	0002.335
-01.9979	-00.3622	0002.336
-01.9951	-00.3625	0002.337
-01.9915	-00.3625	0002.338
-01.9887	-00.3622	0002.339
-01.9863	-00.3622	0002.340
-01.9826	-00.3622	0002.341
-01.9805	-00.3616	0002.342
-01.9768	-00.3619	0002.343
-01.9741	-00.3616	0002.344
-01.9716	-00.3616	0002.345
-01.9680	-00.3616	0002.346
-01.9649	-00.3613	0002.347
-01.9619	-00.3613	0002.348
-01.9588	-00.3616	0002.349
-01.9564	-00.3610	0002.350
-01.9524	-00.3607	0002.351
-01.9503	-00.3613	0002.352
-01.9472	-00.3610	0002.353
-01.9442	-00.3607	0002.354
-01.9411	-00.3607	0002.355
-01.9374	-00.3607	0002.356
-01.9344	-00.3604	0002.357
-01.9323	-00.3607	0002.358
-01.9289	-00.3601	0002.359
-01.9255	-00.3604	0002.360
-01.9228	-00.3601	0002.361
-01.9194	-00.3598	0002.362
-01.9167	-00.3598	0002.363
-01.9143	-00.3601	0002.364
-01.9109	-00.3595	0002.365
-01.9075	-00.3595	0002.366
-01.9048	-00.3592	0002.367
-01.9011	-00.3592	0002.368
-01.8987	-00.3592	0002.369
-01.8962	-00.3592	0002.370
-01.8926	-00.3592	0002.371
-01.8905	-00.3595	0002.372
-01.8868	-00.3585	0002.373
-01.8834	-00.3585	0002.374
-01.8804	-00.3585	0002.375
-01.8776	-00.3589	0002.376
-01.8752	-00.3582	0002.377
-01.8718	-00.3582	0002.378
-01.8682	-00.3582	0002.379
-01.8654	-00.3582	0002.380
-01.8630	-00.3582	0002.381
-01.8599	-00.3579	0002.382
-01.8569	-00.3576	0002.383
-01.8535	-00.3573	0002.384
-01.8508	-00.3573	0002.385
-01.8474	-00.3573	0002.386
-01.8450	-00.3570	0002.387
-01.8413	-00.3567	0002.388
-01.8389	-00.3573	0002.389
-01.8355	-00.3573	0002.390
-01.8334	-00.3567	0002.391
-01.8294	-00.3567	0002.392
-01.8267	-00.3567	0002.393
-01.8239	-00.3564	0002.394
-01.8206	-00.3567	0002.395
-01.8172	-00.3561	0002.396
-01.8148	-00.3561	0002.397
-01.8117	-00.3561	0002.398
-01.8090	-00.3561	0002.399
-01.8059	-00.3561	0002.400
-01.8029	-00.3555	0002.401
-01.7992	-00.3558	0002.402
-01.7958	-00.3561	0002.403
-01.7934	-00.3555	0002.404
-01.7907	-00.3552	0002.405
-01.7876	-00.3552	0002.406
-01.7839	-00.3552	0002.407
-01.7815	-00.3552	0002.408
-01.7788	-00.3549	0002.409
-01.7751	-00.3546	0002.410
-01.7736	-00.3546	0002.411
-01.7696	-00.3549	0002.412
-01.7665	-00.3549	0002.413
-01.7635	-00.3543	0002.414
-01.7604	-00.3540	0002.415
-01.7574	-00.3543	0002.416
-01.7543	-00.3543	0002.417
-01.7513	-00.3537	0002.418
-01.7482	-00.3534	0002.419
-01.7458	-00.3534	0002.420
-01.7421	-00.3540	0002.421
-01.7388	-00.3534	0002.422
-01.7373	-00.3537	0002.423
-01.7342	-00.3534	0002.424
-01.7305	-00.3534	0002.425
-01.7272	-00.3531	0002.426
-01.7244	-00.3531	0002.427
-01.7211	-00.3531	0002.428
-01.7186	-00.3527	0002.429
-01.7156	-00.3524	0002.430
-01.7125	-00.3524	0002.431
-01.7092	-00.3521	0002.432
-01.7064	-00.3524	0002.433
-01.7034	-00.3518	0002.434
-01.7009	-00.3518	0002.435
-01.6970	-00.3518	0002.436
-01.6951	-00.3521	0002.437
-01.6909	-00.3518	0002.438
-01.6881	-00.3518	0002.439
-01.6854	-00.3515	0002.440
-01.6826	-00.3512	0002.441
-01.6793	-00.3509	0002.442
-01.6765	-00.3509	0002.443
-01.6732	-00.3509	0002.444
-01.6704	-00.3506	0002.445
-01.6677	-00.3509	0002.446
-01.6646	-00.3506	0002.447
-01.6616	-00.3509	0002.448
-01.6585	-00.3503	0002.449
-01.6555	-00.3506	0002.450
-01.6521	-00.3500	0002.451
-01.6500	-00.3503	0002.452
-01.6463	-00.3503	0002.453
-01.6439	-00.3497	0002.454
-01.6405	-00.3500	0002.455
-01.6378	-00.3494	0002.456
-01.6341	-00.3491	0002.457
-01.6311	-00.3497	0002.458
-01.6286	-00.3491	0002.459
-01.6256	-00.3491	0002.460
-01.6225	-00.3491	0002.461
-01.6195	-00.3488	0002.462
-01.6161	-00.3488	0002.463
-01.6137	-00.3485	0002.464
-01.6106	-00.3488	0002.465
-01.6072	-00.3482	0002.466
-01.6045	-00.3479	0002.467
-01.6011	-00.3482	0002.468
-01.5981	-00.3479	0002.469
-01.5957	-00.3482	0002.470
-01.5926	-00.3476	0002.471
-01.5895	-00.3476	0002.472
-01.5862	-00.3469	0002.473
-01.5837	-00.3473	0002.474
-01.5801	-00.3473	0002.475
-01.5773	-00.3469	0002.476
-01.5743	-00.3469	0002.477
-01.5718	-00.3469	0002.478
-01.5685	-00.3469	0002.479
-01.5645	-00.3466	0002.480
-01.5618	-00.3463	0002.481
-01.5590	-00.3463	0002.482
-01.5560	-00.3460	0002.483
-01.5532	-00.3457	0002.484
-01.5505	-00.3457	0002.485
-01.5468	-00.3457	0002.486
-01.5444	-00.3457	0002.487
-01.5416	-00.3454	0002.488
-01.5389	-00.3454	0002.489
-01.5352	-00.3457	0002.490
-01.5325	-00.3451	0002.491
-01.5291	-00.3445	0002.492
-01.5261	-00.3448	0002.493
-01.5230	-00.3448	0002.494
-01.5203	-00.3445	0002.495
-01.5169	-00.3442	0002.496
-01.5142	-00.3442	0002.497
-01.5114	-00.3439	0002.498
-01.5081	-00.3439	0002.499
-01.5050	-00.3439	0002.500
-01.5020	-00.3436	0002.501
-01.4992	-00.3439	0002.502
-01.4962	-00.3433	0002.503
-01.4928	-00.3433	0002.504
-01.4904	-00.3430	0002.505
-01.4873	-00.3430	0002.506
-01.4840	-00.3427	0002.507
-01.4812	-00.3427	0002.508
-01.4782	-00.3421	0002.509
-01.4754	-00.3427	0002.510
-01.4717	-00.3424	0002.511
-01.4693	-00.3427	0002.512
-01.4663	-00.3421	0002.513
-01.4626	-00.3421	0002.514
-01.4602	-00.3415	0002.515
-01.4571	-00.3415	0002.516
-01.4540	-00.3415	0002.517
-01.4513	-00.3408	0002.518
-01.4483	-00.3411	0002.519
-01.4449	-00.3411	0002.520
-01.4421	-00.3411	0002.521
-01.4391	-00.3411	0002.522
-01.4367	-00.3408	0002.523
-01.4330	-00.3405	0002.524
-01.4299	-00.3399	0002.525
-01.4269	-00.3402	0002.526
-01.4238	-00.3399	0002.527
-01.4211	-00.3399	0002.528
-01.4180	-00.3402	0002.529
-01.4150	-00.3390	0002.530
-01.4119	-00.3393	0002.531
-01.4089	-00.3399	0002.532
-01.4055	-00.3390	0002.533
-01.4028	-00.3387	0002.534
-01.4003	-00.3390	0002.535
-01.3973	-00.3384	0002.536
-01.3942	-00.3387	0002.537
-01.3912	-00.3384	0002.538
-01.3881	-00.3387	0002.539
-01.3848	-00.3384	0002.540
-01.3820	-00.3378	0002.541
-01.3790	-00.3378	0002.542
-01.3762	-00.3378	0002.543
-01.3729	-00.3375	0002.544
-01.3698	-00.3375	0002.545
-01.3674	-00.3375	0002.546
-01.3637	-00.3375	0002.547
-01.3604	-00.3372	0002.548
-01.3582	-00.3369	0002.549
-01.3546	-00.3369	0002.550
-01.3518	-00.3366	0002.551
-01.3488	-00.3363	0002.552
-01.3460	-00.3363	0002.553
-01.3433	-00.3360	0002.554
-01.3402	-00.3357	0002.555
-01.3369	-00.3363	0002.556
-01.3335	-00.3354	0002.557
-01.3311	-00.3354	0002.558
-01.3283	-00.3354	0002.559
-01.3250	-00.3354	0002.560
-01.3216	-00.3347	0002.561
-01.3192	-00.3347	0002.562
-01.3161	-00.3344	0002.563
-01.3137	-00.3347	0002.564
-01.3097	-00.3341	0002.565
-01.3070	-00.3341	0002.566
-01.3042	-00.3332	0002.567
-01.3012	-00.3338	0002.568
-01.2975	-00.3338	0002.569
-01.2951	-00.3332	0002.570
-01.2923	-00.3335	0002.571
-01.2889	-00.3329	0002.572
-01.2859	-00.3329	0002.573
-01.2825	-00.3329	0002.574
-01.2798	-00.3326	0002.575
-01.2774	-00.3323	0002.576
-01.2740	-00.3326	0002.577
-01.2709	-00.3323	0002.578
-01.2679	-00.3320	0002.579
-01.2645	-00.3323	0002.580
-01.2615	-00.3311	0002.581
-01.2590	-00.3311	0002.582
-01.2551	-00.3314	0002.583
-01.2529	-00.3311	0002.584
-01.2496	-00.3311	0002.585
-01.2465	-00.3311	0002.586
-01.2441	-00.3305	0002.587
-01.2413	-00.3302	0002.588
-01.2377	-00.3302	0002.589
-01.2346	-00.3302	0002.590
-01.2319	-00.3305	0002.591
-01.2288	-00.3299	0002.592
-01.2252	-00.3296	0002.593
-01.2224	-00.3292	0002.594
-01.2197	-00.3289	0002.595
-01.2166	-00.3289	0002.596
-01.2136	-00.3289	0002.597
-01.2111	-00.3289	0002.598
-01.2078	-00.3283	0002.599
-01.2044	-00.3283	0002.600
-01.2023	-00.3280	0002.601
-01.1986	-00.3280	0002.602
-01.1959	-00.3280	0002.603
-01.1922	-00.3274	0002.604
-01.1895	-00.3274	0002.605
-01.1867	-00.3268	0002.606
-01.1840	-00.3271	0002.607
-01.1806	-00.3268	0002.608
-01.1776	-00.3265	0002.609
-01.1745	-00.3262	0002.610
-01.1718	-00.3265	0002.611
-01.1684	-00.3259	0002.612
-01.1657	-00.3262	0002.613
-01.1629	-00.3256	0002.614
-01.1592	-00.3256	0002.615
-01.1568	-00.3253	0002.616
-01.1538	-00.3250	0002.617
-01.1510	-00.3247	0002.618
-01.1477	-00.3250	0002.619
-01.1446	-00.3244	0002.620
-01.1412	-00.3241	0002.621
-01.1385	-00.3244	0002.622
-01.1351	-00.3238	0002.623
-01.1324	-00.3238	0002.624
-01.1296	-00.3231	0002.625
-01.1263	-00.3228	0002.626
-01.1232	-00.3234	0002.627
-01.1205	-00.3231	0002.628
-01.1177	-00.3225	0002.629
-01.1147	-00.3225	0002.630
-01.1116	-00.3219	0002.631
-01.1086	-00.3219	0002.632
-01.1055	-00.3219	0002.633
-01.1025	-00.3219	0002.634
-01.0997	-00.3213	0002.635
-01.0967	-00.3207	0002.636
-01.0939	-00.3207	0002.637
-01.0903	-00.3207	0002.638
-01.0878	-00.3204	0002.639
-01.0848	-00.3204	0002.640
-01.0817	-00.3204	0002.641
-01.0784	-00.3198	0002.642
-01.0753	-00.3195	0002.643
-01.0726	-00.3195	0002.644
-01.0695	-00.3192	0002.645
-01.0662	-00.3189	0002.646
-01.0637	-00.3186	0002.647
-01.0607	-00.3186	0002.648
-01.0576	-00.3183	0002.649
-01.0543	-00.3180	0002.650
-01.0512	-00.3177	0002.651
-01.0485	-00.3177	0002.652
-01.0460	-00.3173	0002.653
-01.0427	-00.3170	0002.654
-01.0399	-00.3170	0002.655
-01.0366	-00.3164	0002.656
-01.0341	-00.3167	0002.657
-01.0305	-00.3164	0002.658
-01.0277	-00.3161	0002.659
-01.0247	-00.3158	0002.660
-01.0216	-00.3155	0002.661
-01.0186	-00.3155	0002.662
-01.0155	-00.3149	0002.663
-01.0125	-00.3149	0002.664
-01.0097	-00.3146	0002.665
-01.0070	-00.3143	0002.666
-01.0033	-00.3146	0002.667
-00.9999	-00.3137	0002.668
-00.9978	-00.3134	0002.669
-00.9941	-00.3134	0002.670
-00.9917	-00.3131	0002.671
-00.9884	-00.3128	0002.672
-00.9856	-00.3128	0002.673
-00.9822	-00.3122	0002.674
-00.9792	-00.3122	0002.675
-00.9761	-00.3119	0002.676
-00.9737	-00.3119	0002.677
-00.9703	-00.3112	0002.678
-00.9673	-00.3109	0002.679
-00.9642	-00.3109	0002.680
-00.9612	-00.3103	0002.681
-00.9584	-00.3100	0002.682
-00.9554	-00.3106	0002.683
-00.9526	-00.3097	0002.684
-00.9490	-00.3091	0002.685
-00.9465	-00.3088	0002.686
-00.9432	-00.3091	0002.687
-00.9398	-00.3088	0002.688
-00.9380	-00.3085	0002.689
-00.9346	-00.3082	0002.690
-00.9316	-00.3079	0002.691
-00.9285	-00.3076	0002.692
-00.9252	-00.3076	0002.693
-00.9227	-00.3076	0002.694
-00.9194	-00.3070	0002.695
-00.9166	-00.3067	0002.696
-00.9130	-00.3067	0002.697
-00.9108	-00.3057	0002.698
-00.9078	-00.3061	0002.699
-00.9044	-00.3051	0002.700
-00.9011	-00.3054	0002.701
-00.8986	-00.3048	0002.702
-00.8947	-00.3045	0002.703
-00.8922	-00.3048	0002.704
-00.8892	-00.3039	0002.705
-00.8864	-00.3039	0002.706
-00.8831	-00.3030	0002.707
-00.8800	-00.3033	0002.708
-00.8779	-00.3030	0002.709
-00.8742	-00.3024	0002.710
-00.8712	-00.3018	0002.711
-00.8687	-00.3021	0002.712
-00.8651	-00.3012	0002.713
-00.8626	-00.3012	0002.714
-00.8596	-00.3012	0002.715
-00.8562	-00.3009	0002.716
-00.8535	-00.3006	0002.717
-00.8504	-00.3000	0002.718
-00.8474	-00.2996	0002.719
-00.8443	-00.2993	0002.720
-00.8413	-00.2987	0002.721
-00.8382	-00.2990	0002.722
-00.8355	-00.2984	0002.723
-00.8321	-00.2984	0002.724
-00.8290	-00.2975	0002.725
-00.8266	-00.2972	0002.726
-00.8233	-00.2969	0002.727
-00.8196	-00.2966	0002.728
-00.8165	-00.2966	0002.729
-00.8144	-00.2960	0002.730
-00.8113	-00.2957	0002.731
-00.8080	-00.2954	0002.732
-00.8052	-00.2954	0002.733
-00.8019	-00.2948	0002.734
-00.7988	-00.2945	0002.735
-00.7961	-00.2942	0002.736
-00.7930	-00.2938	0002.737
-00.7903	-00.2935	0002.738
-00.7866	-00.2923	0002.739
-00.7842	-00.2926	0002.740
-00.7814	-00.2926	0002.741
-00.7784	-00.2920	0002.742
-00.7753	-00.2920	0002.743
-00.7720	-00.2911	0002.744
-00.7695	-00.2908	0002.745
-00.7662	-00.2905	0002.746
-00.7628	-00.2899	0002.747
-00.7601	-00.2899	0002.748
-00.7573	-00.2893	0002.749
-00.7540	-00.2893	0002.750
-00.7512	-00.2890	0002.751
-00.7479	-00.2887	0002.752
-00.7454	-00.2880	0002.753
-00.7421	-00.2874	0002.754
-00.7393	-00.2874	0002.755
-00.7360	-00.2868	0002.756
-00.7326	-00.2868	0002.757
-00.7305	-00.2862	0002.758
-00.7271	-00.2862	0002.759
-00.7241	-00.2856	0002.760
-00.7210	-00.2850	0002.761
-00.7183	-00.2847	0002.762
-00.7158	-00.2841	0002.763
-00.7119	-00.2841	0002.764
-00.7094	-00.2835	0002.765
-00.7067	-00.2829	0002.766
-00.7027	-00.2829	0002.767
-00.7006	-00.2826	0002.768
-00.6969	-00.2813	0002.769
-00.6942	-00.2816	0002.770
-00.6911	-00.2810	0002.771
-00.6884	-00.2807	0002.772
-00.6850	-00.2804	0002.773
-00.6823	-00.2798	0002.774
-00.6789	-00.2792	0002.775
-00.6759	-00.2783	0002.776
-00.6731	-00.2786	0002.777
-00.6704	-00.2780	0002.778
-00.6670	-00.2780	0002.779
-00.6643	-00.2774	0002.780
-00.6609	-00.2765	0002.781
-00.6582	-00.2768	0002.782
-00.6551	-00.2758	0002.783
-00.6520	-00.2761	0002.784
-00.6490	-00.2752	0002.785
-00.6456	-00.2746	0002.786
-00.6432	-00.2740	0002.787
-00.6395	-00.2737	0002.788
-00.6371	-00.2731	0002.789
-00.6343	-00.2731	0002.790
-00.6310	-00.2725	0002.791
-00.6279	-00.2722	0002.792
-00.6249	-00.2716	0002.793
-00.6221	-00.2713	0002.794
-00.6197	-00.2703	0002.795
-00.6160	-00.2700	0002.796
-00.6136	-00.2694	0002.797
-00.6099	-00.2691	0002.798
-00.6075	-00.2688	0002.799
-00.6038	-00.2682	0002.800
-00.6008	-00.2679	0002.801
-00.5980	-00.2673	0002.802
-00.5950	-00.2667	0002.803
-00.5916	-00.2664	0002.804
-00.5892	-00.2661	0002.805
-00.5858	-00.2655	0002.806
-00.5834	-00.2652	0002.807
-00.5800	-00.2646	0002.808
-00.5773	-00.2639	0002.809
-00.5733	-00.2636	0002.810
-00.5709	-00.2633	0002.811
-00.5675	-00.2624	0002.812
-00.5648	-00.2624	0002.813
-00.5623	-00.2621	0002.814
-00.5587	-00.2612	0002.815
-00.5559	-00.2606	0002.816
-00.5529	-00.2600	0002.817
-00.5498	-00.2597	0002.818
-00.5471	-00.2591	0002.819
-00.5440	-00.2588	0002.820
-00.5410	-00.2581	0002.821
-00.5376	-00.2575	0002.822
-00.5346	-00.2572	0002.823
-00.5321	-00.2563	0002.824
-00.5288	-00.2563	0002.825
-00.5260	-00.2551	0002.826
-00.5227	-00.2554	0002.827
-00.5196	-00.2545	0002.828
-00.5165	-00.2539	0002.829
-00.5138	-00.2533	0002.830
-00.5101	-00.2530	0002.831
-00.5080	-00.2523	0002.832
-00.5050	-00.2520	0002.833
-00.5019	-00.2514	0002.834
-00.4985	-00.2508	0002.835
-00.4958	-00.2502	0002.836
-00.4931	-00.2496	0002.837
-00.4900	-00.2493	0002.838
-00.4869	-00.2484	0002.839
-00.4833	-00.2478	0002.840
-00.4808	-00.2475	0002.841
-00.4781	-00.2472	0002.842
-00.4750	-00.2462	0002.843
-00.4717	-00.2456	0002.844
-00.4683	-00.2450	0002.845
-00.4659	-00.2447	0002.846
-00.4628	-00.2444	0002.847
-00.4601	-00.2435	0002.848
-00.4567	-00.2432	0002.849
-00.4543	-00.2420	0002.850
-00.4506	-00.2414	0002.851
-00.4476	-00.2411	0002.852
-00.4445	-00.2407	0002.853
-00.4418	-00.2398	0002.854
-00.4390	-00.2392	0002.855
-00.4360	-00.2389	0002.856
-00.4329	-00.2377	0002.857
-00.4299	-00.2380	0002.858
-00.4268	-00.2368	0002.859
-00.4241	-00.2365	0002.860
-00.4207	-00.2356	0002.861
-00.4177	-00.2349	0002.862
-00.4152	-00.2343	0002.863
-00.4116	-00.2340	0002.864
-00.4085	-00.2331	0002.865
-00.4067	-00.2325	0002.866
-00.4027	-00.2322	0002.867
-00.3994	-00.2313	0002.868
-00.3966	-00.2307	0002.869
-00.3936	-00.2295	0002.870
-00.3905	-00.2295	0002.871
-00.3881	-00.2282	0002.872
-00.3850	-00.2279	0002.873
-00.3814	-00.2273	0002.874
-00.3792	-00.2267	0002.875
-00.3756	-00.2258	0002.876
-00.3728	-00.2258	0002.877
-00.3698	-00.2249	0002.878
-00.3670	-00.2237	0002.879
-00.3640	-00.2234	0002.880
-00.3609	-00.2227	0002.881
-00.3576	-00.2221	0002.882
-00.3545	-00.2209	0002.883
-00.3518	-00.2203	0002.884
-00.3487	-00.2206	0002.885
-00.3460	-00.2191	0002.886
-00.3429	-00.2188	0002.887
-00.3399	-00.2182	0002.888
-00.3365	-00.2172	0002.889
-00.3344	-00.2163	0002.890
-00.3304	-00.2154	0002.891
-00.3276	-00.2154	0002.892
-00.3246	-00.2145	0002.893
-00.3218	-00.2136	0002.894
-00.3185	-00.2130	0002.895
-00.3160	-00.2121	0002.896
-00.3127	-00.2118	0002.897
-00.3096	-00.2111	0002.898
-00.3072	-00.2099	0002.899
-00.3035	-00.2096	0002.900
-00.3008	-00.2087	0002.901
-00.2977	-00.2081	0002.902
-00.2944	-00.2072	0002.903
-00.2916	-00.2063	0002.904
-00.2883	-00.2057	0002.905
-00.2858	-00.2047	0002.906
-00.2831	-00.2038	0002.907
-00.2800	-00.2029	0002.908
-00.2767	-00.2029	0002.909
-00.2739	-00.2014	0002.910
-00.2700	-00.2011	0002.911
-00.2678	-00.2002	0002.912
-00.2645	-00.1995	0002.913
-00.2617	-00.1986	0002.914
-00.2587	-00.1980	0002.915
-00.2556	-00.1968	0002.916
-00.2526	-00.1965	0002.917
-00.2495	-00.1953	0002.918
-00.2465	-00.1944	0002.919
-00.2434	-00.1941	0002.920
-00.2407	-00.1931	0002.921
-00.2376	-00.1922	0002.922
-00.2346	-00.1913	0002.923
-00.2312	-00.1904	0002.924
-00.2285	-00.1895	0002.925
-00.2257	-00.1892	0002.926
-00.2227	-00.1883	0002.927
-00.2196	-00.1870	0002.928
-00.2163	-00.1864	0002.929
-00.2132	-00.1852	0002.930
-00.2108	-00.1849	0002.931
-00.2068	-00.1837	0002.932
-00.2044	-00.1831	0002.933
-00.2013	-00.1822	0002.934
-00.1986	-00.1812	0002.935
-00.1955	-00.1809	0002.936
-00.1925	-00.1794	0002.937
-00.1894	-00.1788	0002.938
-00.1860	-00.1776	0002.939
-00.1830	-00.1767	0002.940
-00.1799	-00.1760	0002.941
-00.1775	-00.1748	0002.942
-00.1744	-00.1742	0002.943
-00.1714	-00.1733	0002.944
-00.1683	-00.1724	0002.945
-00.1653	-00.1718	0002.946
-00.1622	-00.1706	0002.947
-00.1595	-00.1699	0002.948
-00.1564	-00.1690	0002.949
-00.1540	-00.1681	0002.950
-00.1503	-00.1669	0002.951
-00.1476	-00.1660	0002.952
-00.1442	-00.1651	0002.953
-00.1418	-00.1641	0002.954
-00.1381	-00.1632	0002.955
-00.1357	-00.1626	0002.956
-00.1320	-00.1611	0002.957
-00.1290	-00.1605	0002.958
-00.1265	-00.1596	0002.959
-00.1235	-00.1583	0002.960
-00.1204	-00.1574	0002.961
-00.1174	-00.1568	0002.962
-00.1146	-00.1556	0002.963
-00.1110	-00.1547	0002.964
-00.1082	-00.1538	0002.965
-00.1055	-00.1526	0002.966
-00.1027	-00.1522	0002.967
-00.0991	-00.1507	0002.968
-00.0966	-00.1498	0002.969
-00.0933	-00.1483	0002.970
-00.0902	-00.1480	0002.971
-00.0872	-00.1464	0002.972
-00.0844	-00.1461	0002.973
-00.0814	-00.1449	0002.974
-00.0786	-00.1434	0002.975
-00.0753	-00.1431	0002.976
-00.0722	-00.1413	0002.977
-00.0695	-00.1406	0002.978
-00.0664	-00.1397	0002.979
-00.0634	-00.1388	0002.980
-00.0600	-00.1376	0002.981
-00.0570	-00.1364	0002.982
-00.0548	-00.1352	0002.983
-00.0515	-00.1342	0002.984
-00.0484	-00.1330	0002.985
-00.0451	-00.1321	0002.986
-00.0423	-00.1312	0002.987
-00.0389	-00.1297	0002.988
-00.0362	-00.1287	0002.989
-00.0335	-00.1272	0002.990
-00.0307	-00.1263	0002.991
-00.0274	-00.1248	0002.992
-00.0240	-00.1242	0002.993
-00.0212	-00.1236	0002.994
-00.0182	-00.1214	0002.995
-00.0155	-00.1211	0002.996
-00.0121	-00.1196	0002.997
-00.0090	-00.1190	0002.998
-00.0057	-00.1181	0002.999
