R,Ohm	C,pF	Temp,C
0000000000	0000100000	+025.00
Ch1,V	Ch2,V	Time,s
-00.0002	-00.0012	0000.000
-00.0002	-00.0009	0000.001
+00.0022	-00.0009	0000.002
+00.0053	-00.0012	0000.003
+00.0090	-00.0009	0000.004
+00.0117	-00.0003	0000.005
+00.0151	-00.0009	0000.006
+00.0172	-00.0006	0000.007
+00.0203	+00.0000	0000.008
+00.0236	-00.0006	0000.009
+00.0264	-00.0006	0000.010
+00.0297	-00.0003	0000.011
+00.0325	-00.0003	0000.012
+00.0361	+00.0003	0000.013
+00.0386	+00.0000	0000.014
+00.0422	+00.0000	0000.015
+00.0447	+00.0000	0000.016
+00.0477	+00.0006	0000.017
+00.0511	+00.0006	0000.018
+00.0535	+00.0003	0000.019
+00.0566	+00.0003	0000.020
+00.0599	+00.0006	0000.021
+00.0627	+00.0006	0000.022
+00.0660	+00.0006	0000.023
+00.0691	+00.0010	0000.024
+00.0718	+00.0010	0000.025
+00.0743	+00.0013	0000.026
+00.0776	+00.0016	0000.027
+00.0807	+00.0013	0000.028
+00.0837	+00.0016	0000.029
+00.0865	+00.0022	0000.030
+00.0898	+00.0016	0000.031
+00.0929	+00.0019	0000.032
+00.0956	+00.0022	0000.033
+00.0987	+00.0025	0000.034
+00.1017	+00.0022	0000.035
+00.1048	+00.0025	0000.036
+00.1078	+00.0025	0000.037
+00.1112	+00.0031	0000.038
+00.1139	+00.0031	0000.039
+00.1167	+00.0034	0000.040
+00.1200	+00.0034	0000.041
+00.1231	+00.0031	0000.042
+00.1255	+00.0034	0000.043
+00.1289	+00.0046	0000.044
+00.1323	+00.0043	0000.045
+00.1347	+00.0040	0000.046
+00.1384	+00.0043	0000.047
+00.1414	+00.0049	0000.048
+00.1439	+00.0046	0000.049
+00.1466	+00.0052	0000.050
+00.1496	+00.0055	0000.051
+00.1530	+00.0052	0000.052
+00.1558	+00.0058	0000.053
+00.1588	+00.0061	0000.054
+00.1616	+00.0068	0000.055
+00.1649	+00.0068	0000.056
+00.1680	+00.0068	0000.057
+00.1716	+00.0071	0000.058
+00.1741	+00.0071	0000.059
+00.1771	+00.0080	0000.060
+00.1796	+00.0080	0000.061
+00.1823	+00.0086	0000.062
+00.1860	+00.0083	0000.063
+00.1887	+00.0089	0000.064
+00.1921	+00.0098	0000.065
+00.1948	+00.0092	0000.066
+00.1982	+00.0095	0000.067
+00.2012	+00.0104	0000.068
+00.2040	+00.0104	0000.069
+00.2070	+00.0113	0000.070
+00.2104	+00.0110	0000.071
+00.2125	+00.0116	0000.072
+00.2159	+00.0119	0000.073
+00.2189	+00.0125	0000.074
+00.2220	+00.0122	0000.075
+00.2253	+00.0132	0000.076
+00.2278	+00.0135	0000.077
+00.2305	+00.0135	0000.078
+00.2336	+00.0141	0000.079
+00.2369	+00.0144	0000.080
+00.2400	+00.0150	0000.081
+00.2433	+00.0150	0000.082
+00.2458	+00.0156	0000.083
+00.2488	+00.0162	0000.084
+00.2522	+00.0165	0000.085
+00.2549	+00.0165	0000.086
+00.2583	+00.0174	0000.087
+00.2613	+00.0177	0000.088
+00.2638	+00.0180	0000.089
+00.2671	+00.0183	0000.090
+00.2699	+00.0190	0000.091
+00.2732	+00.0193	0000.092
+00.2757	+00.0199	0000.093
+00.2787	+00.0208	0000.094
+00.2824	+00.0208	0000.095
+00.2848	+00.0211	0000.096
+00.2879	+00.0217	0000.097
+00.2909	+00.0220	0000.098
+00.2940	+00.0220	0000.099
+00.2974	+00.0232	0000.100
+00.3001	+00.0235	0000.101
+00.3032	+00.0238	0000.102
+00.3062	+00.0245	0000.103
+00.3086	+00.0245	0000.104
+00.3120	+00.0254	0000.105
+00.3151	+00.0263	0000.106
+00.3181	+00.0260	0000.107
+00.3209	+00.0272	0000.108
+00.3239	+00.0275	0000.109
+00.3270	+00.0278	0000.110
+00.3303	+00.0287	0000.111
+00.3334	+00.0290	0000.112
+00.3358	+00.0290	0000.113
+00.3392	+00.0299	0000.114
+00.3416	+00.0306	0000.115
+00.3450	+00.0309	0000.116
+00.3486	+00.0315	0000.117
+00.3511	+00.0318	0000.118
+00.3544	+00.0321	0000.119
+00.3575	+00.0330	0000.120
+00.3599	+00.0336	0000.121
+00.3633	+00.0339	0000.122
+00.3660	+00.0348	0000.123
+00.3694	+00.0351	0000.124
+00.3724	+00.0357	0000.125
+00.3749	+00.0360	0000.126
+00.3785	+00.0367	0000.127
+00.3816	+00.0370	0000.128
+00.3837	+00.0376	0000.129
+00.3871	+00.0385	0000.130
+00.3901	+00.0394	0000.131
+00.3935	+00.0397	0000.132
+00.3962	+00.0403	0000.133
+00.3990	+00.0409	0000.134
+00.4026	+00.0412	0000.135
+00.4054	+00.0422	0000.136
+00.4084	+00.0428	0000.137
+00.4112	+00.0431	0000.138
+00.4139	+00.0437	0000.139
+00.4179	+00.0440	0000.140
+00.4203	+00.0449	0000.141
+00.4237	+00.0458	0000.142
+00.4264	+00.0464	0000.143
+00.4298	+00.0467	0000.144
+00.4319	+00.0473	0000.145
+00.4353	+00.0479	0000.146
+00.4380	+00.0486	0000.147
+00.4414	+00.0492	0000.148
+00.4441	+00.0498	0000.149
+00.4472	+00.0501	0000.150
+00.4506	+00.0513	0000.151
+00.4536	+00.0522	0000.152
+00.4564	+00.0522	0000.153
+00.4597	+00.0531	0000.154
+00.4625	+00.0534	0000.155
+00.4652	+00.0541	0000.156
+00.4686	+00.0547	0000.157
+00.4716	+00.0553	0000.158
+00.4741	+00.0559	0000.159
+00.4774	+00.0571	0000.160
+00.4805	+00.0571	0000.161
+00.4832	+00.0580	0000.162
+00.4866	+00.0583	0000.163
+00.4890	+00.0595	0000.164
+00.4924	+00.0599	0000.165
+00.4954	+00.0605	0000.166
+00.4982	+00.0614	0000.167
+00.5012	+00.0617	0000.168
+00.5046	+00.0626	0000.169
+00.5070	+00.0632	0000.170
+00.5101	+00.0641	0000.171
+00.5137	+00.0641	0000.172
+00.5165	+00.0653	0000.173
+00.5198	+00.0660	0000.174
+00.5223	+00.0669	0000.175
+00.5253	+00.0672	0000.176
+00.5284	+00.0678	0000.177
+00.5317	+00.0687	0000.178
+00.5345	+00.0696	0000.179
+00.5372	+00.0699	0000.180
+00.5406	+00.0705	0000.181
+00.5436	+00.0714	0000.182
+00.5464	+00.0724	0000.183
+00.5494	+00.0730	0000.184
+00.5522	+00.0733	0000.185
+00.5552	+00.0739	0000.186
+00.5583	+00.0748	0000.187
+00.5616	+00.0754	0000.188
+00.5647	+00.0760	0000.189
+00.5674	+00.0769	0000.190
+00.5702	+00.0776	0000.191
+00.5738	+00.0782	0000.192
+00.5769	+00.0788	0000.193
+00.5793	+00.0800	0000.194
+00.5827	+00.0803	0000.195
+00.5854	+00.0812	0000.196
+00.5885	+00.0818	0000.197
+00.5918	+00.0827	0000.198
+00.5946	+00.0830	0000.199
+00.5980	+00.0840	0000.200
+00.6007	+00.0846	0000.201
+00.6034	+00.0858	0000.202
+00.6062	+00.0861	0000.203
+00.6095	+00.0867	0000.204
+00.6123	+00.0876	0000.205
+00.6153	+00.0882	0000.206
+00.6184	+00.0888	0000.207
+00.6215	+00.0895	0000.208
+00.6248	+00.0907	0000.209
+00.6272	+00.0913	0000.210
+00.6303	+00.0919	0000.211
+00.6337	+00.0925	0000.212
+00.6367	+00.0940	0000.213
+00.6398	+00.0940	0000.214
+00.6422	+00.0949	0000.215
+00.6453	+00.0959	0000.216
+00.6492	+00.0962	0000.217
+00.6520	+00.0968	0000.218
+00.6550	+00.0977	0000.219
+00.6575	+00.0983	0000.220
+00.6602	+00.0989	0000.221
+00.6636	+00.0995	0000.222
+00.6666	+00.1007	0000.223
+00.6694	+00.1010	0000.224
+00.6727	+00.1020	0000.225
+00.6755	+00.1026	0000.226
+00.6785	+00.1035	0000.227
+00.6816	+00.1038	0000.228
+00.6846	+00.1050	0000.229
+00.6877	+00.1056	0000.230
+00.6907	+00.1059	0000.231
+00.6932	+00.1072	0000.232
+00.6971	+00.1078	0000.233
+00.6999	+00.1087	0000.234
+00.7023	+00.1093	0000.235
+00.7057	+00.1102	0000.236
+00.7090	+00.1105	0000.237
+00.7115	+00.1114	0000.238
+00.7148	+00.1120	0000.239
+00.7182	+00.1133	0000.240
+00.7203	+00.1139	0000.241
+00.7237	+00.1142	0000.242
+00.7267	+00.1154	0000.243
+00.7295	+00.1160	0000.244
+00.7331	+00.1169	0000.245
+00.7359	+00.1175	0000.246
+00.7386	+00.1178	0000.247
+00.7417	+00.1187	0000.248
+00.7447	+00.1197	0000.249
+00.7475	+00.1200	0000.250
+00.7499	+00.1209	0000.251
+00.7539	+00.1221	0000.252
+00.7566	+00.1221	0000.253
+00.7597	+00.1230	0000.254
+00.7627	+00.1236	0000.255
+00.7658	+00.1252	0000.256
+00.7689	+00.1249	0000.257
+00.7719	+00.1258	0000.258
+00.7746	+00.1270	0000.259
+00.7777	+00.1276	0000.260
+00.7811	+00.1282	0000.261
+00.7832	+00.1291	0000.262
+00.7866	+00.1297	0000.263
+00.7896	+00.1303	0000.264
+00.7930	+00.1310	0000.265
+00.7957	+00.1316	0000.266
+00.7988	+00.1322	0000.267
+00.8015	+00.1331	0000.268
+00.8046	+00.1340	0000.269
+00.8079	+00.1346	0000.270
+00.8104	+00.1352	0000.271
+00.8137	+00.1361	0000.272
+00.8165	+00.1365	0000.273
+00.8198	+00.1374	0000.274
+00.8226	+00.1383	0000.275
+00.8259	+00.1386	0000.276
+00.8284	+00.1392	0000.277
+00.8317	+00.1404	0000.278
+00.8342	+00.1407	0000.279
+00.8375	+00.1416	0000.280
+00.8409	+00.1426	0000.281
+00.8439	+00.1429	0000.282
+00.8467	+00.1438	0000.283
+00.8500	+00.1444	0000.284
+00.8525	+00.1450	0000.285
+00.8558	+00.1456	0000.286
+00.8589	+00.1468	0000.287
+00.8622	+00.1471	0000.288
+00.8647	+00.1477	0000.289
+00.8680	+00.1487	0000.290
+00.8708	+00.1493	0000.291
+00.8738	+00.1496	0000.292
+00.8766	+00.1511	0000.293
+00.8796	+00.1511	0000.294
+00.8833	+00.1514	0000.295
+00.8860	+00.1523	0000.296
+00.8888	+00.1532	0000.297
+00.8918	+00.1538	0000.298
+00.8949	+00.1551	0000.299
+00.8979	+00.1554	0000.300
+00.9007	+00.1554	0000.301
+00.9043	+00.1569	0000.302
+00.9068	+00.1572	0000.303
+00.9095	+00.1578	0000.304
+00.9132	+00.1587	0000.305
+00.9159	+00.1593	0000.306
+00.9190	+00.1596	0000.307
+00.9217	+00.1606	0000.308
+00.9248	+00.1612	0000.309
+00.9278	+00.1618	0000.310
+00.9306	+00.1624	0000.311
+00.9343	+00.1627	0000.312
+00.9373	+00.1633	0000.313
+00.9391	+00.1645	0000.314
+00.9428	+00.1648	0000.315
+00.9459	+00.1654	0000.316
+00.9489	+00.1664	0000.317
+00.9523	+00.1670	0000.318
+00.9550	+00.1676	0000.319
+00.9581	+00.1682	0000.320
+00.9605	+00.1691	0000.321
+00.9639	+00.1694	0000.322
+00.9672	+00.1703	0000.323
+00.9703	+00.1706	0000.324
+00.9730	+00.1712	0000.325
+00.9758	+00.1719	0000.326
+00.9785	+00.1725	0000.327
+00.9819	+00.1731	0000.328
+00.9846	+00.1737	0000.329
+00.9889	+00.1743	0000.330
+00.9913	+00.1749	0000.331
+00.9941	+00.1752	0000.332
+00.9971	+00.1761	0000.333
+01.0002	+00.1767	0000.334
+01.0029	+00.1776	0000.335
+01.0063	+00.1780	0000.336
+01.0096	+00.1789	0000.337
+01.0118	+00.1792	0000.338
+01.0148	+00.1801	0000.339
+01.0179	+00.1804	0000.340
+01.0212	+00.1810	0000.341
+01.0240	+00.1813	0000.342
+01.0276	+00.1819	0000.343
+01.0301	+00.1822	0000.344
+01.0331	+00.1831	0000.345
+01.0362	+00.1834	0000.346
+01.0395	+00.1844	0000.347
+01.0420	+00.1850	0000.348
+01.0453	+00.1853	0000.349
+01.0478	+00.1862	0000.350
+01.0508	+00.1865	0000.351
+01.0542	+00.1874	0000.352
+01.0572	+00.1877	0000.353
+01.0603	+00.1883	0000.354
+01.0630	+00.1889	0000.355
+01.0667	+00.1892	0000.356
+01.0691	+00.1896	0000.357
+01.0722	+00.1902	0000.358
+01.0749	+00.1914	0000.359
+01.0780	+00.1917	0000.360
+01.0814	+00.1920	0000.361
+01.0844	+00.1926	0000.362
+01.0871	+00.1932	0000.363
+01.0899	+00.1935	0000.364
+01.0933	+00.1941	0000.365
+01.0966	+00.1944	0000.366
+01.0994	+00.1953	0000.367
+01.1021	+00.1953	0000.368
+01.1045	+00.1963	0000.369
+01.1085	+00.1969	0000.370
+01.1113	+00.1972	0000.371
+01.1143	+00.1978	0000.372
+01.1171	+00.1981	0000.373
+01.1204	+00.1984	0000.374
+01.1232	+00.1987	0000.375
+01.1262	+00.1996	0000.376
+01.1296	+00.1996	0000.377
+01.1323	+00.2008	0000.378
+01.1351	+00.2008	0000.379
+01.1378	+00.2015	0000.380
+01.1412	+00.2021	0000.381
+01.1442	+00.2024	0000.382
+01.1467	+00.2033	0000.383
+01.1506	+00.2036	0000.384
+01.1531	+00.2045	0000.385
+01.1564	+00.2042	0000.386
+01.1595	+00.2045	0000.387
+01.1622	+00.2057	0000.388
+01.1656	+00.2051	0000.389
+01.1686	+00.2063	0000.390
+01.1708	+00.2069	0000.391
+01.1738	+00.2073	0000.392
+01.1772	+00.2076	0000.393
+01.1805	+00.2082	0000.394
+01.1830	+00.2082	0000.395
+01.1863	+00.2091	0000.396
+01.1894	+00.2097	0000.397
+01.1915	+00.2097	0000.398
+01.1949	+00.2106	0000.399
+01.1979	+00.2112	0000.400
+01.2016	+00.2109	0000.401
+01.2046	+00.2121	0000.402
+01.2074	+00.2124	0000.403
+01.2104	+00.2127	0000.404
+01.2132	+00.2134	0000.405
+01.2165	+00.2140	0000.406
+01.2193	+00.2140	0000.407
+01.2226	+00.2149	0000.408
+01.2254	+00.2152	0000.409
+01.2284	+00.2155	0000.410
+01.2318	+00.2158	0000.411
+01.2349	+00.2164	0000.412
+01.2370	+00.2167	0000.413
+01.2403	+00.2170	0000.414
+01.2428	+00.2176	0000.415
+01.2465	+00.2179	0000.416
+01.2489	+00.2185	0000.417
+01.2526	+00.2188	0000.418
+01.2556	+00.2198	0000.419
+01.2584	+00.2188	0000.420
+01.2611	+00.2201	0000.421
+01.2645	+00.2204	0000.422
+01.2672	+00.2207	0000.423
+01.2703	+00.2213	0000.424
+01.2733	+00.2213	0000.425
+01.2764	+00.2219	0000.426
+01.2794	+00.2228	0000.427
+01.2825	+00.2225	0000.428
+01.2858	+00.2234	0000.429
+01.2886	+00.2234	0000.430
+01.2913	+00.2237	0000.431
+01.2944	+00.2243	0000.432
+01.2977	+00.2246	0000.433
+01.3005	+00.2253	0000.434
+01.3032	+00.2256	0000.435
+01.3063	+00.2262	0000.436
+01.3096	+00.2265	0000.437
+01.3127	+00.2265	0000.438
+01.3154	+00.2271	0000.439
+01.3185	+00.2274	0000.440
+01.3218	+00.2280	0000.441
+01.3243	+00.2280	0000.442
+01.3276	+00.2283	0000.443
+01.3304	+00.2286	0000.444
+01.3334	+00.2289	0000.445
+01.3368	+00.2301	0000.446
+01.3395	+00.2298	0000.447
+01.3426	+00.2304	0000.448
+01.3450	+00.2311	0000.449
+01.3481	+00.2314	0000.450
+01.3508	+00.2314	0000.451
+01.3545	+00.2320	0000.452
+01.3578	+00.2320	0000.453
+01.3612	+00.2326	0000.454
+01.3633	+00.2329	0000.455
+01.3664	+00.2332	0000.456
+01.3694	+00.2335	0000.457
+01.3725	+00.2341	0000.458
+01.3755	+00.2344	0000.459
+01.3783	+00.2347	0000.460
+01.3816	+00.2350	0000.461
+01.3847	+00.2347	0000.462
+01.3877	+00.2359	0000.463
+01.3905	+00.2359	0000.464
+01.3935	+00.2365	0000.465
+01.3963	+00.2362	0000.466
+01.3996	+00.2372	0000.467
+01.4024	+00.2378	0000.468
+01.4058	+00.2378	0000.469
+01.4082	+00.2384	0000.470
+01.4116	+00.2381	0000.471
+01.4149	+00.2390	0000.472
+01.4180	+00.2393	0000.473
+01.4201	+00.2390	0000.474
+01.4238	+00.2402	0000.475
+01.4265	+00.2399	0000.476
+01.4293	+00.2405	0000.477
+01.4329	+00.2405	0000.478
+01.4354	+00.2411	0000.479
+01.4384	+00.2411	0000.480
+01.4415	+00.2420	0000.481
+01.4442	+00.2417	0000.482
+01.4479	+00.2423	0000.483
+01.4503	+00.2430	0000.484
+01.4537	+00.2427	0000.485
+01.4567	+00.2439	0000.486
+01.4589	+00.2436	0000.487
+01.4622	+00.2439	0000.488
+01.4656	+00.2442	0000.489
+01.4689	+00.2445	0000.490
+01.4717	+00.2448	0000.491
+01.4744	+00.2448	0000.492
+01.4772	+00.2457	0000.493
+01.4811	+00.2460	0000.494
+01.4833	+00.2460	0000.495
+01.4872	+00.2463	0000.496
+01.4897	+00.2469	0000.497
+01.4927	+00.2469	0000.498
+01.4961	+00.2478	0000.499
+01.4985	+00.2481	0000.500
+01.5016	+00.2478	0000.501
+01.5046	+00.2484	0000.502
+01.5074	+00.2484	0000.503
+01.5110	+00.2488	0000.504
+01.5141	+00.2491	0000.505
+01.5165	+00.2497	0000.506
+01.5196	+00.2497	0000.507
+01.5232	+00.2500	0000.508
+01.5257	+00.2506	0000.509
+01.5287	+00.2506	0000.510
+01.5321	+00.2506	0000.511
+01.5348	+00.2509	0000.512
+01.5379	+00.2518	0000.513
+01.5413	+00.2524	0000.514
+01.5434	+00.2521	0000.515
+01.5464	+00.2521	0000.516
+01.5498	+00.2527	0000.517
+01.5532	+00.2530	0000.518
+01.5562	+00.2533	0000.519
+01.5586	+00.2533	0000.520
+01.5617	+00.2536	0000.521
+01.5648	+00.2542	0000.522
+01.5678	+00.2549	0000.523
+01.5709	+00.2549	0000.524
+01.5739	+00.2549	0000.525
+01.5767	+00.2555	0000.526
+01.5797	+00.2555	0000.527
+01.5831	+00.2561	0000.528
+01.5861	+00.2561	0000.529
+01.5889	+00.2564	0000.530
+01.5922	+00.2570	0000.531
+01.5950	+00.2567	0000.532
+01.5977	+00.2573	0000.533
+01.6008	+00.2573	0000.534
+01.6038	+00.2576	0000.535
+01.6066	+00.2576	0000.536
+01.6099	+00.2582	0000.537
+01.6130	+00.2585	0000.538
+01.6154	+00.2591	0000.539
+01.6191	+00.2594	0000.540
+01.6215	+00.2591	0000.541
+01.6246	+00.2597	0000.542
+01.6282	+00.2600	0000.543
+01.6307	+00.2600	0000.544
+01.6340	+00.2604	0000.545
+01.6368	+00.2613	0000.546
+01.6401	+00.2610	0000.547
+01.6429	+00.2613	0000.548
+01.6462	+00.2613	0000.549
+01.6493	+00.2619	0000.550
+01.6520	+00.2619	0000.551
+01.6551	+00.2622	0000.552
+01.6581	+00.2625	0000.553
+01.6609	+00.2631	0000.554
+01.6639	+00.2631	0000.555
+01.6673	+00.2631	0000.556
+01.6697	+00.2634	0000.557
+01.6731	+00.2640	0000.558
+01.6761	+00.2643	0000.559
+01.6789	+00.2643	0000.560
+01.6822	+00.2646	0000.561
+01.6850	+00.2649	0000.562
+01.6877	+00.2652	0000.563
+01.6911	+00.2655	0000.564
+01.6938	+00.2658	0000.565
+01.6972	+00.2658	0000.566
+01.7002	+00.2665	0000.567
+01.7027	+00.2665	0000.568
+01.7060	+00.2665	0000.569
+01.7088	+00.2668	0000.570
+01.7118	+00.2668	0000.571
+01.7146	+00.2677	0000.572
+01.7179	+00.2677	0000.573
+01.7207	+00.2680	0000.574
+01.7241	+00.2683	0000.575
+01.7268	+00.2683	0000.576
+01.7302	+00.2689	0000.577
+01.7329	+00.2686	0000.578
+01.7366	+00.2692	0000.579
+01.7390	+00.2695	0000.580
+01.7421	+00.2692	0000.581
+01.7445	+00.2701	0000.582
+01.7476	+00.2695	0000.583
+01.7512	+00.2701	0000.584
+01.7546	+00.2704	0000.585
+01.7567	+00.2707	0000.586
+01.7601	+00.2707	0000.587
+01.7631	+00.2713	0000.588
+01.7659	+00.2713	0000.589
+01.7692	+00.2716	0000.590
+01.7720	+00.2719	0000.591
+01.7747	+00.2723	0000.592
+01.7781	+00.2723	0000.593
+01.7808	+00.2726	0000.594
+01.7842	+00.2732	0000.595
+01.7869	+00.2732	0000.596
+01.7900	+00.2732	0000.597
+01.7927	+00.2738	0000.598
+01.7961	+00.2738	0000.599
+01.7991	+00.2741	0000.600
+01.8019	+00.2744	0000.601
+01.8055	+00.2741	0000.602
+01.8086	+00.2744	0000.603
+01.8113	+00.2747	0000.604
+01.8141	+00.2753	0000.605
+01.8171	+00.2756	0000.606
+01.8205	+00.2753	0000.607
+01.8235	+00.2756	0000.608
+01.8260	+00.2759	0000.609
+01.8287	+00.2762	0000.610
+01.8321	+00.2762	0000.611
+01.8351	+00.2765	0000.612
+01.8382	+00.2771	0000.613
+01.8415	+00.2768	0000.614
+01.8443	+00.2777	0000.615
+01.8467	+00.2771	0000.616
+01.8501	+00.2774	0000.617
+01.8528	+00.2781	0000.618
+01.8559	+00.2781	0000.619
+01.8592	+00.2787	0000.620
+01.8623	+00.2781	0000.621
+01.8657	+00.2787	0000.622
+01.8681	+00.2793	0000.623
+01.8718	+00.2796	0000.624
+01.8742	+00.2790	0000.625
+01.8769	+00.2793	0000.626
+01.8800	+00.2799	0000.627
+01.8834	+00.2802	0000.628
+01.8861	+00.2805	0000.629
+01.8892	+00.2808	0000.630
+01.8925	+00.2805	0000.631
+01.8956	+00.2808	0000.632
+01.8977	+00.2814	0000.633
+01.9007	+00.2811	0000.634
+01.9041	+00.2814	0000.635
+01.9075	+00.2814	0000.636
+01.9108	+00.2817	0000.637
+01.9136	+00.2823	0000.638
+01.9163	+00.2820	0000.639
+01.9191	+00.2829	0000.640
+01.9224	+00.2826	0000.641
+01.9252	+00.2829	0000.642
+01.9279	+00.2832	0000.643
+01.9313	+00.2839	0000.644
+01.9343	+00.2839	0000.645
+01.9368	+00.2835	0000.646
+01.9401	+00.2839	0000.647
+01.9432	+00.2842	0000.648
+01.9459	+00.2845	0000.649
+01.9493	+00.2845	0000.650
+01.9517	+00.2848	0000.651
+01.9554	+00.2851	0000.652
+01.9584	+00.2848	0000.653
+01.9612	+00.2854	0000.654
+01.9642	+00.2860	0000.655
+01.9673	+00.2857	0000.656
+01.9700	+00.2863	0000.657
+01.9731	+00.2860	0000.658
+01.9761	+00.2863	0000.659
+01.9792	+00.2866	0000.660
+01.9819	+00.2866	0000.661
+01.9856	+00.2872	0000.662
+01.9883	+00.2872	0000.663
+01.9914	+00.2878	0000.664
+01.9941	+00.2875	0000.665
+01.9975	+00.2878	0000.666
+02.0002	+00.2878	0000.667
+02.0039	+00.2881	0000.668
+02.0060	+00.2884	0000.669
+02.0094	+00.2884	0000.670
+02.0124	+00.2887	0000.671
+02.0152	+00.2893	0000.672
+02.0189	+00.2893	0000.673
+02.0213	+00.2890	0000.674
+02.0246	+00.2893	0000.675
+02.0274	+00.2896	0000.676
+02.0308	+00.2896	0000.677
+02.0332	+00.2903	0000.678
+02.0362	+00.2903	0000.679
+02.0396	+00.2906	0000.680
+02.0424	+00.2909	0000.681
+02.0457	+00.2915	0000.682
+02.0478	+00.2915	0000.683
+02.0512	+00.2912	0000.684
+02.0546	+00.2915	0000.685
+02.0576	+00.2915	0000.686
+02.0604	+00.2915	0000.687
+02.0634	+00.2921	0000.688
+02.0665	+00.2924	0000.689
+02.0692	+00.2927	0000.690
+02.0723	+00.2927	0000.691
+02.0750	+00.2930	0000.692
+02.0784	+00.2930	0000.693
+02.0811	+00.2930	0000.694
+02.0845	+00.2933	0000.695
+02.0875	+00.2933	0000.696
+02.0909	+00.2936	0000.697
+02.0930	+00.2936	0000.698
+02.0964	+00.2939	0000.699
+02.0997	+00.2942	0000.700
+02.1022	+00.2942	0000.701
+02.1058	+00.2948	0000.702
+02.1086	+00.2948	0000.703
+02.1122	+00.2951	0000.704
+02.1141	+00.2951	0000.705
+02.1180	+00.2954	0000.706
+02.1205	+00.2954	0000.707
+02.1235	+00.2958	0000.708
+02.1266	+00.2958	0000.709
+02.1290	+00.2958	0000.710
+02.1324	+00.2964	0000.711
+02.1354	+00.2967	0000.712
+02.1385	+00.2967	0000.713
+02.1409	+00.2967	0000.714
+02.1449	+00.2970	0000.715
+02.1473	+00.2973	0000.716
+02.1507	+00.2970	0000.717
+02.1531	+00.2970	0000.718
+02.1568	+00.2976	0000.719
+02.1592	+00.2982	0000.720
+02.1629	+00.2982	0000.721
+02.1653	+00.2979	0000.722
+02.1687	+00.2985	0000.723
+02.1708	+00.2985	0000.724
+02.1742	+00.2991	0000.725
+02.1772	+00.2988	0000.726
+02.1806	+00.2991	0000.727
+02.1833	+00.2991	0000.728
+02.1867	+00.2991	0000.729
+02.1898	+00.2994	0000.730
+02.1922	+00.3000	0000.731
+02.1955	+00.2997	0000.732
+02.1986	+00.3003	0000.733
+02.2017	+00.2997	0000.734
+02.2047	+00.3009	0000.735
+02.2075	+00.3003	0000.736
+02.2105	+00.3012	0000.737
+02.2136	+00.3012	0000.738
+02.2169	+00.3012	0000.739
+02.2197	+00.3012	0000.740
+02.2227	+00.3019	0000.741
+02.2255	+00.3016	0000.742
+02.2282	+00.3016	0000.743
+02.2319	+00.3022	0000.744
+02.2355	+00.3022	0000.745
+02.2374	+00.3019	0000.746
+02.2407	+00.3025	0000.747
+02.2438	+00.3025	0000.748
+02.2462	+00.3025	0000.749
+02.2499	+00.3031	0000.750
+02.2529	+00.3031	0000.751
+02.2554	+00.3037	0000.752
+02.2590	+00.3034	0000.753
+02.2618	+00.3031	0000.754
+02.2648	+00.3037	0000.755
+02.2676	+00.3040	0000.756
+02.2703	+00.3043	0000.757
+02.2740	+00.3043	0000.758
+02.2767	+00.3046	0000.759
+02.2798	+00.3052	0000.760
+02.2828	+00.3046	0000.761
+02.2862	+00.3049	0000.762
+02.2883	+00.3049	0000.763
+02.2917	+00.3055	0000.764
+02.2947	+00.3055	0000.765
+02.2975	+00.3061	0000.766
+02.3008	+00.3058	0000.767
+02.3039	+00.3058	0000.768
+02.3063	+00.3055	0000.769
+02.3097	+00.3064	0000.770
+02.3127	+00.3064	0000.771
+02.3155	+00.3064	0000.772
+02.3185	+00.3067	0000.773
+02.3219	+00.3070	0000.774
+02.3246	+00.3070	0000.775
+02.3277	+00.3070	0000.776
+02.3307	+00.3070	0000.777
+02.3341	+00.3077	0000.778
+02.3368	+00.3080	0000.779
+02.3399	+00.3083	0000.780
+02.3426	+00.3080	0000.781
+02.3454	+00.3083	0000.782
+02.3484	+00.3080	0000.783
+02.3518	+00.3089	0000.784
+02.3549	+00.3086	0000.785
+02.3576	+00.3086	0000.786
+02.3600	+00.3092	0000.787
+02.3640	+00.3089	0000.788
+02.3668	+00.3092	0000.789
+02.3698	+00.3098	0000.790
+02.3729	+00.3101	0000.791
+02.3753	+00.3092	0000.792
+02.3783	+00.3101	0000.793
+02.3820	+00.3101	0000.794
+02.3848	+00.3104	0000.795
+02.3875	+00.3104	0000.796
+02.3909	+00.3110	0000.797
+02.3942	+00.3107	0000.798
+02.3964	+00.3107	0000.799
+02.4000	+00.3107	0000.800
+02.4031	+00.3113	0000.801
+02.4064	+00.3110	0000.802
+02.4089	+00.3113	0000.803
+02.4119	+00.3116	0000.804
+02.4153	+00.3113	0000.805
+02.4174	+00.3119	0000.806
+02.4208	+00.3122	0000.807
+02.4241	+00.3119	0000.808
+02.4269	+00.3122	0000.809
+02.4299	+00.3125	0000.810
+02.4327	+00.3128	0000.811
+02.4354	+00.3131	0000.812
+02.4391	+00.3128	0000.813
+02.4418	+00.3135	0000.814
+02.4446	+00.3131	0000.815
+02.4476	+00.3135	0000.816
+02.4504	+00.3135	0000.817
+02.4537	+00.3138	0000.818
+02.4565	+00.3138	0000.819
+02.4604	+00.3144	0000.820
+02.4629	+00.3141	0000.821
+02.4659	+00.3144	0000.822
+02.4687	+00.3144	0000.823
+02.4714	+00.3147	0000.824
+02.4754	+00.3147	0000.825
+02.4775	+00.3147	0000.826
+02.4806	+00.3153	0000.827
+02.4839	+00.3153	0000.828
+02.4864	+00.3153	0000.829
+02.4900	+00.3156	0000.830
+02.4934	+00.3159	0000.831
+02.4958	+00.3156	0000.832
+02.4989	+00.3162	0000.833
+02.5016	+00.3159	0000.834
+02.5044	+00.3165	0000.835
+02.5084	+00.3159	0000.836
+02.5111	+00.3168	0000.837
+02.5142	+00.3168	0000.838
+02.5172	+00.3171	0000.839
+02.5206	+00.3171	0000.840
+02.5224	+00.3171	0000.841
+02.5261	+00.3174	0000.842
+02.5288	+00.3171	0000.843
+02.5315	+00.3177	0000.844
+02.5349	+00.3177	0000.845
+02.5383	+00.3180	0000.846
+02.5413	+00.3177	0000.847
+02.5434	+00.3183	0000.848
+02.5471	+00.3183	0000.849
+02.5502	+00.3186	0000.850
+02.5532	+00.3189	0000.851
+02.5563	+00.3189	0000.852
+02.5590	+00.3186	0000.853
+02.5621	+00.3189	0000.854
+02.5648	+00.3186	0000.855
+02.5679	+00.3196	0000.856
+02.5712	+00.3189	0000.857
+02.5737	+00.3196	0000.858
+02.5770	+00.3196	0000.859
+02.5801	+00.3202	0000.860
+02.5837	+00.3199	0000.861
+02.5865	+00.3199	0000.862
+02.5892	+00.3205	0000.863
+02.5920	+00.3205	0000.864
+02.5950	+00.3208	0000.865
+02.5975	+00.3208	0000.866
+02.6014	+00.3208	0000.867
+02.6042	+00.3208	0000.868
+02.6075	+00.3211	0000.869
+02.6100	+00.3208	0000.870
+02.6133	+00.3214	0000.871
+02.6158	+00.3220	0000.872
+02.6188	+00.3217	0000.873
+02.6219	+00.3220	0000.874
+02.6252	+00.3217	0000.875
+02.6280	+00.3223	0000.876
+02.6310	+00.3223	0000.877
+02.6338	+00.3229	0000.878
+02.6374	+00.3226	0000.879
+02.6402	+00.3226	0000.880
+02.6432	+00.3226	0000.881
+02.6463	+00.3229	0000.882
+02.6493	+00.3229	0000.883
+02.6521	+00.3232	0000.884
+02.6551	+00.3235	0000.885
+02.6588	+00.3232	0000.886
+02.6606	+00.3238	0000.887
+02.6637	+00.3238	0000.888
+02.6670	+00.3241	0000.889
+02.6707	+00.3238	0000.890
+02.6731	+00.3238	0000.891
+02.6762	+00.3244	0000.892
+02.6796	+00.3247	0000.893
+02.6826	+00.3244	0000.894
+02.6851	+00.3247	0000.895
+02.6887	+00.3247	0000.896
+02.6912	+00.3247	0000.897
+02.6942	+00.3250	0000.898
+02.6970	+00.3250	0000.899
+02.7000	+00.3254	0000.900
+02.7034	+00.3254	0000.901
+02.7067	+00.3257	0000.902
+02.7095	+00.3254	0000.903
+02.7125	+00.3257	0000.904
+02.7150	+00.3266	0000.905
+02.7183	+00.3257	0000.906
+02.7214	+00.3263	0000.907
+02.7244	+00.3260	0000.908
+02.7275	+00.3260	0000.909
+02.7308	+00.3269	0000.910
+02.7333	+00.3269	0000.911
+02.7363	+00.3272	0000.912
+02.7397	+00.3269	0000.913
+02.7424	+00.3272	0000.914
+02.7452	+00.3275	0000.915
+02.7482	+00.3275	0000.916
+02.7513	+00.3275	0000.917
+02.7546	+00.3278	0000.918
+02.7577	+00.3278	0000.919
+02.7613	+00.3281	0000.920
+02.7632	+00.3284	0000.921
+02.7665	+00.3281	0000.922
+02.7693	+00.3284	0000.923
+02.7720	+00.3284	0000.924
+02.7757	+00.3290	0000.925
+02.7781	+00.3287	0000.926
+02.7812	+00.3284	0000.927
+02.7845	+00.3287	0000.928
+02.7870	+00.3293	0000.929
+02.7900	+00.3293	0000.930
+02.7934	+00.3293	0000.931
+02.7964	+00.3296	0000.932
+02.7995	+00.3293	0000.933
+02.8032	+00.3299	0000.934
+02.8059	+00.3299	0000.935
+02.8083	+00.3296	0000.936
+02.8114	+00.3305	0000.937
+02.8138	+00.3305	0000.938
+02.8175	+00.3308	0000.939
+02.8202	+00.3302	0000.940
+02.8233	+00.3305	0000.941
+02.8257	+00.3308	0000.942
+02.8297	+00.3312	0000.943
+02.8321	+00.3312	0000.944
+02.8355	+00.3315	0000.945
+02.8382	+00.3315	0000.946
+02.8413	+00.3315	0000.947
+02.8447	+00.3315	0000.948
+02.8471	+00.3318	0000.949
+02.8508	+00.3318	0000.950
+02.8538	+00.3318	0000.951
+02.8566	+00.3321	0000.952
+02.8596	+00.3327	0000.953
+02.8624	+00.3324	0000.954
+02.8651	+00.3324	0000.955
+02.8685	+00.3327	0000.956
+02.8724	+00.3327	0000.957
+02.8743	+00.3330	0000.958
+02.8770	+00.3330	0000.959
+02.8807	+00.3333	0000.960
+02.8837	+00.3330	0000.961
+02.8868	+00.3336	0000.962
+02.8898	+00.3333	0000.963
+02.8923	+00.3336	0000.964
+02.8953	+00.3336	0000.965
+02.8990	+00.3336	0000.966
+02.9020	+00.3339	0000.967
+02.9048	+00.3342	0000.968
+02.9078	+00.3342	0000.969
+02.9106	+00.3342	0000.970
+02.9133	+00.3345	0000.971
+02.9167	+00.3345	0000.972
+02.9194	+00.3348	0000.973
+02.9231	+00.3345	0000.974
+02.9261	+00.3348	0000.975
+02.9289	+00.3348	0000.976
+02.9316	+00.3351	0000.977
+02.9347	+00.3354	0000.978
+02.9377	+00.3354	0000.979
+02.9411	+00.3357	0000.980
+02.9441	+00.3357	0000.981
+02.9463	+00.3360	0000.982
+02.9493	+00.3360	0000.983
+02.9524	+00.3360	0000.984
+02.9554	+00.3360	0000.985
+02.9588	+00.3360	0000.986
+02.9621	+00.3366	0000.987
+02.9652	+00.3366	0000.988
+02.9679	+00.3366	0000.989
+02.9707	+00.3366	0000.990
+02.9734	+00.3373	0000.991
+02.9765	+00.3366	0000.992
+02.9799	+00.3366	0000.993
+02.9826	+00.3376	0000.994
+02.9853	+00.3373	0000.995
+02.9884	+00.3370	0000.996
+02.9914	+00.3376	0000.997
+02.9948	+00.3379	0000.998
+02.9982	+00.3382	0000.999
+03.0003	+00.3382	0001.000
+03.0030	+00.3379	0001.001
+03.0070	+00.3382	0001.002
+03.0098	+00.3385	0001.003
+03.0134	+00.3385	0001.004
+03.0156	+00.3385	0001.005
+03.0189	+00.3388	0001.006
+03.0217	+00.3391	0001.007
+03.0244	+00.3391	0001.008
+03.0275	+00.3388	0001.009
+03.0305	+00.3391	0001.010
+03.0336	+00.3391	0001.011
+03.0366	+00.3397	0001.012
+03.0400	+00.3394	0001.013
+03.0427	+00.3394	0001.014
+03.0461	+00.3397	0001.015
+03.0488	+00.3394	0001.016
+03.0519	+00.3403	0001.017
+03.0546	+00.3400	0001.018
+03.0580	+00.3406	0001.019
+03.0604	+00.3403	0001.020
+03.0644	+00.3400	0001.021
+03.0671	+00.3406	0001.022
+03.0702	+00.3406	0001.023
+03.0732	+00.3412	0001.024
+03.0760	+00.3409	0001.025
+03.0790	+00.3409	0001.026
+03.0821	+00.3415	0001.027
+03.0848	+00.3415	0001.028
+03.0879	+00.3415	0001.029
+03.0909	+00.3409	0001.030
+03.0937	+00.3418	0001.031
+03.0967	+00.3409	0001.032
+03.0998	+00.3421	0001.033
+03.1031	+00.3418	0001.034
+03.1056	+00.3421	0001.035
+03.1089	+00.3421	0001.036
+03.1120	+00.3421	0001.037
+03.1150	+00.3427	0001.038
+03.1175	+00.3424	0001.039
+03.1208	+00.3427	0001.040
+03.1236	+00.3427	0001.041
+03.1263	+00.3431	0001.042
+03.1297	+00.3431	0001.043
+03.1327	+00.3431	0001.044
+03.1361	+00.3427	0001.045
+03.1392	+00.3437	0001.046
+03.1416	+00.3437	0001.047
+03.1456	+00.3434	0001.048
+03.1483	+00.3437	0001.049
+03.1504	+00.3437	0001.050
+03.1538	+00.3437	0001.051
+03.1569	+00.3440	0001.052
+03.1593	+00.3440	0001.053
+03.1630	+00.3446	0001.054
+03.1657	+00.3443	0001.055
+03.1688	+00.3446	0001.056
+03.1721	+00.3449	0001.057
+03.1749	+00.3449	0001.058
+03.1782	+00.3449	0001.059
+03.1807	+00.3446	0001.060
+03.1846	+00.3449	0001.061
+03.1874	+00.3455	0001.062
+03.1901	+00.3455	0001.063
+03.1926	+00.3455	0001.064
+03.1959	+00.3455	0001.065
+03.1987	+00.3452	0001.066
+03.2023	+00.3461	0001.067
+03.2045	+00.3458	0001.068
+03.2081	+00.3458	0001.069
+03.2109	+00.3461	0001.070
+03.2136	+00.3461	0001.071
+03.2179	+00.3464	0001.072
+03.2200	+00.3464	0001.073
+03.2225	+00.3467	0001.074
+03.2264	+00.3470	0001.075
+03.2292	+00.3470	0001.076
+03.2325	+00.3470	0001.077
+03.2350	+00.3467	0001.078
+03.2380	+00.3473	0001.079
+03.2405	+00.3470	0001.080
+03.2432	+00.3470	0001.081
+03.2469	+00.3473	0001.082
+03.2502	+00.3476	0001.083
+03.2527	+00.3476	0001.084
+03.2560	+00.3479	0001.085
+03.2588	+00.3473	0001.086
+03.2631	+00.3482	0001.087
+03.2655	+00.3476	0001.088
+03.2679	+00.3479	0001.089
+03.2707	+00.3482	0001.090
+03.2740	+00.3482	0001.091
+03.2774	+00.3489	0001.092
+03.2798	+00.3489	0001.093
+03.2826	+00.3489	0001.094
+03.2862	+00.3489	0001.095
+03.2890	+00.3492	0001.096
+03.2920	+00.3492	0001.097
+03.2951	+00.3489	0001.098
+03.2985	+00.3495	0001.099
+03.3012	+00.3495	0001.100
+03.3043	+00.3495	0001.101
+03.3067	+00.3495	0001.102
+03.3097	+00.3498	0001.103
+03.3131	+00.3495	0001.104
+03.3162	+00.3501	0001.105
+03.3189	+00.3504	0001.106
+03.3226	+00.3498	0001.107
+03.3250	+00.3504	0001.108
+03.3284	+00.3507	0001.109
+03.3308	+00.3504	0001.110
+03.3342	+00.3507	0001.111
+03.3366	+00.3510	0001.112
+03.3397	+00.3504	0001.113
+03.3433	+00.3507	0001.114
+03.3458	+00.3507	0001.115
+03.3491	+00.3513	0001.116
+03.3522	+00.3513	0001.117
+03.3549	+00.3513	0001.118
+03.3577	+00.3519	0001.119
+03.3616	+00.3513	0001.120
+03.3641	+00.3516	0001.121
+03.3674	+00.3519	0001.122
+03.3705	+00.3516	0001.123
+03.3735	+00.3519	0001.124
+03.3757	+00.3519	0001.125
+03.3799	+00.3525	0001.126
+03.3821	+00.3525	0001.127
+03.3854	+00.3528	0001.128
+03.3885	+00.3522	0001.129
+03.3915	+00.3522	0001.130
+03.3943	+00.3525	0001.131
+03.3970	+00.3525	0001.132
+03.4004	+00.3528	0001.133
+03.4037	+00.3528	0001.134
+03.4050	+00.3537	0001.135
+03.4098	+00.3528	0001.136
+03.4114	+00.3534	0001.137
+03.4150	+00.3537	0001.138
+03.4184	+00.3537	0001.139
+03.4208	+00.3537	0001.140
+03.4245	+00.3540	0001.141
+03.4278	+00.3540	0001.142
+03.4306	+00.3534	0001.143
+03.4333	+00.3540	0001.144
+03.4364	+00.3543	0001.145
+03.4394	+00.3543	0001.146
+03.4425	+00.3547	0001.147
+03.4459	+00.3543	0001.148
+03.4477	+00.3550	0001.149
+03.4510	+00.3547	0001.150
+03.4550	+00.3550	0001.151
+03.4571	+00.3550	0001.152
+03.4605	+00.3550	0001.153
+03.4629	+00.3556	0001.154
+03.4660	+00.3550	0001.155
+03.4694	+00.3559	0001.156
+03.4727	+00.3553	0001.157
+03.4758	+00.3559	0001.158
+03.4779	+00.3559	0001.159
+03.4819	+00.3559	0001.160
+03.4840	+00.3562	0001.161
+03.4871	+00.3559	0001.162
+03.4904	+00.3559	0001.163
+03.4935	+00.3559	0001.164
+03.4965	+00.3565	0001.165
+03.4996	+00.3562	0001.166
+03.5026	+00.3568	0001.167
+03.5057	+00.3565	0001.168
+03.5084	+00.3571	0001.169
+03.5112	+00.3568	0001.170
+03.5133	+00.3571	0001.171
+03.5173	+00.3571	0001.172
+03.5203	+00.3571	0001.173
+03.5234	+00.3568	0001.174
+03.5270	+00.3571	0001.175
+03.5298	+00.3574	0001.176
+03.5319	+00.3574	0001.177
+03.5350	+00.3574	0001.178
+03.5386	+00.3577	0001.179
+03.5417	+00.3583	0001.180
+03.5447	+00.3580	0001.181
+03.5475	+00.3577	0001.182
+03.5502	+00.3580	0001.183
+03.5536	+00.3586	0001.184
+03.5560	+00.3580	0001.185
+03.5594	+00.3586	0001.186
+03.5624	+00.3589	0001.187
+03.5655	+00.3583	0001.188
+03.5688	+00.3592	0001.189
+03.5713	+00.3589	0001.190
+03.5743	+00.3589	0001.191
+03.5774	+00.3589	0001.192
+03.5807	+00.3589	0001.193
+03.5835	+00.3595	0001.194
+03.5865	+00.3595	0001.195
+03.5893	+00.3589	0001.196
+03.5929	+00.3595	0001.197
+03.5960	+00.3598	0001.198
+03.5987	+00.3595	0001.199
+03.6018	+00.3601	0001.200
+03.6052	+00.3598	0001.201
+03.6073	+00.3598	0001.202
+03.6103	+00.3604	0001.203
+03.6137	+00.3601	0001.204
+03.6164	+00.3611	0001.205
+03.6189	+00.3604	0001.206
+03.6226	+00.3611	0001.207
+03.6250	+00.3604	0001.208
+03.6280	+00.3608	0001.209
+03.6314	+00.3608	0001.210
+03.6351	+00.3608	0001.211
+03.6372	+00.3611	0001.212
+03.6399	+00.3614	0001.213
+03.6433	+00.3611	0001.214
+03.6467	+00.3617	0001.215
+03.6497	+00.3614	0001.216
+03.6528	+00.3620	0001.217
+03.6558	+00.3617	0001.218
+03.6580	+00.3620	0001.219
+03.6610	+00.3620	0001.220
+03.6647	+00.3620	0001.221
+03.6671	+00.3623	0001.222
+03.6702	+00.3623	0001.223
+03.6729	+00.3629	0001.224
+03.6769	+00.3623	0001.225
+03.6790	+00.3629	0001.226
+03.6830	+00.3632	0001.227
+03.6857	+00.3623	0001.228
+03.6888	+00.3632	0001.229
+03.6915	+00.3635	0001.230
+03.6943	+00.3629	0001.231
+03.6973	+00.3629	0001.232
+03.7013	+00.3635	0001.233
+03.7034	+00.3632	0001.234
+03.7068	+00.3635	0001.235
+03.7095	+00.3635	0001.236
+03.7126	+00.3638	0001.237
+03.7156	+00.3638	0001.238
+03.7187	+00.3638	0001.239
+03.7217	+00.3638	0001.240
+03.7248	+00.3641	0001.241
+03.7275	+00.3641	0001.242
+03.7303	+00.3641	0001.243
+03.7339	+00.3641	0001.244
+03.7373	+00.3647	0001.245
+03.7397	+00.3647	0001.246
+03.7437	+00.3644	0001.247
+03.7455	+00.3647	0001.248
+03.7486	+00.3650	0001.249
+03.7516	+00.3644	0001.250
+03.7547	+00.3650	0001.251
+03.7571	+00.3647	0001.252
+03.7605	+00.3653	0001.253
+03.7632	+00.3650	0001.254
+03.7663	+00.3650	0001.255
+03.7696	+00.3659	0001.256
+03.7721	+00.3659	0001.257
+03.7761	+00.3659	0001.258
+03.7785	+00.3653	0001.259
+03.7812	+00.3659	0001.260
+03.7846	+00.3659	0001.261
+03.7880	+00.3666	0001.262
+03.7907	+00.3662	0001.263
+03.7938	+00.3659	0001.264
+03.7965	+00.3662	0001.265
+03.7996	+00.3666	0001.266
+03.8026	+00.3669	0001.267
+03.8054	+00.3669	0001.268
+03.8087	+00.3672	0001.269
+03.8121	+00.3675	0001.270
+03.8148	+00.3666	0001.271
+03.8182	+00.3672	0001.272
+03.8206	+00.3669	0001.273
+03.8237	+00.3678	0001.274
+03.8273	+00.3678	0001.275
+03.8304	+00.3675	0001.276
+03.8325	+00.3678	0001.277
+03.8359	+00.3675	0001.278
+03.8386	+00.3681	0001.279
+03.8420	+00.3678	0001.280
+03.8450	+00.3678	0001.281
+03.8481	+00.3681	0001.282
+03.8499	+00.3681	0001.283
+03.8533	+00.3684	0001.284
+03.8560	+00.3684	0001.285
+03.8597	+00.3684	0001.286
+03.8630	+00.3687	0001.287
+03.8667	+00.3690	0001.288
+03.8685	+00.3687	0001.289
+03.8716	+00.3690	0001.290
+03.8740	+00.3693	0001.291
+03.8780	+00.3693	0001.292
+03.8813	+00.3693	0001.293
+03.8838	+00.3696	0001.294
+03.8868	+00.3693	0001.295
+03.8899	+00.3702	0001.296
+03.8926	+00.3699	0001.297
+03.8960	+00.3693	0001.298
+03.8996	+00.3702	0001.299
+03.9021	+00.3699	0001.300
+03.9048	+00.3699	0001.301
+03.9076	+00.3702	0001.302
+03.9116	+00.3705	0001.303
+03.9137	+00.3702	0001.304
+03.9174	+00.3708	0001.305
+03.9195	+00.3711	0001.306
+03.9231	+00.3708	0001.307
+03.9259	+00.3708	0001.308
+03.9296	+00.3711	0001.309
+03.9320	+00.3708	0001.310
+03.9351	+00.3708	0001.311
+03.9381	+00.3711	0001.312
+03.9412	+00.3711	0001.313
+03.9436	+00.3717	0001.314
+03.9466	+00.3714	0001.315
+03.9500	+00.3714	0001.316
+03.9534	+00.3717	0001.317
+03.9552	+00.3714	0001.318
+03.9589	+00.3720	0001.319
+03.9619	+00.3720	0001.320
+03.9650	+00.3717	0001.321
+03.9683	+00.3720	0001.322
+03.9714	+00.3720	0001.323
+03.9735	+00.3720	0001.324
+03.9769	+00.3720	0001.325
+03.9802	+00.3724	0001.326
+03.9833	+00.3727	0001.327
+03.9857	+00.3727	0001.328
+03.9891	+00.3724	0001.329
+03.9924	+00.3730	0001.330
+03.9955	+00.3724	0001.331
+03.9979	+00.3730	0001.332
+04.0007	+00.3733	0001.333
+04.0040	+00.3733	0001.334
+04.0077	+00.3736	0001.335
+04.0092	+00.3733	0001.336
+04.0129	+00.3736	0001.337
+04.0162	+00.3733	0001.338
+04.0193	+00.3742	0001.339
+04.0217	+00.3736	0001.340
+04.0245	+00.3739	0001.341
+04.0284	+00.3736	0001.342
+04.0312	+00.3742	0001.343
+04.0339	+00.3739	0001.344
+04.0373	+00.3742	0001.345
+04.0397	+00.3742	0001.346
+04.0440	+00.3742	0001.347
+04.0461	+00.3748	0001.348
+04.0489	+00.3745	0001.349
+04.0519	+00.3745	0001.350
+04.0550	+00.3751	0001.351
+04.0577	+00.3748	0001.352
+04.0614	+00.3748	0001.353
+04.0641	+00.3751	0001.354
+04.0672	+00.3754	0001.355
+04.0702	+00.3757	0001.356
+04.0733	+00.3754	0001.357
+04.0763	+00.3754	0001.358
+04.0785	+00.3757	0001.359
+04.0825	+00.3754	0001.360
+04.0849	+00.3760	0001.361
+04.0879	+00.3757	0001.362
+04.0907	+00.3757	0001.363
+04.0940	+00.3763	0001.364
+04.0968	+00.3766	0001.365
+04.1002	+00.3766	0001.366
+04.1029	+00.3760	0001.367
+04.1066	+00.3766	0001.368
+04.1087	+00.3766	0001.369
+04.1121	+00.3769	0001.370
+04.1151	+00.3769	0001.371
+04.1185	+00.3769	0001.372
+04.1215	+00.3769	0001.373
+04.1240	+00.3769	0001.374
+04.1270	+00.3769	0001.375
+04.1307	+00.3772	0001.376
+04.1328	+00.3775	0001.377
+04.1362	+00.3772	0001.378
+04.1395	+00.3775	0001.379
+04.1426	+00.3778	0001.380
+04.1453	+00.3775	0001.381
+04.1481	+00.3778	0001.382
+04.1514	+00.3775	0001.383
+04.1539	+00.3781	0001.384
+04.1575	+00.3785	0001.385
+04.1609	+00.3785	0001.386
+04.1636	+00.3785	0001.387
+04.1670	+00.3785	0001.388
+04.1694	+00.3785	0001.389
+04.1725	+00.3785	0001.390
+04.1755	+00.3788	0001.391
+04.1783	+00.3788	0001.392
+04.1813	+00.3791	0001.393
+04.1850	+00.3788	0001.394
+04.1865	+00.3794	0001.395
+04.1902	+00.3794	0001.396
+04.1935	+00.3797	0001.397
+04.1960	+00.3794	0001.398
+04.1996	+00.3794	0001.399
+04.2030	+00.3794	0001.400
+04.2054	+00.3797	0001.401
+04.2088	+00.3797	0001.402
+04.2115	+00.3797	0001.403
+04.2146	+00.3800	0001.404
+04.2173	+00.3800	0001.405
+04.2210	+00.3800	0001.406
+04.2234	+00.3803	0001.407
+04.2265	+00.3803	0001.408
+04.2289	+00.3806	0001.409
+04.2320	+00.3806	0001.410
+04.2356	+00.3806	0001.411
+04.2381	+00.3809	0001.412
+04.2411	+00.3806	0001.413
+04.2439	+00.3809	0001.414
+04.2472	+00.3809	0001.415
+04.2497	+00.3815	0001.416
+04.2533	+00.3812	0001.417
+04.2564	+00.3815	0001.418
+04.2591	+00.3815	0001.419
+04.2616	+00.3815	0001.420
+04.2649	+00.3812	0001.421
+04.2689	+00.3818	0001.422
+04.2710	+00.3815	0001.423
+04.2744	+00.3818	0001.424
+04.2775	+00.3818	0001.425
+04.2808	+00.3821	0001.426
+04.2830	+00.3818	0001.427
+04.2866	+00.3821	0001.428
+04.2903	+00.3824	0001.429
+04.2927	+00.3824	0001.430
+04.2961	+00.3824	0001.431
+04.2976	+00.3827	0001.432
+04.3019	+00.3827	0001.433
+04.3049	+00.3827	0001.434
+04.3077	+00.3827	0001.435
+04.3101	+00.3827	0001.436
+04.3132	+00.3830	0001.437
+04.3165	+00.3833	0001.438
+04.3199	+00.3830	0001.439
+04.3226	+00.3833	0001.440
+04.3254	+00.3827	0001.441
+04.3287	+00.3836	0001.442
+04.3312	+00.3839	0001.443
+04.3345	+00.3836	0001.444
+04.3376	+00.3836	0001.445
+04.3412	+00.3839	0001.446
+04.3431	+00.3839	0001.447
+04.3467	+00.3836	0001.448
+04.3501	+00.3843	0001.449
+04.3531	+00.3839	0001.450
+04.3553	+00.3843	0001.451
+04.3586	+00.3843	0001.452
+04.3620	+00.3849	0001.453
+04.3632	+00.3846	0001.454
+04.3675	+00.3849	0001.455
+04.3708	+00.3849	0001.456
+04.3733	+00.3849	0001.457
+04.3769	+00.3846	0001.458
+04.3794	+00.3849	0001.459
+04.3824	+00.3855	0001.460
+04.3849	+00.3855	0001.461
+04.3879	+00.3855	0001.462
+04.3916	+00.3855	0001.463
+04.3946	+00.3852	0001.464
+04.3986	+00.3858	0001.465
+04.4007	+00.3861	0001.466
+04.4038	+00.3861	0001.467
+04.4059	+00.3861	0001.468
+04.4096	+00.3855	0001.469
+04.4120	+00.3864	0001.470
+04.4154	+00.3864	0001.471
+04.4181	+00.3864	0001.472
+04.4212	+00.3864	0001.473
+04.4242	+00.3864	0001.474
+04.4279	+00.3864	0001.475
+04.4307	+00.3870	0001.476
+04.4340	+00.3867	0001.477
+04.4365	+00.3870	0001.478
+04.4389	+00.3867	0001.479
+04.4419	+00.3867	0001.480
+04.4456	+00.3873	0001.481
+04.4493	+00.3870	0001.482
+04.4511	+00.3873	0001.483
+04.4538	+00.3879	0001.484
+04.4578	+00.3876	0001.485
+04.4609	+00.3876	0001.486
+04.4639	+00.3876	0001.487
+04.4673	+00.3879	0001.488
+04.4700	+00.3879	0001.489
+04.4725	+00.3873	0001.490
+04.4761	+00.3879	0001.491
+04.4786	+00.3885	0001.492
+04.4819	+00.3882	0001.493
+04.4847	+00.3879	0001.494
+04.4877	+00.3885	0001.495
+04.4905	+00.3885	0001.496
+04.4941	+00.3888	0001.497
+04.4966	+00.3885	0001.498
+04.4996	+00.3885	0001.499
+04.5027	+00.3891	0001.500
+04.5060	+00.3891	0001.501
+04.5030	+00.3888	0001.502
+04.5005	+00.3888	0001.503
+04.4969	+00.3888	0001.504
+04.4935	+00.3891	0001.505
+04.4902	+00.3888	0001.506
+04.4874	+00.3894	0001.507
+04.4853	+00.3888	0001.508
+04.4816	+00.3885	0001.509
+04.4783	+00.3894	0001.510
+04.4755	+00.3888	0001.511
+04.4731	+00.3888	0001.512
+04.4703	+00.3891	0001.513
+04.4664	+00.3891	0001.514
+04.4636	+00.3891	0001.515
+04.4603	+00.3891	0001.516
+04.4581	+00.3888	0001.517
+04.4548	+00.3888	0001.518
+04.4514	+00.3888	0001.519
+04.4493	+00.3888	0001.520
+04.4462	+00.3882	0001.521
+04.4429	+00.3888	0001.522
+04.4404	+00.3885	0001.523
+04.4365	+00.3885	0001.524
+04.4337	+00.3888	0001.525
+04.4316	+00.3885	0001.526
+04.4276	+00.3885	0001.527
+04.4242	+00.3885	0001.528
+04.4218	+00.3885	0001.529
+04.4194	+00.3885	0001.530
+04.4166	+00.3885	0001.531
+04.4136	+00.3882	0001.532
+04.4093	+00.3882	0001.533
+04.4065	+00.3882	0001.534
+04.4044	+00.3882	0001.535
+04.4014	+00.3885	0001.536
+04.3980	+00.3882	0001.537
+04.3950	+00.3882	0001.538
+04.3919	+00.3882	0001.539
+04.3892	+00.3882	0001.540
+04.3864	+00.3885	0001.541
+04.3815	+00.3882	0001.542
+04.3797	+00.3876	0001.543
+04.3769	+00.3879	0001.544
+04.3739	+00.3882	0001.545
+04.3702	+00.3876	0001.546
+04.3675	+00.3882	0001.547
+04.3641	+00.3879	0001.548
+04.3620	+00.3882	0001.549
+04.3592	+00.3882	0001.550
+04.3559	+00.3879	0001.551
+04.3525	+00.3882	0001.552
+04.3492	+00.3879	0001.553
+04.3458	+00.3876	0001.554
+04.3440	+00.3876	0001.555
+04.3409	+00.3879	0001.556
+04.3388	+00.3876	0001.557
+04.3339	+00.3879	0001.558
+04.3315	+00.3879	0001.559
+04.3290	+00.3876	0001.560
+04.3263	+00.3876	0001.561
+04.3226	+00.3876	0001.562
+04.3196	+00.3876	0001.563
+04.3168	+00.3876	0001.564
+04.3129	+00.3873	0001.565
+04.3104	+00.3873	0001.566
+04.3089	+00.3876	0001.567
+04.3049	+00.3873	0001.568
+04.3019	+00.3873	0001.569
+04.2988	+00.3873	0001.570
+04.2955	+00.3876	0001.571
+04.2933	+00.3867	0001.572
+04.2894	+00.3873	0001.573
+04.2872	+00.3870	0001.574
+04.2833	+00.3873	0001.575
+04.2808	+00.3876	0001.576
+04.2775	+00.3870	0001.577
+04.2747	+00.3867	0001.578
+04.2710	+00.3870	0001.579
+04.2683	+00.3864	0001.580
+04.2659	+00.3870	0001.581
+04.2619	+00.3867	0001.582
+04.2598	+00.3867	0001.583
+04.2567	+00.3867	0001.584
+04.2546	+00.3867	0001.585
+04.2506	+00.3870	0001.586
+04.2476	+00.3864	0001.587
+04.2448	+00.3861	0001.588
+04.2414	+00.3867	0001.589
+04.2381	+00.3864	0001.590
+04.2360	+00.3867	0001.591
+04.2326	+00.3864	0001.592
+04.2289	+00.3864	0001.593
+04.2262	+00.3864	0001.594
+04.2234	+00.3867	0001.595
+04.2201	+00.3864	0001.596
+04.2183	+00.3864	0001.597
+04.2143	+00.3864	0001.598
+04.2115	+00.3861	0001.599
+04.2091	+00.3864	0001.600
+04.2054	+00.3861	0001.601
+04.2033	+00.3861	0001.602
+04.1993	+00.3861	0001.603
+04.1960	+00.3858	0001.604
+04.1935	+00.3858	0001.605
+04.1905	+00.3858	0001.606
+04.1880	+00.3858	0001.607
+04.1847	+00.3855	0001.608
+04.1816	+00.3867	0001.609
+04.1795	+00.3861	0001.610
+04.1752	+00.3858	0001.611
+04.1734	+00.3852	0001.612
+04.1694	+00.3858	0001.613
+04.1664	+00.3858	0001.614
+04.1633	+00.3858	0001.615
+04.1606	+00.3855	0001.616
+04.1581	+00.3852	0001.617
+04.1548	+00.3858	0001.618
+04.1517	+00.3855	0001.619
+04.1496	+00.3852	0001.620
+04.1456	+00.3855	0001.621
+04.1426	+00.3858	0001.622
+04.1395	+00.3852	0001.623
+04.1368	+00.3849	0001.624
+04.1334	+00.3849	0001.625
+04.1307	+00.3852	0001.626
+04.1276	+00.3849	0001.627
+04.1249	+00.3852	0001.628
+04.1224	+00.3849	0001.629
+04.1188	+00.3852	0001.630
+04.1157	+00.3849	0001.631
+04.1127	+00.3849	0001.632
+04.1099	+00.3849	0001.633
+04.1066	+00.3849	0001.634
+04.1035	+00.3849	0001.635
+04.1002	+00.3843	0001.636
+04.0977	+00.3849	0001.637
+04.0953	+00.3843	0001.638
+04.0919	+00.3846	0001.639
+04.0876	+00.3846	0001.640
+04.0855	+00.3843	0001.641
+04.0821	+00.3849	0001.642
+04.0788	+00.3849	0001.643
+04.0763	+00.3839	0001.644
+04.0739	+00.3846	0001.645
+04.0705	+00.3843	0001.646
+04.0672	+00.3843	0001.647
+04.0651	+00.3839	0001.648
+04.0605	+00.3843	0001.649
+04.0583	+00.3843	0001.650
+04.0559	+00.3839	0001.651
+04.0519	+00.3839	0001.652
+04.0489	+00.3836	0001.653
+04.0464	+00.3839	0001.654
+04.0437	+00.3836	0001.655
+04.0406	+00.3839	0001.656
+04.0379	+00.3839	0001.657
+04.0342	+00.3833	0001.658
+04.0315	+00.3836	0001.659
+04.0284	+00.3833	0001.660
+04.0251	+00.3839	0001.661
+04.0229	+00.3836	0001.662
+04.0196	+00.3839	0001.663
+04.0162	+00.3833	0001.664
+04.0126	+00.3830	0001.665
+04.0107	+00.3836	0001.666
+04.0068	+00.3833	0001.667
+04.0040	+00.3833	0001.668
+04.0019	+00.3830	0001.669
+03.9988	+00.3833	0001.670
+03.9949	+00.3830	0001.671
+03.9927	+00.3833	0001.672
+03.9888	+00.3830	0001.673
+03.9866	+00.3830	0001.674
+03.9833	+00.3827	0001.675
+03.9805	+00.3827	0001.676
+03.9772	+00.3830	0001.677
+03.9744	+00.3827	0001.678
+03.9711	+00.3824	0001.679
+03.9686	+00.3830	0001.680
+03.9653	+00.3824	0001.681
+03.9619	+00.3824	0001.682
+03.9598	+00.3821	0001.683
+03.9561	+00.3827	0001.684
+03.9537	+00.3821	0001.685
+03.9500	+00.3824	0001.686
+03.9473	+00.3824	0001.687
+03.9442	+00.3821	0001.688
+03.9418	+00.3824	0001.689
+03.9387	+00.3824	0001.690
+03.9347	+00.3821	0001.691
+03.9332	+00.3821	0001.692
+03.9289	+00.3818	0001.693
+03.9262	+00.3821	0001.694
+03.9235	+00.3818	0001.695
+03.9198	+00.3818	0001.696
+03.9177	+00.3818	0001.697
+03.9143	+00.3821	0001.698
+03.9116	+00.3818	0001.699
+03.9076	+00.3815	0001.700
+03.9045	+00.3818	0001.701
+03.9015	+00.3821	0001.702
+03.8990	+00.3815	0001.703
+03.8960	+00.3818	0001.704
+03.8929	+00.3815	0001.705
+03.8896	+00.3812	0001.706
+03.8871	+00.3809	0001.707
+03.8844	+00.3818	0001.708
+03.8813	+00.3812	0001.709
+03.8780	+00.3809	0001.710
+03.8752	+00.3812	0001.711
+03.8719	+00.3809	0001.712
+03.8691	+00.3809	0001.713
+03.8667	+00.3809	0001.714
+03.8633	+00.3809	0001.715
+03.8597	+00.3809	0001.716
+03.8578	+00.3806	0001.717
+03.8542	+00.3809	0001.718
+03.8511	+00.3806	0001.719
+03.8484	+00.3809	0001.720
+03.8453	+00.3803	0001.721
+03.8423	+00.3806	0001.722
+03.8395	+00.3806	0001.723
+03.8359	+00.3806	0001.724
+03.8325	+00.3806	0001.725
+03.8307	+00.3803	0001.726
+03.8270	+00.3806	0001.727
+03.8246	+00.3803	0001.728
+03.8212	+00.3806	0001.729
+03.8176	+00.3803	0001.730
+03.8148	+00.3800	0001.731
+03.8118	+00.3803	0001.732
+03.8090	+00.3800	0001.733
+03.8060	+00.3800	0001.734
+03.8029	+00.3800	0001.735
+03.7996	+00.3800	0001.736
+03.7971	+00.3794	0001.737
+03.7941	+00.3797	0001.738
+03.7913	+00.3794	0001.739
+03.7883	+00.3794	0001.740
+03.7846	+00.3797	0001.741
+03.7822	+00.3794	0001.742
+03.7788	+00.3800	0001.743
+03.7764	+00.3791	0001.744
+03.7730	+00.3794	0001.745
+03.7706	+00.3794	0001.746
+03.7666	+00.3791	0001.747
+03.7642	+00.3791	0001.748
+03.7605	+00.3794	0001.749
+03.7587	+00.3791	0001.750
+03.7544	+00.3791	0001.751
+03.7516	+00.3791	0001.752
+03.7489	+00.3788	0001.753
+03.7461	+00.3785	0001.754
+03.7437	+00.3788	0001.755
+03.7394	+00.3788	0001.756
+03.7370	+00.3788	0001.757
+03.7339	+00.3785	0001.758
+03.7309	+00.3781	0001.759
+03.7281	+00.3785	0001.760
+03.7260	+00.3785	0001.761
+03.7214	+00.3785	0001.762
+03.7190	+00.3781	0001.763
+03.7159	+00.3785	0001.764
+03.7126	+00.3778	0001.765
+03.7101	+00.3781	0001.766
+03.7068	+00.3778	0001.767
+03.7040	+00.3781	0001.768
+03.7001	+00.3781	0001.769
+03.6985	+00.3788	0001.770
+03.6955	+00.3781	0001.771
+03.6912	+00.3781	0001.772
+03.6894	+00.3775	0001.773
+03.6851	+00.3781	0001.774
+03.6833	+00.3775	0001.775
+03.6793	+00.3781	0001.776
+03.6766	+00.3775	0001.777
+03.6738	+00.3772	0001.778
+03.6708	+00.3772	0001.779
+03.6677	+00.3775	0001.780
+03.6656	+00.3772	0001.781
+03.6616	+00.3772	0001.782
+03.6592	+00.3772	0001.783
+03.6561	+00.3772	0001.784
+03.6534	+00.3769	0001.785
+03.6491	+00.3772	0001.786
+03.6467	+00.3772	0001.787
+03.6433	+00.3769	0001.788
+03.6409	+00.3769	0001.789
+03.6378	+00.3772	0001.790
+03.6351	+00.3769	0001.791
+03.6317	+00.3769	0001.792
+03.6290	+00.3766	0001.793
+03.6256	+00.3769	0001.794
+03.6229	+00.3766	0001.795
+03.6198	+00.3769	0001.796
+03.6168	+00.3763	0001.797
+03.6137	+00.3763	0001.798
+03.6106	+00.3766	0001.799
+03.6070	+00.3763	0001.800
+03.6045	+00.3763	0001.801
+03.6015	+00.3763	0001.802
+03.5987	+00.3757	0001.803
+03.5960	+00.3763	0001.804
+03.5936	+00.3760	0001.805
+03.5893	+00.3760	0001.806
+03.5865	+00.3757	0001.807
+03.5838	+00.3760	0001.808
+03.5814	+00.3760	0001.809
+03.5777	+00.3757	0001.810
+03.5746	+00.3754	0001.811
+03.5722	+00.3754	0001.812
+03.5688	+00.3757	0001.813
+03.5661	+00.3757	0001.814
+03.5630	+00.3757	0001.815
+03.5600	+00.3751	0001.816
+03.5566	+00.3754	0001.817
+03.5539	+00.3757	0001.818
+03.5508	+00.3754	0001.819
+03.5478	+00.3748	0001.820
+03.5447	+00.3748	0001.821
+03.5417	+00.3748	0001.822
+03.5377	+00.3748	0001.823
+03.5359	+00.3748	0001.824
+03.5325	+00.3745	0001.825
+03.5307	+00.3745	0001.826
+03.5264	+00.3748	0001.827
+03.5237	+00.3748	0001.828
+03.5212	+00.3745	0001.829
+03.5179	+00.3748	0001.830
+03.5139	+00.3745	0001.831
+03.5121	+00.3742	0001.832
+03.5093	+00.3745	0001.833
+03.5060	+00.3742	0001.834
+03.5026	+00.3742	0001.835
+03.4993	+00.3742	0001.836
+03.4968	+00.3739	0001.837
+03.4941	+00.3739	0001.838
+03.4907	+00.3739	0001.839
+03.4877	+00.3739	0001.840
+03.4846	+00.3736	0001.841
+03.4816	+00.3739	0001.842
+03.4782	+00.3739	0001.843
+03.4758	+00.3736	0001.844
+03.4730	+00.3736	0001.845
+03.4697	+00.3736	0001.846
+03.4666	+00.3730	0001.847
+03.4632	+00.3736	0001.848
+03.4605	+00.3733	0001.849
+03.4571	+00.3736	0001.850
+03.4556	+00.3730	0001.851
+03.4513	+00.3733	0001.852
+03.4489	+00.3733	0001.853
+03.4452	+00.3736	0001.854
+03.4431	+00.3733	0001.855
+03.4394	+00.3730	0001.856
+03.4361	+00.3727	0001.857
+03.4340	+00.3727	0001.858
+03.4300	+00.3730	0001.859
+03.4269	+00.3727	0001.860
+03.4248	+00.3730	0001.861
+03.4214	+00.3727	0001.862
+03.4187	+00.3727	0001.863
+03.4159	+00.3724	0001.864
+03.4123	+00.3724	0001.865
+03.4083	+00.3720	0001.866
+03.4068	+00.3724	0001.867
+03.4031	+00.3717	0001.868
+03.4001	+00.3724	0001.869
+03.3976	+00.3720	0001.870
+03.3943	+00.3717	0001.871
+03.3909	+00.3717	0001.872
+03.3882	+00.3717	0001.873
+03.3857	+00.3720	0001.874
+03.3827	+00.3717	0001.875
+03.3793	+00.3717	0001.876
+03.3766	+00.3714	0001.877
+03.3738	+00.3720	0001.878
+03.3708	+00.3717	0001.879
+03.3677	+00.3714	0001.880
+03.3647	+00.3714	0001.881
+03.3622	+00.3711	0001.882
+03.3580	+00.3711	0001.883
+03.3549	+00.3714	0001.884
+03.3519	+00.3711	0001.885
+03.3494	+00.3705	0001.886
+03.3464	+00.3711	0001.887
+03.3427	+00.3705	0001.888
+03.3409	+00.3708	0001.889
+03.3378	+00.3705	0001.890
+03.3342	+00.3708	0001.891
+03.3311	+00.3705	0001.892
+03.3284	+00.3705	0001.893
+03.3250	+00.3705	0001.894
+03.3223	+00.3705	0001.895
+03.3192	+00.3705	0001.896
+03.3162	+00.3702	0001.897
+03.3137	+00.3702	0001.898
+03.3101	+00.3702	0001.899
+03.3070	+00.3702	0001.900
+03.3043	+00.3699	0001.901
+03.3015	+00.3702	0001.902
+03.2985	+00.3699	0001.903
+03.2957	+00.3696	0001.904
+03.2927	+00.3699	0001.905
+03.2887	+00.3696	0001.906
+03.2862	+00.3693	0001.907
+03.2829	+00.3690	0001.908
+03.2804	+00.3696	0001.909
+03.2768	+00.3693	0001.910
+03.2750	+00.3693	0001.911
+03.2713	+00.3693	0001.912
+03.2682	+00.3693	0001.913
+03.2649	+00.3696	0001.914
+03.2624	+00.3693	0001.915
+03.2597	+00.3693	0001.916
+03.2560	+00.3687	0001.917
+03.2533	+00.3690	0001.918
+03.2502	+00.3687	0001.919
+03.2472	+00.3690	0001.920
+03.2444	+00.3690	0001.921
+03.2417	+00.3687	0001.922
+03.2386	+00.3687	0001.923
+03.2353	+00.3687	0001.924
+03.2316	+00.3684	0001.925
+03.2289	+00.3684	0001.926
+03.2267	+00.3681	0001.927
+03.2234	+00.3678	0001.928
+03.2200	+00.3681	0001.929
+03.2170	+00.3681	0001.930
+03.2142	+00.3681	0001.931
+03.2115	+00.3678	0001.932
+03.2084	+00.3681	0001.933
+03.2057	+00.3678	0001.934
+03.2026	+00.3678	0001.935
+03.1993	+00.3678	0001.936
+03.1959	+00.3678	0001.937
+03.1929	+00.3678	0001.938
+03.1907	+00.3675	0001.939
+03.1868	+00.3672	0001.940
+03.1843	+00.3672	0001.941
+03.1807	+00.3672	0001.942
+03.1782	+00.3669	0001.943
+03.1752	+00.3672	0001.944
+03.1718	+00.3672	0001.945
+03.1691	+00.3672	0001.946
+03.1657	+00.3666	0001.947
+03.1633	+00.3669	0001.948
+03.1602	+00.3669	0001.949
+03.1575	+00.3669	0001.950
+03.1544	+00.3669	0001.951
+03.1511	+00.3666	0001.952
+03.1483	+00.3666	0001.953
+03.1446	+00.3662	0001.954
+03.1419	+00.3662	0001.955
+03.1388	+00.3659	0001.956
+03.1367	+00.3666	0001.957
+03.1337	+00.3666	0001.958
+03.1303	+00.3662	0001.959
+03.1273	+00.3659	0001.960
+03.1236	+00.3662	0001.961
+03.1208	+00.3659	0001.962
+03.1184	+00.3659	0001.963
+03.1147	+00.3659	0001.964
+03.1126	+00.3656	0001.965
+03.1095	+00.3656	0001.966
+03.1059	+00.3653	0001.967
+03.1034	+00.3656	0001.968
+03.1004	+00.3653	0001.969
+03.0964	+00.3647	0001.970
+03.0943	+00.3650	0001.971
+03.0906	+00.3647	0001.972
+03.0882	+00.3650	0001.973
+03.0848	+00.3647	0001.974
+03.0818	+00.3650	0001.975
+03.0790	+00.3650	0001.976
+03.0766	+00.3647	0001.977
+03.0729	+00.3647	0001.978
+03.0702	+00.3644	0001.979
+03.0671	+00.3644	0001.980
+03.0638	+00.3641	0001.981
+03.0613	+00.3644	0001.982
+03.0580	+00.3644	0001.983
+03.0552	+00.3644	0001.984
+03.0528	+00.3641	0001.985
+03.0491	+00.3638	0001.986
+03.0467	+00.3641	0001.987
+03.0430	+00.3641	0001.988
+03.0397	+00.3641	0001.989
+03.0372	+00.3641	0001.990
+03.0333	+00.3638	0001.991
+03.0311	+00.3638	0001.992
+03.0287	+00.3635	0001.993
+03.0253	+00.3638	0001.994
+03.0220	+00.3638	0001.995
+03.0192	+00.3632	0001.996
+03.0159	+00.3632	0001.997
+03.0131	+00.3632	0001.998
+03.0107	+00.3632	0001.999
+03.0067	+00.3635	0002.000
+03.0046	+00.3629	0002.001
+03.0012	+00.3632	0002.002
+02.9982	+00.3629	0002.003
+02.9954	+00.3626	0002.004
+02.9927	+00.3629	0002.005
+02.9893	+00.3626	0002.006
+02.9863	+00.3626	0002.007
+02.9826	+00.3623	0002.008
+02.9802	+00.3626	0002.009
+02.9768	+00.3626	0002.010
+02.9741	+00.3620	0002.011
+02.9713	+00.3620	0002.012
+02.9683	+00.3620	0002.013
+02.9649	+00.3617	0002.014
+02.9621	+00.3620	0002.015
+02.9588	+00.3617	0002.016
+02.9557	+00.3617	0002.017
+02.9536	+00.3620	0002.018
+02.9496	+00.3617	0002.019
+02.9469	+00.3614	0002.020
+02.9441	+00.3614	0002.021
+02.9414	+00.3614	0002.022
+02.9380	+00.3614	0002.023
+02.9350	+00.3611	0002.024
+02.9319	+00.3611	0002.025
+02.9289	+00.3611	0002.026
+02.9264	+00.3611	0002.027
+02.9231	+00.3608	0002.028
+02.9197	+00.3608	0002.029
+02.9164	+00.3608	0002.030
+02.9133	+00.3608	0002.031
+02.9109	+00.3604	0002.032
+02.9075	+00.3604	0002.033
+02.9048	+00.3604	0002.034
+02.9020	+00.3604	0002.035
+02.8987	+00.3604	0002.036
+02.8956	+00.3601	0002.037
+02.8926	+00.3604	0002.038
+02.8898	+00.3604	0002.039
+02.8871	+00.3604	0002.040
+02.8846	+00.3598	0002.041
+02.8807	+00.3598	0002.042
+02.8782	+00.3595	0002.043
+02.8749	+00.3598	0002.044
+02.8721	+00.3598	0002.045
+02.8691	+00.3601	0002.046
+02.8660	+00.3592	0002.047
+02.8627	+00.3595	0002.048
+02.8599	+00.3592	0002.049
+02.8569	+00.3595	0002.050
+02.8538	+00.3592	0002.051
+02.8508	+00.3589	0002.052
+02.8483	+00.3592	0002.053
+02.8450	+00.3589	0002.054
+02.8419	+00.3589	0002.055
+02.8386	+00.3592	0002.056
+02.8361	+00.3589	0002.057
+02.8331	+00.3580	0002.058
+02.8297	+00.3583	0002.059
+02.8270	+00.3580	0002.060
+02.8233	+00.3580	0002.061
+02.8202	+00.3583	0002.062
+02.8178	+00.3580	0002.063
+02.8148	+00.3580	0002.064
+02.8111	+00.3583	0002.065
+02.8080	+00.3577	0002.066
+02.8059	+00.3580	0002.067
+02.8028	+00.3580	0002.068
+02.7989	+00.3577	0002.069
+02.7964	+00.3574	0002.070
+02.7937	+00.3577	0002.071
+02.7900	+00.3577	0002.072
+02.7879	+00.3571	0002.073
+02.7848	+00.3574	0002.074
+02.7815	+00.3571	0002.075
+02.7793	+00.3571	0002.076
+02.7754	+00.3568	0002.077
+02.7720	+00.3571	0002.078
+02.7699	+00.3571	0002.079
+02.7668	+00.3571	0002.080
+02.7638	+00.3571	0002.081
+02.7607	+00.3568	0002.082
+02.7583	+00.3568	0002.083
+02.7543	+00.3568	0002.084
+02.7513	+00.3568	0002.085
+02.7485	+00.3568	0002.086
+02.7458	+00.3565	0002.087
+02.7427	+00.3559	0002.088
+02.7397	+00.3562	0002.089
+02.7366	+00.3562	0002.090
+02.7327	+00.3559	0002.091
+02.7308	+00.3559	0002.092
+02.7281	+00.3556	0002.093
+02.7247	+00.3553	0002.094
+02.7220	+00.3556	0002.095
+02.7186	+00.3553	0002.096
+02.7156	+00.3556	0002.097
+02.7122	+00.3553	0002.098
+02.7101	+00.3553	0002.099
+02.7070	+00.3550	0002.100
+02.7037	+00.3550	0002.101
+02.7003	+00.3553	0002.102
+02.6976	+00.3550	0002.103
+02.6948	+00.3553	0002.104
+02.6918	+00.3550	0002.105
+02.6890	+00.3540	0002.106
+02.6854	+00.3547	0002.107
+02.6823	+00.3547	0002.108
+02.6793	+00.3543	0002.109
+02.6759	+00.3547	0002.110
+02.6738	+00.3543	0002.111
+02.6707	+00.3543	0002.112
+02.6677	+00.3540	0002.113
+02.6634	+00.3537	0002.114
+02.6616	+00.3537	0002.115
+02.6582	+00.3537	0002.116
+02.6551	+00.3537	0002.117
+02.6524	+00.3540	0002.118
+02.6487	+00.3534	0002.119
+02.6463	+00.3537	0002.120
+02.6426	+00.3534	0002.121
+02.6408	+00.3531	0002.122
+02.6368	+00.3537	0002.123
+02.6350	+00.3531	0002.124
+02.6310	+00.3531	0002.125
+02.6286	+00.3531	0002.126
+02.6262	+00.3531	0002.127
+02.6228	+00.3528	0002.128
+02.6194	+00.3525	0002.129
+02.6161	+00.3531	0002.130
+02.6130	+00.3528	0002.131
+02.6103	+00.3525	0002.132
+02.6075	+00.3525	0002.133
+02.6045	+00.3525	0002.134
+02.6017	+00.3522	0002.135
+02.5987	+00.3522	0002.136
+02.5956	+00.3519	0002.137
+02.5920	+00.3516	0002.138
+02.5892	+00.3516	0002.139
+02.5865	+00.3516	0002.140
+02.5831	+00.3519	0002.141
+02.5798	+00.3516	0002.142
+02.5776	+00.3516	0002.143
+02.5743	+00.3513	0002.144
+02.5721	+00.3516	0002.145
+02.5688	+00.3513	0002.146
+02.5654	+00.3510	0002.147
+02.5621	+00.3510	0002.148
+02.5590	+00.3510	0002.149
+02.5557	+00.3510	0002.150
+02.5541	+00.3507	0002.151
+02.5505	+00.3504	0002.152
+02.5474	+00.3504	0002.153
+02.5438	+00.3501	0002.154
+02.5413	+00.3504	0002.155
+02.5383	+00.3504	0002.156
+02.5352	+00.3504	0002.157
+02.5322	+00.3501	0002.158
+02.5291	+00.3504	0002.159
+02.5261	+00.3504	0002.160
+02.5233	+00.3498	0002.161
+02.5212	+00.3498	0002.162
+02.5175	+00.3498	0002.163
+02.5142	+00.3495	0002.164
+02.5108	+00.3498	0002.165
+02.5080	+00.3495	0002.166
+02.5056	+00.3492	0002.167
+02.5023	+00.3492	0002.168
+02.4992	+00.3495	0002.169
+02.4961	+00.3495	0002.170
+02.4934	+00.3489	0002.171
+02.4903	+00.3489	0002.172
+02.4873	+00.3492	0002.173
+02.4842	+00.3485	0002.174
+02.4815	+00.3485	0002.175
+02.4788	+00.3485	0002.176
+02.4751	+00.3485	0002.177
+02.4720	+00.3485	0002.178
+02.4696	+00.3485	0002.179
+02.4662	+00.3479	0002.180
+02.4629	+00.3479	0002.181
+02.4604	+00.3476	0002.182
+02.4574	+00.3482	0002.183
+02.4540	+00.3479	0002.184
+02.4516	+00.3476	0002.185
+02.4479	+00.3473	0002.186
+02.4455	+00.3473	0002.187
+02.4421	+00.3473	0002.188
+02.4394	+00.3473	0002.189
+02.4363	+00.3470	0002.190
+02.4333	+00.3473	0002.191
+02.4302	+00.3467	0002.192
+02.4272	+00.3470	0002.193
+02.4241	+00.3464	0002.194
+02.4211	+00.3473	0002.195
+02.4171	+00.3467	0002.196
+02.4147	+00.3464	0002.197
+02.4125	+00.3464	0002.198
+02.4089	+00.3464	0002.199
+02.4061	+00.3464	0002.200
+02.4025	+00.3464	0002.201
+02.3997	+00.3461	0002.202
+02.3973	+00.3458	0002.203
+02.3939	+00.3458	0002.204
+02.3915	+00.3458	0002.205
+02.3878	+00.3458	0002.206
+02.3857	+00.3458	0002.207
+02.3817	+00.3455	0002.208
+02.3796	+00.3452	0002.209
+02.3765	+00.3455	0002.210
+02.3735	+00.3455	0002.211
+02.3698	+00.3452	0002.212
+02.3674	+00.3452	0002.213
+02.3643	+00.3449	0002.214
+02.3610	+00.3449	0002.215
+02.3579	+00.3446	0002.216
+02.3555	+00.3446	0002.217
+02.3524	+00.3443	0002.218
+02.3487	+00.3446	0002.219
+02.3460	+00.3443	0002.220
+02.3426	+00.3443	0002.221
+02.3402	+00.3440	0002.222
+02.3375	+00.3437	0002.223
+02.3344	+00.3443	0002.224
+02.3307	+00.3440	0002.225
+02.3283	+00.3437	0002.226
+02.3249	+00.3434	0002.227
+02.3222	+00.3437	0002.228
+02.3188	+00.3434	0002.229
+02.3161	+00.3434	0002.230
+02.3133	+00.3434	0002.231
+02.3103	+00.3427	0002.232
+02.3069	+00.3431	0002.233
+02.3039	+00.3431	0002.234
+02.3008	+00.3424	0002.235
+02.2981	+00.3427	0002.236
+02.2947	+00.3421	0002.237
+02.2917	+00.3424	0002.238
+02.2886	+00.3421	0002.239
+02.2859	+00.3424	0002.240
+02.2831	+00.3421	0002.241
+02.2801	+00.3418	0002.242
+02.2770	+00.3421	0002.243
+02.2734	+00.3421	0002.244
+02.2712	+00.3421	0002.245
+02.2685	+00.3415	0002.246
+02.2645	+00.3415	0002.247
+02.2621	+00.3412	0002.248
+02.2590	+00.3415	0002.249
+02.2557	+00.3415	0002.250
+02.2532	+00.3412	0002.251
+02.2499	+00.3415	0002.252
+02.2477	+00.3409	0002.253
+02.2438	+00.3403	0002.254
+02.2404	+00.3403	0002.255
+02.2380	+00.3406	0002.256
+02.2355	+00.3409	0002.257
+02.2313	+00.3406	0002.258
+02.2291	+00.3406	0002.259
+02.2258	+00.3403	0002.260
+02.2230	+00.3400	0002.261
+02.2194	+00.3394	0002.262
+02.2172	+00.3403	0002.263
+02.2142	+00.3397	0002.264
+02.2111	+00.3397	0002.265
+02.2075	+00.3397	0002.266
+02.2047	+00.3391	0002.267
+02.2020	+00.3391	0002.268
+02.1986	+00.3391	0002.269
+02.1965	+00.3397	0002.270
+02.1928	+00.3391	0002.271
+02.1898	+00.3391	0002.272
+02.1870	+00.3391	0002.273
+02.1833	+00.3388	0002.274
+02.1806	+00.3385	0002.275
+02.1778	+00.3385	0002.276
+02.1748	+00.3385	0002.277
+02.1714	+00.3385	0002.278
+02.1687	+00.3385	0002.279
+02.1666	+00.3379	0002.280
+02.1626	+00.3382	0002.281
+02.1598	+00.3376	0002.282
+02.1565	+00.3376	0002.283
+02.1534	+00.3376	0002.284
+02.1507	+00.3376	0002.285
+02.1476	+00.3376	0002.286
+02.1446	+00.3373	0002.287
+02.1424	+00.3373	0002.288
+02.1388	+00.3370	0002.289
+02.1357	+00.3370	0002.290
+02.1327	+00.3370	0002.291
+02.1302	+00.3366	0002.292
+02.1266	+00.3370	0002.293
+02.1238	+00.3360	0002.294
+02.1211	+00.3370	0002.295
+02.1177	+00.3366	0002.296
+02.1147	+00.3363	0002.297
+02.1116	+00.3363	0002.298
+02.1089	+00.3360	0002.299
+02.1064	+00.3360	0002.300
+02.1022	+00.3357	0002.301
+02.1000	+00.3354	0002.302
+02.0970	+00.3357	0002.303
+02.0936	+00.3354	0002.304
+02.0906	+00.3354	0002.305
+02.0878	+00.3351	0002.306
+02.0851	+00.3357	0002.307
+02.0817	+00.3351	0002.308
+02.0784	+00.3354	0002.309
+02.0753	+00.3348	0002.310
+02.0729	+00.3345	0002.311
+02.0698	+00.3348	0002.312
+02.0665	+00.3345	0002.313
+02.0631	+00.3342	0002.314
+02.0604	+00.3339	0002.315
+02.0579	+00.3342	0002.316
+02.0546	+00.3339	0002.317
+02.0518	+00.3339	0002.318
+02.0491	+00.3339	0002.319
+02.0457	+00.3333	0002.320
+02.0417	+00.3336	0002.321
+02.0399	+00.3336	0002.322
+02.0369	+00.3339	0002.323
+02.0338	+00.3330	0002.324
+02.0304	+00.3333	0002.325
+02.0277	+00.3330	0002.326
+02.0250	+00.3327	0002.327
+02.0219	+00.3327	0002.328
+02.0189	+00.3327	0002.329
+02.0158	+00.3324	0002.330
+02.0127	+00.3324	0002.331
+02.0094	+00.3321	0002.332
+02.0063	+00.3321	0002.333
+02.0033	+00.3324	0002.334
+02.0008	+00.3318	0002.335
+01.9978	+00.3315	0002.336
+01.9941	+00.3315	0002.337
+01.9917	+00.3318	0002.338
+01.9889	+00.3315	0002.339
+01.9862	+00.3312	0002.340
+01.9825	+00.3318	0002.341
+01.9798	+00.3312	0002.342
+01.9770	+00.3312	0002.343
+01.9734	+00.3312	0002.344
+01.9706	+00.3308	0002.345
+01.9670	+00.3305	0002.346
+01.9651	+00.3305	0002.347
+01.9618	+00.3302	0002.348
+01.9584	+00.3299	0002.349
+01.9560	+00.3302	0002.350
+01.9529	+00.3302	0002.351
+01.9487	+00.3299	0002.352
+01.9465	+00.3299	0002.353
+01.9438	+00.3299	0002.354
+01.9401	+00.3296	0002.355
+01.9377	+00.3290	0002.356
+01.9346	+00.3293	0002.357
+01.9316	+00.3296	0002.358
+01.9279	+00.3293	0002.359
+01.9255	+00.3290	0002.360
+01.9224	+00.3287	0002.361
+01.9191	+00.3287	0002.362
+01.9166	+00.3284	0002.363
+01.9139	+00.3287	0002.364
+01.9105	+00.3284	0002.365
+01.9075	+00.3284	0002.366
+01.9047	+00.3281	0002.367
+01.9017	+00.3278	0002.368
+01.8980	+00.3281	0002.369
+01.8959	+00.3278	0002.370
+01.8925	+00.3278	0002.371
+01.8892	+00.3275	0002.372
+01.8861	+00.3272	0002.373
+01.8837	+00.3275	0002.374
+01.8806	+00.3275	0002.375
+01.8779	+00.3272	0002.376
+01.8745	+00.3272	0002.377
+01.8711	+00.3269	0002.378
+01.8684	+00.3266	0002.379
+01.8657	+00.3263	0002.380
+01.8629	+00.3266	0002.381
+01.8595	+00.3263	0002.382
+01.8568	+00.3263	0002.383
+01.8531	+00.3260	0002.384
+01.8510	+00.3260	0002.385
+01.8470	+00.3260	0002.386
+01.8446	+00.3260	0002.387
+01.8418	+00.3254	0002.388
+01.8379	+00.3250	0002.389
+01.8357	+00.3254	0002.390
+01.8321	+00.3250	0002.391
+01.8296	+00.3250	0002.392
+01.8266	+00.3247	0002.393
+01.8241	+00.3247	0002.394
+01.8205	+00.3247	0002.395
+01.8174	+00.3244	0002.396
+01.8141	+00.3244	0002.397
+01.8116	+00.3244	0002.398
+01.8092	+00.3244	0002.399
+01.8052	+00.3241	0002.400
+01.8028	+00.3235	0002.401
+01.7997	+00.3235	0002.402
+01.7958	+00.3235	0002.403
+01.7933	+00.3235	0002.404
+01.7903	+00.3232	0002.405
+01.7875	+00.3238	0002.406
+01.7851	+00.3232	0002.407
+01.7814	+00.3229	0002.408
+01.7781	+00.3229	0002.409
+01.7753	+00.3229	0002.410
+01.7726	+00.3226	0002.411
+01.7692	+00.3223	0002.412
+01.7665	+00.3226	0002.413
+01.7631	+00.3220	0002.414
+01.7601	+00.3220	0002.415
+01.7579	+00.3220	0002.416
+01.7546	+00.3217	0002.417
+01.7515	+00.3217	0002.418
+01.7488	+00.3214	0002.419
+01.7451	+00.3214	0002.420
+01.7421	+00.3208	0002.421
+01.7393	+00.3214	0002.422
+01.7363	+00.3205	0002.423
+01.7332	+00.3208	0002.424
+01.7305	+00.3208	0002.425
+01.7271	+00.3208	0002.426
+01.7244	+00.3202	0002.427
+01.7213	+00.3205	0002.428
+01.7183	+00.3208	0002.429
+01.7161	+00.3199	0002.430
+01.7125	+00.3196	0002.431
+01.7088	+00.3196	0002.432
+01.7060	+00.3196	0002.433
+01.7033	+00.3193	0002.434
+01.7006	+00.3196	0002.435
+01.6972	+00.3193	0002.436
+01.6944	+00.3193	0002.437
+01.6914	+00.3196	0002.438
+01.6880	+00.3186	0002.439
+01.6853	+00.3189	0002.440
+01.6829	+00.3186	0002.441
+01.6792	+00.3183	0002.442
+01.6761	+00.3183	0002.443
+01.6734	+00.3180	0002.444
+01.6697	+00.3180	0002.445
+01.6670	+00.3180	0002.446
+01.6645	+00.3177	0002.447
+01.6615	+00.3177	0002.448
+01.6581	+00.3174	0002.449
+01.6551	+00.3171	0002.450
+01.6517	+00.3171	0002.451
+01.6490	+00.3171	0002.452
+01.6462	+00.3168	0002.453
+01.6438	+00.3165	0002.454
+01.6407	+00.3165	0002.455
+01.6374	+00.3165	0002.456
+01.6337	+00.3165	0002.457
+01.6319	+00.3165	0002.458
+01.6285	+00.3162	0002.459
+01.6252	+00.3162	0002.460
+01.6224	+00.3156	0002.461
+01.6194	+00.3156	0002.462
+01.6160	+00.3156	0002.463
+01.6130	+00.3153	0002.464
+01.6105	+00.3153	0002.465
+01.6069	+00.3153	0002.466
+01.6044	+00.3150	0002.467
+01.6008	+00.3147	0002.468
+01.5983	+00.3144	0002.469
+01.5953	+00.3144	0002.470
+01.5922	+00.3144	0002.471
+01.5892	+00.3144	0002.472
+01.5855	+00.3141	0002.473
+01.5831	+00.3138	0002.474
+01.5797	+00.3138	0002.475
+01.5776	+00.3131	0002.476
+01.5745	+00.3131	0002.477
+01.5712	+00.3131	0002.478
+01.5684	+00.3125	0002.479
+01.5651	+00.3131	0002.480
+01.5620	+00.3131	0002.481
+01.5593	+00.3125	0002.482
+01.5562	+00.3122	0002.483
+01.5528	+00.3122	0002.484
+01.5498	+00.3119	0002.485
+01.5464	+00.3125	0002.486
+01.5440	+00.3122	0002.487
+01.5409	+00.3119	0002.488
+01.5382	+00.3116	0002.489
+01.5345	+00.3116	0002.490
+01.5321	+00.3113	0002.491
+01.5297	+00.3113	0002.492
+01.5260	+00.3110	0002.493
+01.5232	+00.3104	0002.494
+01.5202	+00.3107	0002.495
+01.5168	+00.3107	0002.496
+01.5141	+00.3101	0002.497
+01.5107	+00.3104	0002.498
+01.5080	+00.3098	0002.499
+01.5049	+00.3101	0002.500
+01.5019	+00.3098	0002.501
+01.4988	+00.3098	0002.502
+01.4961	+00.3095	0002.503
+01.4930	+00.3098	0002.504
+01.4903	+00.3095	0002.505
+01.4869	+00.3092	0002.506
+01.4839	+00.3092	0002.507
+01.4811	+00.3089	0002.508
+01.4775	+00.3083	0002.509
+01.4750	+00.3086	0002.510
+01.4723	+00.3086	0002.511
+01.4692	+00.3086	0002.512
+01.4662	+00.3083	0002.513
+01.4631	+00.3080	0002.514
+01.4601	+00.3077	0002.515
+01.4570	+00.3073	0002.516
+01.4543	+00.3073	0002.517
+01.4509	+00.3073	0002.518
+01.4476	+00.3067	0002.519
+01.4451	+00.3070	0002.520
+01.4418	+00.3067	0002.521
+01.4393	+00.3067	0002.522
+01.4363	+00.3061	0002.523
+01.4329	+00.3064	0002.524
+01.4299	+00.3058	0002.525
+01.4268	+00.3061	0002.526
+01.4238	+00.3058	0002.527
+01.4207	+00.3055	0002.528
+01.4177	+00.3052	0002.529
+01.4149	+00.3055	0002.530
+01.4119	+00.3055	0002.531
+01.4088	+00.3052	0002.532
+01.4058	+00.3049	0002.533
+01.4030	+00.3049	0002.534
+01.4000	+00.3046	0002.535
+01.3972	+00.3049	0002.536
+01.3942	+00.3040	0002.537
+01.3911	+00.3040	0002.538
+01.3884	+00.3037	0002.539
+01.3847	+00.3037	0002.540
+01.3813	+00.3037	0002.541
+01.3786	+00.3034	0002.542
+01.3758	+00.3034	0002.543
+01.3728	+00.3031	0002.544
+01.3694	+00.3031	0002.545
+01.3667	+00.3028	0002.546
+01.3639	+00.3025	0002.547
+01.3609	+00.3028	0002.548
+01.3578	+00.3022	0002.549
+01.3545	+00.3016	0002.550
+01.3520	+00.3019	0002.551
+01.3487	+00.3019	0002.552
+01.3459	+00.3016	0002.553
+01.3426	+00.3012	0002.554
+01.3395	+00.3012	0002.555
+01.3368	+00.3006	0002.556
+01.3340	+00.3009	0002.557
+01.3307	+00.3006	0002.558
+01.3279	+00.3003	0002.559
+01.3249	+00.3006	0002.560
+01.3215	+00.3000	0002.561
+01.3188	+00.3000	0002.562
+01.3154	+00.2997	0002.563
+01.3130	+00.2997	0002.564
+01.3099	+00.2994	0002.565
+01.3069	+00.2991	0002.566
+01.3032	+00.2991	0002.567
+01.3008	+00.2991	0002.568
+01.2977	+00.2988	0002.569
+01.2953	+00.2985	0002.570
+01.2922	+00.2982	0002.571
+01.2889	+00.2985	0002.572
+01.2849	+00.2979	0002.573
+01.2828	+00.2976	0002.574
+01.2794	+00.2976	0002.575
+01.2770	+00.2976	0002.576
+01.2742	+00.2976	0002.577
+01.2706	+00.2973	0002.578
+01.2672	+00.2970	0002.579
+01.2651	+00.2967	0002.580
+01.2614	+00.2964	0002.581
+01.2584	+00.2964	0002.582
+01.2556	+00.2964	0002.583
+01.2529	+00.2961	0002.584
+01.2498	+00.2954	0002.585
+01.2465	+00.2958	0002.586
+01.2437	+00.2954	0002.587
+01.2407	+00.2954	0002.588
+01.2376	+00.2954	0002.589
+01.2345	+00.2948	0002.590
+01.2315	+00.2948	0002.591
+01.2284	+00.2945	0002.592
+01.2254	+00.2942	0002.593
+01.2233	+00.2942	0002.594
+01.2196	+00.2939	0002.595
+01.2172	+00.2939	0002.596
+01.2135	+00.2939	0002.597
+01.2107	+00.2936	0002.598
+01.2071	+00.2933	0002.599
+01.2049	+00.2930	0002.600
+01.2022	+00.2930	0002.601
+01.1985	+00.2927	0002.602
+01.1955	+00.2927	0002.603
+01.1924	+00.2927	0002.604
+01.1897	+00.2924	0002.605
+01.1863	+00.2921	0002.606
+01.1839	+00.2918	0002.607
+01.1808	+00.2915	0002.608
+01.1772	+00.2915	0002.609
+01.1750	+00.2912	0002.610
+01.1711	+00.2912	0002.611
+01.1689	+00.2909	0002.612
+01.1656	+00.2906	0002.613
+01.1625	+00.2900	0002.614
+01.1595	+00.2906	0002.615
+01.1558	+00.2903	0002.616
+01.1534	+00.2900	0002.617
+01.1509	+00.2900	0002.618
+01.1476	+00.2896	0002.619
+01.1448	+00.2896	0002.620
+01.1412	+00.2890	0002.621
+01.1381	+00.2890	0002.622
+01.1357	+00.2887	0002.623
+01.1323	+00.2884	0002.624
+01.1299	+00.2884	0002.625
+01.1259	+00.2881	0002.626
+01.1235	+00.2878	0002.627
+01.1204	+00.2878	0002.628
+01.1174	+00.2878	0002.629
+01.1143	+00.2875	0002.630
+01.1113	+00.2866	0002.631
+01.1088	+00.2869	0002.632
+01.1052	+00.2866	0002.633
+01.1024	+00.2866	0002.634
+01.0997	+00.2866	0002.635
+01.0966	+00.2860	0002.636
+01.0939	+00.2854	0002.637
+01.0905	+00.2860	0002.638
+01.0871	+00.2854	0002.639
+01.0850	+00.2854	0002.640
+01.0814	+00.2851	0002.641
+01.0786	+00.2848	0002.642
+01.0759	+00.2848	0002.643
+01.0722	+00.2845	0002.644
+01.0691	+00.2842	0002.645
+01.0664	+00.2842	0002.646
+01.0643	+00.2835	0002.647
+01.0603	+00.2835	0002.648
+01.0582	+00.2832	0002.649
+01.0545	+00.2829	0002.650
+01.0514	+00.2832	0002.651
+01.0481	+00.2826	0002.652
+01.0456	+00.2826	0002.653
+01.0429	+00.2820	0002.654
+01.0398	+00.2823	0002.655
+01.0365	+00.2820	0002.656
+01.0334	+00.2817	0002.657
+01.0304	+00.2817	0002.658
+01.0276	+00.2811	0002.659
+01.0243	+00.2811	0002.660
+01.0215	+00.2811	0002.661
+01.0185	+00.2805	0002.662
+01.0154	+00.2808	0002.663
+01.0121	+00.2802	0002.664
+01.0099	+00.2796	0002.665
+01.0063	+00.2799	0002.666
+01.0035	+00.2799	0002.667
+01.0008	+00.2796	0002.668
+00.9974	+00.2790	0002.669
+00.9944	+00.2790	0002.670
+00.9916	+00.2784	0002.671
+00.9883	+00.2781	0002.672
+00.9855	+00.2781	0002.673
+00.9819	+00.2777	0002.674
+00.9794	+00.2774	0002.675
+00.9764	+00.2777	0002.676
+00.9736	+00.2771	0002.677
+00.9703	+00.2768	0002.678
+00.9669	+00.2768	0002.679
+00.9645	+00.2765	0002.680
+00.9617	+00.2762	0002.681
+00.9578	+00.2765	0002.682
+00.9559	+00.2759	0002.683
+00.9526	+00.2756	0002.684
+00.9492	+00.2753	0002.685
+00.9462	+00.2753	0002.686
+00.9428	+00.2750	0002.687
+00.9401	+00.2750	0002.688
+00.9370	+00.2750	0002.689
+00.9349	+00.2744	0002.690
+00.9312	+00.2741	0002.691
+00.9282	+00.2735	0002.692
+00.9248	+00.2741	0002.693
+00.9224	+00.2735	0002.694
+00.9196	+00.2735	0002.695
+00.9163	+00.2729	0002.696
+00.9132	+00.2729	0002.697
+00.9098	+00.2723	0002.698
+00.9068	+00.2723	0002.699
+00.9037	+00.2723	0002.700
+00.9013	+00.2716	0002.701
+00.8982	+00.2710	0002.702
+00.8952	+00.2713	0002.703
+00.8924	+00.2707	0002.704
+00.8891	+00.2707	0002.705
+00.8863	+00.2704	0002.706
+00.8833	+00.2704	0002.707
+00.8799	+00.2698	0002.708
+00.8775	+00.2698	0002.709
+00.8741	+00.2695	0002.710
+00.8711	+00.2692	0002.711
+00.8686	+00.2689	0002.712
+00.8653	+00.2686	0002.713
+00.8622	+00.2683	0002.714
+00.8589	+00.2680	0002.715
+00.8561	+00.2680	0002.716
+00.8531	+00.2674	0002.717
+00.8503	+00.2677	0002.718
+00.8473	+00.2671	0002.719
+00.8433	+00.2671	0002.720
+00.8412	+00.2668	0002.721
+00.8378	+00.2655	0002.722
+00.8351	+00.2658	0002.723
+00.8320	+00.2661	0002.724
+00.8293	+00.2655	0002.725
+00.8256	+00.2649	0002.726
+00.8229	+00.2652	0002.727
+00.8201	+00.2646	0002.728
+00.8168	+00.2643	0002.729
+00.8140	+00.2643	0002.730
+00.8113	+00.2640	0002.731
+00.8085	+00.2640	0002.732
+00.8049	+00.2637	0002.733
+00.8021	+00.2631	0002.734
+00.7988	+00.2631	0002.735
+00.7960	+00.2625	0002.736
+00.7933	+00.2625	0002.737
+00.7896	+00.2622	0002.738
+00.7869	+00.2619	0002.739
+00.7838	+00.2619	0002.740
+00.7808	+00.2616	0002.741
+00.7783	+00.2607	0002.742
+00.7753	+00.2607	0002.743
+00.7719	+00.2604	0002.744
+00.7689	+00.2604	0002.745
+00.7658	+00.2600	0002.746
+00.7634	+00.2594	0002.747
+00.7597	+00.2591	0002.748
+00.7573	+00.2591	0002.749
+00.7536	+00.2588	0002.750
+00.7512	+00.2579	0002.751
+00.7481	+00.2579	0002.752
+00.7454	+00.2576	0002.753
+00.7420	+00.2579	0002.754
+00.7389	+00.2573	0002.755
+00.7359	+00.2570	0002.756
+00.7331	+00.2567	0002.757
+00.7298	+00.2564	0002.758
+00.7270	+00.2561	0002.759
+00.7243	+00.2555	0002.760
+00.7212	+00.2561	0002.761
+00.7182	+00.2555	0002.762
+00.7148	+00.2546	0002.763
+00.7118	+00.2546	0002.764
+00.7093	+00.2546	0002.765
+00.7057	+00.2539	0002.766
+00.7026	+00.2539	0002.767
+00.6999	+00.2533	0002.768
+00.6968	+00.2530	0002.769
+00.6941	+00.2530	0002.770
+00.6913	+00.2527	0002.771
+00.6883	+00.2521	0002.772
+00.6846	+00.2521	0002.773
+00.6819	+00.2518	0002.774
+00.6794	+00.2515	0002.775
+00.6758	+00.2512	0002.776
+00.6730	+00.2506	0002.777
+00.6703	+00.2506	0002.778
+00.6669	+00.2500	0002.779
+00.6639	+00.2494	0002.780
+00.6605	+00.2494	0002.781
+00.6581	+00.2488	0002.782
+00.6547	+00.2491	0002.783
+00.6517	+00.2481	0002.784
+00.6486	+00.2481	0002.785
+00.6459	+00.2475	0002.786
+00.6425	+00.2475	0002.787
+00.6401	+00.2469	0002.788
+00.6373	+00.2469	0002.789
+00.6340	+00.2463	0002.790
+00.6306	+00.2457	0002.791
+00.6276	+00.2460	0002.792
+00.6242	+00.2451	0002.793
+00.6218	+00.2454	0002.794
+00.6190	+00.2448	0002.795
+00.6160	+00.2445	0002.796
+00.6126	+00.2439	0002.797
+00.6102	+00.2439	0002.798
+00.6062	+00.2430	0002.799
+00.6038	+00.2430	0002.800
+00.6013	+00.2427	0002.801
+00.5980	+00.2423	0002.802
+00.5946	+00.2417	0002.803
+00.5918	+00.2411	0002.804
+00.5885	+00.2414	0002.805
+00.5857	+00.2408	0002.806
+00.5827	+00.2408	0002.807
+00.5799	+00.2399	0002.808
+00.5769	+00.2399	0002.809
+00.5735	+00.2393	0002.810
+00.5705	+00.2390	0002.811
+00.5674	+00.2387	0002.812
+00.5650	+00.2378	0002.813
+00.5616	+00.2378	0002.814
+00.5586	+00.2372	0002.815
+00.5558	+00.2375	0002.816
+00.5528	+00.2369	0002.817
+00.5497	+00.2359	0002.818
+00.5470	+00.2359	0002.819
+00.5439	+00.2359	0002.820
+00.5406	+00.2350	0002.821
+00.5378	+00.2350	0002.822
+00.5351	+00.2347	0002.823
+00.5317	+00.2341	0002.824
+00.5290	+00.2338	0002.825
+00.5256	+00.2332	0002.826
+00.5229	+00.2329	0002.827
+00.5195	+00.2326	0002.828
+00.5162	+00.2320	0002.829
+00.5134	+00.2320	0002.830
+00.5110	+00.2314	0002.831
+00.5082	+00.2307	0002.832
+00.5049	+00.2304	0002.833
+00.5015	+00.2304	0002.834
+00.4985	+00.2295	0002.835
+00.4960	+00.2292	0002.836
+00.4921	+00.2289	0002.837
+00.4899	+00.2280	0002.838
+00.4866	+00.2280	0002.839
+00.4838	+00.2274	0002.840
+00.4802	+00.2271	0002.841
+00.4774	+00.2271	0002.842
+00.4747	+00.2262	0002.843
+00.4716	+00.2262	0002.844
+00.4692	+00.2256	0002.845
+00.4652	+00.2256	0002.846
+00.4625	+00.2250	0002.847
+00.4600	+00.2243	0002.848
+00.4567	+00.2240	0002.849
+00.4536	+00.2234	0002.850
+00.4506	+00.2228	0002.851
+00.4478	+00.2222	0002.852
+00.4448	+00.2219	0002.853
+00.4414	+00.2219	0002.854
+00.4390	+00.2213	0002.855
+00.4353	+00.2204	0002.856
+00.4325	+00.2201	0002.857
+00.4298	+00.2198	0002.858
+00.4264	+00.2195	0002.859
+00.4237	+00.2185	0002.860
+00.4203	+00.2182	0002.861
+00.4179	+00.2182	0002.862
+00.4142	+00.2170	0002.863
+00.4115	+00.2176	0002.864
+00.4084	+00.2164	0002.865
+00.4054	+00.2155	0002.866
+00.4033	+00.2155	0002.867
+00.3999	+00.2149	0002.868
+00.3965	+00.2146	0002.869
+00.3932	+00.2140	0002.870
+00.3904	+00.2137	0002.871
+00.3877	+00.2130	0002.872
+00.3849	+00.2127	0002.873
+00.3813	+00.2121	0002.874
+00.3788	+00.2115	0002.875
+00.3758	+00.2112	0002.876
+00.3724	+00.2109	0002.877
+00.3697	+00.2103	0002.878
+00.3663	+00.2094	0002.879
+00.3636	+00.2091	0002.880
+00.3605	+00.2085	0002.881
+00.3569	+00.2079	0002.882
+00.3547	+00.2073	0002.883
+00.3511	+00.2073	0002.884
+00.3483	+00.2066	0002.885
+00.3453	+00.2057	0002.886
+00.3425	+00.2054	0002.887
+00.3395	+00.2048	0002.888
+00.3367	+00.2042	0002.889
+00.3334	+00.2039	0002.890
+00.3306	+00.2030	0002.891
+00.3273	+00.2030	0002.892
+00.3245	+00.2021	0002.893
+00.3215	+00.2015	0002.894
+00.3184	+00.2008	0002.895
+00.3154	+00.2002	0002.896
+00.3123	+00.1999	0002.897
+00.3096	+00.1990	0002.898
+00.3068	+00.1987	0002.899
+00.3032	+00.1981	0002.900
+00.3007	+00.1978	0002.901
+00.2974	+00.1972	0002.902
+00.2949	+00.1963	0002.903
+00.2913	+00.1957	0002.904
+00.2885	+00.1950	0002.905
+00.2851	+00.1944	0002.906
+00.2827	+00.1935	0002.907
+00.2793	+00.1932	0002.908
+00.2766	+00.1926	0002.909
+00.2732	+00.1920	0002.910
+00.2705	+00.1914	0002.911
+00.2671	+00.1908	0002.912
+00.2644	+00.1902	0002.913
+00.2613	+00.1896	0002.914
+00.2586	+00.1886	0002.915
+00.2552	+00.1880	0002.916
+00.2522	+00.1877	0002.917
+00.2494	+00.1868	0002.918
+00.2464	+00.1865	0002.919
+00.2433	+00.1859	0002.920
+00.2400	+00.1850	0002.921
+00.2375	+00.1847	0002.922
+00.2342	+00.1838	0002.923
+00.2311	+00.1828	0002.924
+00.2287	+00.1825	0002.925
+00.2250	+00.1816	0002.926
+00.2223	+00.1807	0002.927
+00.2195	+00.1801	0002.928
+00.2159	+00.1795	0002.929
+00.2131	+00.1792	0002.930
+00.2110	+00.1783	0002.931
+00.2073	+00.1773	0002.932
+00.2043	+00.1770	0002.933
+00.2015	+00.1758	0002.934
+00.1982	+00.1749	0002.935
+00.1951	+00.1743	0002.936
+00.1924	+00.1737	0002.937
+00.1890	+00.1731	0002.938
+00.1863	+00.1719	0002.939
+00.1832	+00.1715	0002.940
+00.1799	+00.1706	0002.941
+00.1774	+00.1700	0002.942
+00.1744	+00.1691	0002.943
+00.1710	+00.1685	0002.944
+00.1683	+00.1676	0002.945
+00.1652	+00.1670	0002.946
+00.1619	+00.1664	0002.947
+00.1591	+00.1654	0002.948
+00.1564	+00.1648	0002.949
+00.1536	+00.1636	0002.950
+00.1500	+00.1630	0002.951
+00.1472	+00.1624	0002.952
+00.1442	+00.1615	0002.953
+00.1417	+00.1599	0002.954
+00.1384	+00.1593	0002.955
+00.1356	+00.1590	0002.956
+00.1323	+00.1578	0002.957
+00.1286	+00.1572	0002.958
+00.1255	+00.1560	0002.959
+00.1231	+00.1554	0002.960
+00.1210	+00.1545	0002.961
+00.1173	+00.1535	0002.962
+00.1139	+00.1532	0002.963
+00.1115	+00.1517	0002.964
+00.1078	+00.1511	0002.965
+00.1051	+00.1502	0002.966
+00.1027	+00.1493	0002.967
+00.0990	+00.1484	0002.968
+00.0965	+00.1471	0002.969
+00.0932	+00.1465	0002.970
+00.0901	+00.1453	0002.971
+00.0874	+00.1450	0002.972
+00.0837	+00.1435	0002.973
+00.0816	+00.1432	0002.974
+00.0782	+00.1419	0002.975
+00.0749	+00.1413	0002.976
+00.0718	+00.1404	0002.977
+00.0691	+00.1392	0002.978
+00.0660	+00.1386	0002.979
+00.0627	+00.1371	0002.980
+00.0602	+00.1358	0002.981
+00.0569	+00.1352	0002.982
+00.0541	+00.1346	0002.983
+00.0508	+00.1331	0002.984
+00.0486	+00.1322	0002.985
+00.0456	+00.1316	0002.986
+00.0419	+00.1300	0002.987
+00.0389	+00.1291	0002.988
+00.0358	+00.1285	0002.989
+00.0328	+00.1276	0002.990
+00.0303	+00.1264	0002.991
+00.0273	+00.1252	0002.992
+00.0236	+00.1239	0002.993
+00.0212	+00.1230	0002.994
+00.0175	+00.1221	0002.995
+00.0151	+00.1212	0002.996
+00.0120	+00.1203	0002.997
+00.0093	+00.1194	0002.998
+00.0062	+00.1178	0002.999
