R,Ohm	C,pF	Temp,C
0000000000	0000100000	+025.00
Ch1,V	Ch2,V	Time,s
+00.0001	-00.0012	0000.000
+00.0001	-00.0012	0000.001
-00.0032	-00.0012	0000.002
-00.0057	-00.0009	0000.003
-00.0087	-00.0018	0000.004
-00.0121	-00.0018	0000.005
-00.0148	-00.0015	0000.006
-00.0179	-00.0015	0000.007
-00.0212	-00.0015	0000.008
-00.0240	-00.0015	0000.009
-00.0274	-00.0021	0000.010
-00.0301	-00.0024	0000.011
-00.0332	-00.0027	0000.012
-00.0359	-00.0030	0000.013
-00.0389	-00.0030	0000.014
-00.0420	-00.0033	0000.015
-00.0447	-00.0036	0000.016
-00.0481	-00.0039	0000.017
-00.0509	-00.0045	0000.018
-00.0536	-00.0045	0000.019
-00.0570	-00.0048	0000.020
-00.0603	-00.0058	0000.021
-00.0631	-00.0067	0000.022
-00.0658	-00.0064	0000.023
-00.0695	-00.0070	0000.024
-00.0722	-00.0076	0000.025
-00.0747	-00.0082	0000.026
-00.0777	-00.0091	0000.027
-00.0811	-00.0097	0000.028
-00.0841	-00.0103	0000.029
-00.0872	-00.0109	0000.030
-00.0899	-00.0119	0000.031
-00.0930	-00.0125	0000.032
-00.0960	-00.0131	0000.033
-00.0991	-00.0134	0000.034
-00.1024	-00.0143	0000.035
-00.1049	-00.0149	0000.036
-00.1076	-00.0158	0000.037
-00.1107	-00.0171	0000.038
-00.1137	-00.0180	0000.039
-00.1168	-00.0186	0000.040
-00.1198	-00.0192	0000.041
-00.1232	-00.0201	0000.042
-00.1256	-00.0210	0000.043
-00.1293	-00.0225	0000.044
-00.1320	-00.0229	0000.045
-00.1348	-00.0244	0000.046
-00.1381	-00.0253	0000.047
-00.1412	-00.0259	0000.048
-00.1442	-00.0274	0000.049
-00.1473	-00.0280	0000.050
-00.1500	-00.0293	0000.051
-00.1534	-00.0308	0000.052
-00.1561	-00.0314	0000.053
-00.1592	-00.0323	0000.054
-00.1619	-00.0335	0000.055
-00.1650	-00.0344	0000.056
-00.1683	-00.0357	0000.057
-00.1711	-00.0369	0000.058
-00.1741	-00.0381	0000.059
-00.1772	-00.0393	0000.060
-00.1802	-00.0406	0000.061
-00.1830	-00.0418	0000.062
-00.1863	-00.0433	0000.063
-00.1891	-00.0445	0000.064
-00.1921	-00.0457	0000.065
-00.1949	-00.0470	0000.066
-00.1983	-00.0479	0000.067
-00.2007	-00.0491	0000.068
-00.2044	-00.0509	0000.069
-00.2065	-00.0518	0000.070
-00.2102	-00.0534	0000.071
-00.2132	-00.0549	0000.072
-00.2160	-00.0558	0000.073
-00.2193	-00.0573	0000.074
-00.2221	-00.0589	0000.075
-00.2248	-00.0601	0000.076
-00.2282	-00.0619	0000.077
-00.2309	-00.0631	0000.078
-00.2340	-00.0647	0000.079
-00.2376	-00.0659	0000.080
-00.2398	-00.0671	0000.081
-00.2434	-00.0686	0000.082
-00.2462	-00.0702	0000.083
-00.2489	-00.0720	0000.084
-00.2523	-00.0735	0000.085
-00.2550	-00.0750	0000.086
-00.2584	-00.0769	0000.087
-00.2614	-00.0784	0000.088
-00.2648	-00.0796	0000.089
-00.2669	-00.0814	0000.090
-00.2703	-00.0830	0000.091
-00.2733	-00.0842	0000.092
-00.2764	-00.0860	0000.093
-00.2788	-00.0879	0000.094
-00.2822	-00.0894	0000.095
-00.2852	-00.0912	0000.096
-00.2880	-00.0924	0000.097
-00.2913	-00.0946	0000.098
-00.2947	-00.0961	0000.099
-00.2974	-00.0979	0000.100
-00.3005	-00.0998	0000.101
-00.3029	-00.1016	0000.102
-00.3063	-00.1031	0000.103
-00.3096	-00.1049	0000.104
-00.3124	-00.1068	0000.105
-00.3154	-00.1086	0000.106
-00.3182	-00.1104	0000.107
-00.3212	-00.1126	0000.108
-00.3240	-00.1138	0000.109
-00.3276	-00.1162	0000.110
-00.3304	-00.1175	0000.111
-00.3334	-00.1193	0000.112
-00.3368	-00.1214	0000.113
-00.3392	-00.1236	0000.114
-00.3420	-00.1251	0000.115
-00.3450	-00.1272	0000.116
-00.3490	-00.1291	0000.117
-00.3514	-00.1312	0000.118
-00.3542	-00.1333	0000.119
-00.3576	-00.1349	0000.120
-00.3603	-00.1376	0000.121
-00.3634	-00.1388	0000.122
-00.3661	-00.1410	0000.123
-00.3695	-00.1434	0000.124
-00.3728	-00.1452	0000.125
-00.3753	-00.1474	0000.126
-00.3780	-00.1498	0000.127
-00.3817	-00.1513	0000.128
-00.3844	-00.1535	0000.129
-00.3868	-00.1553	0000.130
-00.3899	-00.1574	0000.131
-00.3933	-00.1599	0000.132
-00.3963	-00.1620	0000.133
-00.3994	-00.1638	0000.134
-00.4030	-00.1660	0000.135
-00.4055	-00.1684	0000.136
-00.4082	-00.1699	0000.137
-00.4113	-00.1730	0000.138
-00.4143	-00.1748	0000.139
-00.4174	-00.1770	0000.140
-00.4210	-00.1794	0000.141
-00.4232	-00.1815	0000.142
-00.4265	-00.1840	0000.143
-00.4296	-00.1861	0000.144
-00.4323	-00.1886	0000.145
-00.4354	-00.1910	0000.146
-00.4384	-00.1931	0000.147
-00.4415	-00.1953	0000.148
-00.4445	-00.1977	0000.149
-00.4476	-00.2002	0000.150
-00.4509	-00.2023	0000.151
-00.4534	-00.2047	0000.152
-00.4561	-00.2072	0000.153
-00.4598	-00.2093	0000.154
-00.4625	-00.2118	0000.155
-00.4653	-00.2142	0000.156
-00.4683	-00.2163	0000.157
-00.4717	-00.2188	0000.158
-00.4747	-00.2215	0000.159
-00.4775	-00.2243	0000.160
-00.4808	-00.2267	0000.161
-00.4833	-00.2285	0000.162
-00.4866	-00.2313	0000.163
-00.4897	-00.2340	0000.164
-00.4924	-00.2362	0000.165
-00.4955	-00.2383	0000.166
-00.4982	-00.2414	0000.167
-00.5016	-00.2441	0000.168
-00.5043	-00.2462	0000.169
-00.5074	-00.2484	0000.170
-00.5108	-00.2514	0000.171
-00.5135	-00.2545	0000.172
-00.5162	-00.2569	0000.173
-00.5193	-00.2588	0000.174
-00.5223	-00.2621	0000.175
-00.5254	-00.2642	0000.176
-00.5291	-00.2670	0000.177
-00.5312	-00.2700	0000.178
-00.5342	-00.2725	0000.179
-00.5376	-00.2752	0000.180
-00.5407	-00.2783	0000.181
-00.5437	-00.2813	0000.182
-00.5465	-00.2838	0000.183
-00.5501	-00.2865	0000.184
-00.5523	-00.2890	0000.185
-00.5556	-00.2923	0000.186
-00.5587	-00.2948	0000.187
-00.5611	-00.2975	0000.188
-00.5648	-00.3003	0000.189
-00.5675	-00.3033	0000.190
-00.5706	-00.3061	0000.191
-00.5739	-00.3091	0000.192
-00.5767	-00.3119	0000.193
-00.5797	-00.3149	0000.194
-00.5828	-00.3177	0000.195
-00.5858	-00.3207	0000.196
-00.5889	-00.3234	0000.197
-00.5916	-00.3268	0000.198
-00.5947	-00.3289	0000.199
-00.5980	-00.3326	0000.200
-00.6005	-00.3350	0000.201
-00.6035	-00.3384	0000.202
-00.6066	-00.3411	0000.203
-00.6093	-00.3445	0000.204
-00.6127	-00.3473	0000.205
-00.6160	-00.3506	0000.206
-00.6188	-00.3534	0000.207
-00.6212	-00.3567	0000.208
-00.6243	-00.3598	0000.209
-00.6276	-00.3628	0000.210
-00.6307	-00.3653	0000.211
-00.6340	-00.3689	0000.212
-00.6368	-00.3720	0000.213
-00.6395	-00.3753	0000.214
-00.6426	-00.3778	0000.215
-00.6456	-00.3814	0000.216
-00.6484	-00.3848	0000.217
-00.6514	-00.3875	0000.218
-00.6551	-00.3912	0000.219
-00.6575	-00.3939	0000.220
-00.6606	-00.3970	0000.221
-00.6633	-00.4004	0000.222
-00.6667	-00.4037	0000.223
-00.6697	-00.4071	0000.224
-00.6731	-00.4101	0000.225
-00.6752	-00.4138	0000.226
-00.6789	-00.4171	0000.227
-00.6816	-00.4193	0000.228
-00.6847	-00.4226	0000.229
-00.6878	-00.4263	0000.230
-00.6911	-00.4297	0000.231
-00.6936	-00.4330	0000.232
-00.6969	-00.4358	0000.233
-00.6993	-00.4394	0000.234
-00.7024	-00.4422	0000.235
-00.7058	-00.4461	0000.236
-00.7091	-00.4495	0000.237
-00.7116	-00.4525	0000.238
-00.7149	-00.4556	0000.239
-00.7183	-00.4586	0000.240
-00.7207	-00.4623	0000.241
-00.7238	-00.4654	0000.242
-00.7268	-00.4684	0000.243
-00.7299	-00.4721	0000.244
-00.7326	-00.4754	0000.245
-00.7360	-00.4788	0000.246
-00.7390	-00.4815	0000.247
-00.7421	-00.4852	0000.248
-00.7451	-00.4885	0000.249
-00.7479	-00.4919	0000.250
-00.7509	-00.4950	0000.251
-00.7540	-00.4980	0000.252
-00.7570	-00.5014	0000.253
-00.7604	-00.5047	0000.254
-00.7628	-00.5078	0000.255
-00.7656	-00.5114	0000.256
-00.7689	-00.5142	0000.257
-00.7717	-00.5178	0000.258
-00.7750	-00.5212	0000.259
-00.7778	-00.5246	0000.260
-00.7805	-00.5273	0000.261
-00.7836	-00.5304	0000.262
-00.7869	-00.5343	0000.263
-00.7903	-00.5371	0000.264
-00.7930	-00.5404	0000.265
-00.7961	-00.5435	0000.266
-00.7985	-00.5465	0000.267
-00.8016	-00.5496	0000.268
-00.8046	-00.5532	0000.269
-00.8077	-00.5557	0000.270
-00.8107	-00.5590	0000.271
-00.8144	-00.5627	0000.272
-00.8168	-00.5655	0000.273
-00.8199	-00.5685	0000.274
-00.8226	-00.5713	0000.275
-00.8260	-00.5749	0000.276
-00.8290	-00.5780	0000.277
-00.8321	-00.5807	0000.278
-00.8348	-00.5835	0000.279
-00.8376	-00.5868	0000.280
-00.8410	-00.5899	0000.281
-00.8440	-00.5929	0000.282
-00.8467	-00.5957	0000.283
-00.8501	-00.5987	0000.284
-00.8525	-00.6018	0000.285
-00.8559	-00.6051	0000.286
-00.8590	-00.6076	0000.287
-00.8623	-00.6109	0000.288
-00.8654	-00.6134	0000.289
-00.8681	-00.6167	0000.290
-00.8706	-00.6192	0000.291
-00.8742	-00.6219	0000.292
-00.8767	-00.6253	0000.293
-00.8803	-00.6277	0000.294
-00.8831	-00.6308	0000.295
-00.8861	-00.6338	0000.296
-00.8886	-00.6363	0000.297
-00.8919	-00.6393	0000.298
-00.8953	-00.6421	0000.299
-00.8983	-00.6445	0000.300
-00.9008	-00.6475	0000.301
-00.9041	-00.6503	0000.302
-00.9072	-00.6527	0000.303
-00.9102	-00.6549	0000.304
-00.9127	-00.6582	0000.305
-00.9154	-00.6607	0000.306
-00.9191	-00.6640	0000.307
-00.9224	-00.6665	0000.308
-00.9249	-00.6689	0000.309
-00.9279	-00.6717	0000.310
-00.9310	-00.6738	0000.311
-00.9343	-00.6765	0000.312
-00.9371	-00.6796	0000.313
-00.9395	-00.6814	0000.314
-00.9429	-00.6836	0000.315
-00.9459	-00.6863	0000.316
-00.9487	-00.6887	0000.317
-00.9523	-00.6918	0000.318
-00.9554	-00.6939	0000.319
-00.9581	-00.6970	0000.320
-00.9609	-00.6991	0000.321
-00.9636	-00.7016	0000.322
-00.9670	-00.7034	0000.323
-00.9703	-00.7064	0000.324
-00.9731	-00.7086	0000.325
-00.9758	-00.7107	0000.326
-00.9789	-00.7135	0000.327
-00.9826	-00.7159	0000.328
-00.9850	-00.7180	0000.329
-00.9877	-00.7205	0000.330
-00.9911	-00.7226	0000.331
-00.9941	-00.7254	0000.332
-00.9969	-00.7272	0000.333
-01.0006	-00.7293	0000.334
-01.0036	-00.7324	0000.335
-01.0067	-00.7342	0000.336
-01.0094	-00.7367	0000.337
-01.0125	-00.7388	0000.338
-01.0152	-00.7409	0000.339
-01.0183	-00.7434	0000.340
-01.0210	-00.7458	0000.341
-01.0244	-00.7483	0000.342
-01.0277	-00.7498	0000.343
-01.0299	-00.7525	0000.344
-01.0332	-00.7544	0000.345
-01.0363	-00.7568	0000.346
-01.0393	-00.7589	0000.347
-01.0421	-00.7608	0000.348
-01.0454	-00.7632	0000.349
-01.0482	-00.7653	0000.350
-01.0512	-00.7675	0000.351
-01.0543	-00.7693	0000.352
-01.0573	-00.7718	0000.353
-01.0607	-00.7736	0000.354
-01.0628	-00.7754	0000.355
-01.0665	-00.7779	0000.356
-01.0695	-00.7797	0000.357
-01.0726	-00.7821	0000.358
-01.0753	-00.7840	0000.359
-01.0784	-00.7858	0000.360
-01.0817	-00.7885	0000.361
-01.0842	-00.7904	0000.362
-01.0872	-00.7925	0000.363
-01.0906	-00.7940	0000.364
-01.0933	-00.7962	0000.365
-01.0964	-00.7980	0000.366
-01.0991	-00.8001	0000.367
-01.1019	-00.8023	0000.368
-01.1055	-00.8044	0000.369
-01.1086	-00.8062	0000.370
-01.1110	-00.8084	0000.371
-01.1147	-00.8102	0000.372
-01.1177	-00.8117	0000.373
-01.1199	-00.8139	0000.374
-01.1229	-00.8160	0000.375
-01.1266	-00.8175	0000.376
-01.1290	-00.8197	0000.377
-01.1327	-00.8215	0000.378
-01.1351	-00.8233	0000.379
-01.1382	-00.8252	0000.380
-01.1415	-00.8273	0000.381
-01.1440	-00.8288	0000.382
-01.1477	-00.8313	0000.383
-01.1504	-00.8328	0000.384
-01.1535	-00.8349	0000.385
-01.1565	-00.8365	0000.386
-01.1596	-00.8386	0000.387
-01.1620	-00.8404	0000.388
-01.1654	-00.8422	0000.389
-01.1687	-00.8441	0000.390
-01.1708	-00.8462	0000.391
-01.1739	-00.8474	0000.392
-01.1773	-00.8493	0000.393
-01.1803	-00.8508	0000.394
-01.1837	-00.8529	0000.395
-01.1867	-00.8548	0000.396
-01.1892	-00.8563	0000.397
-01.1925	-00.8584	0000.398
-01.1946	-00.8599	0000.399
-01.1986	-00.8621	0000.400
-01.2014	-00.8639	0000.401
-01.2047	-00.8654	0000.402
-01.2062	-00.8673	0000.403
-01.2108	-00.8685	0000.404
-01.2133	-00.8709	0000.405
-01.2166	-00.8728	0000.406
-01.2203	-00.8743	0000.407
-01.2224	-00.8758	0000.408
-01.2255	-00.8780	0000.409
-01.2282	-00.8795	0000.410
-01.2316	-00.8810	0000.411
-01.2346	-00.8828	0000.412
-01.2374	-00.8844	0000.413
-01.2404	-00.8865	0000.414
-01.2438	-00.8880	0000.415
-01.2462	-00.8896	0000.416
-01.2496	-00.8914	0000.417
-01.2523	-00.8929	0000.418
-01.2557	-00.8944	0000.419
-01.2587	-00.8960	0000.420
-01.2612	-00.8981	0000.421
-01.2642	-00.8993	0000.422
-01.2676	-00.9008	0000.423
-01.2700	-00.9030	0000.424
-01.2728	-00.9045	0000.425
-01.2770	-00.9063	0000.426
-01.2795	-00.9076	0000.427
-01.2825	-00.9097	0000.428
-01.2856	-00.9106	0000.429
-01.2883	-00.9124	0000.430
-01.2917	-00.9146	0000.431
-01.2947	-00.9161	0000.432
-01.2978	-00.9170	0000.433
-01.3005	-00.9188	0000.434
-01.3036	-00.9207	0000.435
-01.3063	-00.9222	0000.436
-01.3097	-00.9234	0000.437
-01.3124	-00.9256	0000.438
-01.3155	-00.9268	0000.439
-01.3186	-00.9283	0000.440
-01.3213	-00.9298	0000.441
-01.3247	-00.9314	0000.442
-01.3280	-00.9335	0000.443
-01.3308	-00.9344	0000.444
-01.3335	-00.9365	0000.445
-01.3363	-00.9375	0000.446
-01.3393	-00.9396	0000.447
-01.3427	-00.9411	0000.448
-01.3457	-00.9427	0000.449
-01.3485	-00.9439	0000.450
-01.3515	-00.9457	0000.451
-01.3549	-00.9469	0000.452
-01.3576	-00.9484	0000.453
-01.3604	-00.9500	0000.454
-01.3637	-00.9521	0000.455
-01.3668	-00.9530	0000.456
-01.3698	-00.9542	0000.457
-01.3732	-00.9564	0000.458
-01.3753	-00.9576	0000.459
-01.3787	-00.9591	0000.460
-01.3817	-00.9607	0000.461
-01.3842	-00.9622	0000.462
-01.3875	-00.9637	0000.463
-01.3906	-00.9655	0000.464
-01.3939	-00.9665	0000.465
-01.3964	-00.9683	0000.466
-01.4000	-00.9695	0000.467
-01.4031	-00.9710	0000.468
-01.4052	-00.9726	0000.469
-01.4089	-00.9738	0000.470
-01.4119	-00.9753	0000.471
-01.4147	-00.9768	0000.472
-01.4174	-00.9781	0000.473
-01.4205	-00.9796	0000.474
-01.4232	-00.9811	0000.475
-01.4269	-00.9826	0000.476
-01.4299	-00.9842	0000.477
-01.4327	-00.9857	0000.478
-01.4360	-00.9869	0000.479
-01.4385	-00.9881	0000.480
-01.4425	-00.9896	0000.481
-01.4446	-00.9912	0000.482
-01.4479	-00.9927	0000.483
-01.4513	-00.9939	0000.484
-01.4540	-00.9951	0000.485
-01.4571	-00.9970	0000.486
-01.4592	-00.9982	0000.487
-01.4629	-00.9997	0000.488
-01.4663	-01.0016	0000.489
-01.4684	-01.0025	0000.490
-01.4721	-01.0037	0000.491
-01.4745	-01.0055	0000.492
-01.4779	-01.0067	0000.493
-01.4809	-01.0080	0000.494
-01.4837	-01.0095	0000.495
-01.4867	-01.0107	0000.496
-01.4894	-01.0125	0000.497
-01.4925	-01.0138	0000.498
-01.4959	-01.0150	0000.499
-01.4989	-01.0165	0000.500
-01.5026	-01.0174	0000.501
-01.5050	-01.0193	0000.502
-01.5075	-01.0205	0000.503
-01.5108	-01.0220	0000.504
-01.5139	-01.0232	0000.505
-01.5169	-01.0241	0000.506
-01.5203	-01.0257	0000.507
-01.5227	-01.0272	0000.508
-01.5261	-01.0287	0000.509
-01.5285	-01.0299	0000.510
-01.5319	-01.0312	0000.511
-01.5349	-01.0324	0000.512
-01.5383	-01.0342	0000.513
-01.5410	-01.0348	0000.514
-01.5438	-01.0366	0000.515
-01.5471	-01.0376	0000.516
-01.5496	-01.0391	0000.517
-01.5526	-01.0403	0000.518
-01.5560	-01.0415	0000.519
-01.5593	-01.0434	0000.520
-01.5618	-01.0446	0000.521
-01.5648	-01.0461	0000.522
-01.5679	-01.0476	0000.523
-01.5712	-01.0482	0000.524
-01.5740	-01.0495	0000.525
-01.5770	-01.0510	0000.526
-01.5798	-01.0519	0000.527
-01.5831	-01.0537	0000.528
-01.5859	-01.0553	0000.529
-01.5889	-01.0565	0000.530
-01.5926	-01.0577	0000.531
-01.5957	-01.0589	0000.532
-01.5978	-01.0601	0000.533
-01.6011	-01.0620	0000.534
-01.6042	-01.0629	0000.535
-01.6072	-01.0638	0000.536
-01.6103	-01.0656	0000.537
-01.6130	-01.0666	0000.538
-01.6161	-01.0675	0000.539
-01.6195	-01.0690	0000.540
-01.6225	-01.0699	0000.541
-01.6253	-01.0717	0000.542
-01.6283	-01.0730	0000.543
-01.6311	-01.0745	0000.544
-01.6341	-01.0754	0000.545
-01.6375	-01.0769	0000.546
-01.6402	-01.0781	0000.547
-01.6430	-01.0788	0000.548
-01.6463	-01.0806	0000.549
-01.6491	-01.0815	0000.550
-01.6521	-01.0830	0000.551
-01.6549	-01.0843	0000.552
-01.6582	-01.0858	0000.553
-01.6613	-01.0870	0000.554
-01.6643	-01.0876	0000.555
-01.6677	-01.0891	0000.556
-01.6704	-01.0904	0000.557
-01.6735	-01.0919	0000.558
-01.6759	-01.0931	0000.559
-01.6790	-01.0946	0000.560
-01.6823	-01.0952	0000.561
-01.6857	-01.0968	0000.562
-01.6881	-01.0980	0000.563
-01.6909	-01.0995	0000.564
-01.6939	-01.1001	0000.565
-01.6976	-01.1020	0000.566
-01.7006	-01.1029	0000.567
-01.7031	-01.1041	0000.568
-01.7061	-01.1053	0000.569
-01.7095	-01.1062	0000.570
-01.7122	-01.1084	0000.571
-01.7150	-01.1093	0000.572
-01.7189	-01.1105	0000.573
-01.7208	-01.1117	0000.574
-01.7238	-01.1129	0000.575
-01.7272	-01.1139	0000.576
-01.7302	-01.1154	0000.577
-01.7330	-01.1163	0000.578
-01.7360	-01.1175	0000.579
-01.7394	-01.1187	0000.580
-01.7424	-01.1197	0000.581
-01.7455	-01.1212	0000.582
-01.7485	-01.1221	0000.583
-01.7513	-01.1233	0000.584
-01.7543	-01.1248	0000.585
-01.7574	-01.1264	0000.586
-01.7601	-01.1273	0000.587
-01.7632	-01.1282	0000.588
-01.7659	-01.1294	0000.589
-01.7696	-01.1303	0000.590
-01.7720	-01.1322	0000.591
-01.7745	-01.1334	0000.592
-01.7785	-01.1343	0000.593
-01.7809	-01.1355	0000.594
-01.7839	-01.1367	0000.595
-01.7879	-01.1386	0000.596
-01.7904	-01.1395	0000.597
-01.7928	-01.1407	0000.598
-01.7968	-01.1416	0000.599
-01.7992	-01.1428	0000.600
-01.8023	-01.1441	0000.601
-01.8053	-01.1450	0000.602
-01.8084	-01.1462	0000.603
-01.8111	-01.1477	0000.604
-01.8139	-01.1486	0000.605
-01.8172	-01.1499	0000.606
-01.8206	-01.1514	0000.607
-01.8236	-01.1523	0000.608
-01.8267	-01.1535	0000.609
-01.8291	-01.1544	0000.610
-01.8322	-01.1560	0000.611
-01.8352	-01.1569	0000.612
-01.8383	-01.1584	0000.613
-01.8413	-01.1590	0000.614
-01.8444	-01.1605	0000.615
-01.8468	-01.1618	0000.616
-01.8502	-01.1630	0000.617
-01.8538	-01.1642	0000.618
-01.8563	-01.1648	0000.619
-01.8596	-01.1663	0000.620
-01.8621	-01.1679	0000.621
-01.8651	-01.1685	0000.622
-01.8682	-01.1697	0000.623
-01.8712	-01.1712	0000.624
-01.8743	-01.1721	0000.625
-01.8773	-01.1734	0000.626
-01.8804	-01.1743	0000.627
-01.8831	-01.1755	0000.628
-01.8868	-01.1770	0000.629
-01.8892	-01.1779	0000.630
-01.8923	-01.1792	0000.631
-01.8959	-01.1804	0000.632
-01.8987	-01.1819	0000.633
-01.9017	-01.1825	0000.634
-01.9039	-01.1837	0000.635
-01.9075	-01.1847	0000.636
-01.9106	-01.1865	0000.637
-01.9133	-01.1871	0000.638
-01.9164	-01.1886	0000.639
-01.9191	-01.1892	0000.640
-01.9225	-01.1905	0000.641
-01.9259	-01.1920	0000.642
-01.9283	-01.1929	0000.643
-01.9316	-01.1941	0000.644
-01.9344	-01.1956	0000.645
-01.9374	-01.1963	0000.646
-01.9411	-01.1978	0000.647
-01.9432	-01.1987	0000.648
-01.9466	-01.1999	0000.649
-01.9497	-01.2008	0000.650
-01.9527	-01.2024	0000.651
-01.9555	-01.2036	0000.652
-01.9582	-01.2048	0000.653
-01.9619	-01.2057	0000.654
-01.9649	-01.2066	0000.655
-01.9680	-01.2082	0000.656
-01.9710	-01.2091	0000.657
-01.9735	-01.2106	0000.658
-01.9762	-01.2118	0000.659
-01.9793	-01.2118	0000.660
-01.9826	-01.2140	0000.661
-01.9857	-01.2149	0000.662
-01.9881	-01.2164	0000.663
-01.9915	-01.2167	0000.664
-01.9948	-01.2182	0000.665
-01.9979	-01.2194	0000.666
-02.0006	-01.2207	0000.667
-02.0037	-01.2216	0000.668
-02.0070	-01.2228	0000.669
-02.0095	-01.2237	0000.670
-02.0128	-01.2252	0000.671
-02.0156	-01.2259	0000.672
-02.0189	-01.2274	0000.673
-02.0214	-01.2283	0000.674
-02.0244	-01.2298	0000.675
-02.0278	-01.2310	0000.676
-02.0302	-01.2313	0000.677
-02.0330	-01.2332	0000.678
-02.0369	-01.2338	0000.679
-02.0397	-01.2350	0000.680
-02.0427	-01.2359	0000.681
-02.0452	-01.2375	0000.682
-02.0485	-01.2384	0000.683
-02.0516	-01.2399	0000.684
-02.0549	-01.2408	0000.685
-02.0577	-01.2420	0000.686
-02.0613	-01.2432	0000.687
-02.0638	-01.2445	0000.688
-02.0668	-01.2451	0000.689
-02.0699	-01.2466	0000.690
-02.0729	-01.2475	0000.691
-02.0754	-01.2484	0000.692
-02.0787	-01.2497	0000.693
-02.0812	-01.2506	0000.694
-02.0842	-01.2518	0000.695
-02.0876	-01.2536	0000.696
-02.0910	-01.2539	0000.697
-02.0934	-01.2552	0000.698
-02.0967	-01.2564	0000.699
-02.0998	-01.2573	0000.700
-02.1032	-01.2588	0000.701
-02.1053	-01.2597	0000.702
-02.1087	-01.2606	0000.703
-02.1120	-01.2619	0000.704
-02.1148	-01.2631	0000.705
-02.1178	-01.2640	0000.706
-02.1206	-01.2652	0000.707
-02.1239	-01.2667	0000.708
-02.1267	-01.2674	0000.709
-02.1300	-01.2689	0000.710
-02.1328	-01.2701	0000.711
-02.1355	-01.2704	0000.712
-02.1389	-01.2722	0000.713
-02.1422	-01.2735	0000.714
-02.1450	-01.2747	0000.715
-02.1477	-01.2753	0000.716
-02.1508	-01.2765	0000.717
-02.1532	-01.2777	0000.718
-02.1569	-01.2790	0000.719
-02.1596	-01.2802	0000.720
-02.1630	-01.2811	0000.721
-02.1654	-01.2823	0000.722
-02.1688	-01.2835	0000.723
-02.1718	-01.2844	0000.724
-02.1749	-01.2857	0000.725
-02.1776	-01.2866	0000.726
-02.1813	-01.2881	0000.727
-02.1843	-01.2884	0000.728
-02.1865	-01.2902	0000.729
-02.1895	-01.2909	0000.730
-02.1932	-01.2924	0000.731
-02.1956	-01.2927	0000.732
-02.1999	-01.2942	0000.733
-02.2014	-01.2954	0000.734
-02.2048	-01.2964	0000.735
-02.2078	-01.2982	0000.736
-02.2109	-01.2985	0000.737
-02.2133	-01.2997	0000.738
-02.2170	-01.3003	0000.739
-02.2197	-01.3015	0000.740
-02.2225	-01.3028	0000.741
-02.2258	-01.3046	0000.742
-02.2289	-01.3052	0000.743
-02.2316	-01.3064	0000.744
-02.2353	-01.3073	0000.745
-02.2377	-01.3083	0000.746
-02.2414	-01.3098	0000.747
-02.2438	-01.3110	0000.748
-02.2469	-01.3116	0000.749
-02.2496	-01.3131	0000.750
-02.2533	-01.3137	0000.751
-02.2557	-01.3153	0000.752
-02.2591	-01.3165	0000.753
-02.2622	-01.3171	0000.754
-02.2652	-01.3183	0000.755
-02.2676	-01.3195	0000.756
-02.2710	-01.3205	0000.757
-02.2731	-01.3217	0000.758
-02.2771	-01.3226	0000.759
-02.2805	-01.3235	0000.760
-02.2829	-01.3250	0000.761
-02.2853	-01.3263	0000.762
-02.2887	-01.3269	0000.763
-02.2921	-01.3281	0000.764
-02.2951	-01.3290	0000.765
-02.2972	-01.3302	0000.766
-02.3012	-01.3318	0000.767
-02.3043	-01.3330	0000.768
-02.3070	-01.3339	0000.769
-02.3101	-01.3348	0000.770
-02.3128	-01.3357	0000.771
-02.3159	-01.3372	0000.772
-02.3192	-01.3375	0000.773
-02.3226	-01.3394	0000.774
-02.3244	-01.3403	0000.775
-02.3281	-01.3412	0000.776
-02.3308	-01.3424	0000.777
-02.3339	-01.3430	0000.778
-02.3372	-01.3440	0000.779
-02.3406	-01.3452	0000.780
-02.3424	-01.3467	0000.781
-02.3458	-01.3476	0000.782
-02.3491	-01.3485	0000.783
-02.3525	-01.3495	0000.784
-02.3549	-01.3513	0000.785
-02.3580	-01.3513	0000.786
-02.3613	-01.3528	0000.787
-02.3641	-01.3540	0000.788
-02.3674	-01.3549	0000.789
-02.3696	-01.3559	0000.790
-02.3729	-01.3568	0000.791
-02.3757	-01.3586	0000.792
-02.3790	-01.3592	0000.793
-02.3818	-01.3604	0000.794
-02.3848	-01.3617	0000.795
-02.3879	-01.3626	0000.796
-02.3915	-01.3635	0000.797
-02.3949	-01.3644	0000.798
-02.3967	-01.3656	0000.799
-02.4001	-01.3662	0000.800
-02.4035	-01.3675	0000.801
-02.4065	-01.3690	0000.802
-02.4086	-01.3693	0000.803
-02.4123	-01.3711	0000.804
-02.4154	-01.3717	0000.805
-02.4184	-01.3720	0000.806
-02.4212	-01.3739	0000.807
-02.4242	-01.3751	0000.808
-02.4269	-01.3760	0000.809
-02.4300	-01.3769	0000.810
-02.4331	-01.3781	0000.811
-02.4358	-01.3794	0000.812
-02.4392	-01.3803	0000.813
-02.4422	-01.3812	0000.814
-02.4453	-01.3821	0000.815
-02.4477	-01.3827	0000.816
-02.4508	-01.3842	0000.817
-02.4541	-01.3855	0000.818
-02.4569	-01.3864	0000.819
-02.4602	-01.3873	0000.820
-02.4630	-01.3891	0000.821
-02.4660	-01.3894	0000.822
-02.4691	-01.3903	0000.823
-02.4721	-01.3916	0000.824
-02.4749	-01.3931	0000.825
-02.4782	-01.3937	0000.826
-02.4813	-01.3940	0000.827
-02.4846	-01.3955	0000.828
-02.4871	-01.3964	0000.829
-02.4901	-01.3983	0000.830
-02.4929	-01.3980	0000.831
-02.4962	-01.4001	0000.832
-02.4996	-01.4007	0000.833
-02.5026	-01.4019	0000.834
-02.5048	-01.4026	0000.835
-02.5084	-01.4035	0000.836
-02.5115	-01.4050	0000.837
-02.5139	-01.4056	0000.838
-02.5170	-01.4068	0000.839
-02.5197	-01.4077	0000.840
-02.5234	-01.4087	0000.841
-02.5258	-01.4099	0000.842
-02.5298	-01.4108	0000.843
-02.5319	-01.4117	0000.844
-02.5353	-01.4129	0000.845
-02.5386	-01.4138	0000.846
-02.5411	-01.4145	0000.847
-02.5447	-01.4157	0000.848
-02.5475	-01.4169	0000.849
-02.5502	-01.4175	0000.850
-02.5536	-01.4184	0000.851
-02.5563	-01.4193	0000.852
-02.5591	-01.4206	0000.853
-02.5618	-01.4212	0000.854
-02.5652	-01.4227	0000.855
-02.5682	-01.4236	0000.856
-02.5716	-01.4245	0000.857
-02.5740	-01.4254	0000.858
-02.5768	-01.4267	0000.859
-02.5801	-01.4273	0000.860
-02.5835	-01.4285	0000.861
-02.5869	-01.4291	0000.862
-02.5896	-01.4303	0000.863
-02.5927	-01.4309	0000.864
-02.5951	-01.4322	0000.865
-02.5985	-01.4331	0000.866
-02.6009	-01.4343	0000.867
-02.6046	-01.4352	0000.868
-02.6070	-01.4358	0000.869
-02.6110	-01.4370	0000.870
-02.6131	-01.4376	0000.871
-02.6165	-01.4389	0000.872
-02.6189	-01.4398	0000.873
-02.6229	-01.4410	0000.874
-02.6256	-01.4416	0000.875
-02.6284	-01.4428	0000.876
-02.6317	-01.4434	0000.877
-02.6345	-01.4444	0000.878
-02.6375	-01.4456	0000.879
-02.6406	-01.4462	0000.880
-02.6433	-01.4474	0000.881
-02.6464	-01.4480	0000.882
-02.6488	-01.4495	0000.883
-02.6528	-01.4502	0000.884
-02.6555	-01.4511	0000.885
-02.6589	-01.4520	0000.886
-02.6610	-01.4526	0000.887
-02.6641	-01.4535	0000.888
-02.6674	-01.4547	0000.889
-02.6708	-01.4553	0000.890
-02.6735	-01.4569	0000.891
-02.6769	-01.4578	0000.892
-02.6793	-01.4587	0000.893
-02.6821	-01.4596	0000.894
-02.6854	-01.4599	0000.895
-02.6882	-01.4615	0000.896
-02.6912	-01.4621	0000.897
-02.6946	-01.4627	0000.898
-02.6970	-01.4639	0000.899
-02.7007	-01.4648	0000.900
-02.7034	-01.4654	0000.901
-02.7065	-01.4669	0000.902
-02.7092	-01.4676	0000.903
-02.7126	-01.4685	0000.904
-02.7150	-01.4694	0000.905
-02.7184	-01.4703	0000.906
-02.7211	-01.4715	0000.907
-02.7245	-01.4718	0000.908
-02.7272	-01.4724	0000.909
-02.7306	-01.4737	0000.910
-02.7337	-01.4743	0000.911
-02.7364	-01.4755	0000.912
-02.7394	-01.4764	0000.913
-02.7428	-01.4779	0000.914
-02.7456	-01.4782	0000.915
-02.7486	-01.4788	0000.916
-02.7507	-01.4801	0000.917
-02.7547	-01.4813	0000.918
-02.7578	-01.4819	0000.919
-02.7608	-01.4822	0000.920
-02.7639	-01.4834	0000.921
-02.7666	-01.4840	0000.922
-02.7694	-01.4853	0000.923
-02.7724	-01.4862	0000.924
-02.7752	-01.4874	0000.925
-02.7788	-01.4877	0000.926
-02.7813	-01.4886	0000.927
-02.7849	-01.4892	0000.928
-02.7871	-01.4901	0000.929
-02.7913	-01.4914	0000.930
-02.7938	-01.4920	0000.931
-02.7965	-01.4932	0000.932
-02.7999	-01.4935	0000.933
-02.8026	-01.4944	0000.934
-02.8048	-01.4956	0000.935
-02.8087	-01.4965	0000.936
-02.8112	-01.4969	0000.937
-02.8145	-01.4981	0000.938
-02.8173	-01.4987	0000.939
-02.8203	-01.4996	0000.940
-02.8231	-01.5008	0000.941
-02.8264	-01.5014	0000.942
-02.8298	-01.5026	0000.943
-02.8325	-01.5023	0000.944
-02.8356	-01.5039	0000.945
-02.8380	-01.5051	0000.946
-02.8414	-01.5060	0000.947
-02.8444	-01.5063	0000.948
-02.8475	-01.5072	0000.949
-02.8505	-01.5084	0000.950
-02.8536	-01.5091	0000.951
-02.8569	-01.5097	0000.952
-02.8591	-01.5106	0000.953
-02.8630	-01.5112	0000.954
-02.8661	-01.5124	0000.955
-02.8688	-01.5130	0000.956
-02.8719	-01.5136	0000.957
-02.8743	-01.5149	0000.958
-02.8774	-01.5158	0000.959
-02.8807	-01.5164	0000.960
-02.8841	-01.5173	0000.961
-02.8868	-01.5179	0000.962
-02.8899	-01.5188	0000.963
-02.8926	-01.5194	0000.964
-02.8954	-01.5207	0000.965
-02.8981	-01.5216	0000.966
-02.9018	-01.5222	0000.967
-02.9045	-01.5228	0000.968
-02.9079	-01.5237	0000.969
-02.9107	-01.5243	0000.970
-02.9134	-01.5252	0000.971
-02.9161	-01.5261	0000.972
-02.9198	-01.5268	0000.973
-02.9232	-01.5274	0000.974
-02.9262	-01.5286	0000.975
-02.9287	-01.5292	0000.976
-02.9317	-01.5301	0000.977
-02.9351	-01.5313	0000.978
-02.9372	-01.5316	0000.979
-02.9409	-01.5323	0000.980
-02.9439	-01.5335	0000.981
-02.9470	-01.5341	0000.982
-02.9494	-01.5350	0000.983
-02.9531	-01.5356	0000.984
-02.9558	-01.5365	0000.985
-02.9586	-01.5371	0000.986
-02.9619	-01.5377	0000.987
-02.9650	-01.5387	0000.988
-02.9674	-01.5396	0000.989
-02.9708	-01.5402	0000.990
-02.9732	-01.5414	0000.991
-02.9769	-01.5417	0000.992
-02.9802	-01.5429	0000.993
-02.9824	-01.5435	0000.994
-02.9854	-01.5442	0000.995
-02.9888	-01.5448	0000.996
-02.9921	-01.5457	0000.997
-02.9949	-01.5463	0000.998
-02.9973	-01.5472	0000.999
-03.0007	-01.5475	0001.000
-03.0043	-01.5487	0001.001
-03.0065	-01.5500	0001.002
-03.0098	-01.5500	0001.003
-03.0126	-01.5506	0001.004
-03.0156	-01.5515	0001.005
-03.0193	-01.5521	0001.006
-03.0223	-01.5533	0001.007
-03.0251	-01.5542	0001.008
-03.0281	-01.5545	0001.009
-03.0306	-01.5551	0001.010
-03.0339	-01.5557	0001.011
-03.0373	-01.5570	0001.012
-03.0400	-01.5576	0001.013
-03.0428	-01.5579	0001.014
-03.0458	-01.5591	0001.015
-03.0492	-01.5600	0001.016
-03.0516	-01.5603	0001.017
-03.0541	-01.5615	0001.018
-03.0581	-01.5619	0001.019
-03.0611	-01.5628	0001.020
-03.0635	-01.5634	0001.021
-03.0672	-01.5640	0001.022
-03.0700	-01.5649	0001.023
-03.0727	-01.5655	0001.024
-03.0761	-01.5661	0001.025
-03.0782	-01.5670	0001.026
-03.0825	-01.5677	0001.027
-03.0852	-01.5683	0001.028
-03.0877	-01.5695	0001.029
-03.0907	-01.5701	0001.030
-03.0944	-01.5704	0001.031
-03.0965	-01.5713	0001.032
-03.0999	-01.5722	0001.033
-03.1029	-01.5728	0001.034
-03.1057	-01.5738	0001.035
-03.1090	-01.5734	0001.036
-03.1118	-01.5747	0001.037
-03.1148	-01.5756	0001.038
-03.1185	-01.5756	0001.039
-03.1209	-01.5771	0001.040
-03.1240	-01.5774	0001.041
-03.1270	-01.5783	0001.042
-03.1298	-01.5786	0001.043
-03.1328	-01.5792	0001.044
-03.1362	-01.5799	0001.045
-03.1386	-01.5805	0001.046
-03.1417	-01.5817	0001.047
-03.1453	-01.5823	0001.048
-03.1481	-01.5829	0001.049
-03.1511	-01.5835	0001.050
-03.1545	-01.5841	0001.051
-03.1572	-01.5850	0001.052
-03.1600	-01.5860	0001.053
-03.1633	-01.5863	0001.054
-03.1658	-01.5869	0001.055
-03.1691	-01.5878	0001.056
-03.1719	-01.5884	0001.057
-03.1752	-01.5884	0001.058
-03.1777	-01.5893	0001.059
-03.1813	-01.5899	0001.060
-03.1847	-01.5908	0001.061
-03.1871	-01.5918	0001.062
-03.1905	-01.5921	0001.063
-03.1932	-01.5927	0001.064
-03.1960	-01.5933	0001.065
-03.1990	-01.5939	0001.066
-03.2021	-01.5945	0001.067
-03.2048	-01.5951	0001.068
-03.2082	-01.5960	0001.069
-03.2109	-01.5963	0001.070
-03.2143	-01.5966	0001.071
-03.2170	-01.5976	0001.072
-03.2201	-01.5985	0001.073
-03.2235	-01.5991	0001.074
-03.2262	-01.5994	0001.075
-03.2280	-01.6000	0001.076
-03.2320	-01.6009	0001.077
-03.2351	-01.6012	0001.078
-03.2378	-01.6021	0001.079
-03.2418	-01.6031	0001.080
-03.2445	-01.6031	0001.081
-03.2473	-01.6040	0001.082
-03.2500	-01.6043	0001.083
-03.2534	-01.6052	0001.084
-03.2564	-01.6055	0001.085
-03.2592	-01.6061	0001.086
-03.2622	-01.6067	0001.087
-03.2656	-01.6076	0001.088
-03.2677	-01.6079	0001.089
-03.2711	-01.6089	0001.090
-03.2735	-01.6092	0001.091
-03.2775	-01.6095	0001.092
-03.2805	-01.6104	0001.093
-03.2827	-01.6110	0001.094
-03.2860	-01.6113	0001.095
-03.2885	-01.6119	0001.096
-03.2924	-01.6125	0001.097
-03.2955	-01.6131	0001.098
-03.2982	-01.6140	0001.099
-03.3016	-01.6146	0001.100
-03.3043	-01.6146	0001.101
-03.3068	-01.6156	0001.102
-03.3104	-01.6165	0001.103
-03.3132	-01.6165	0001.104
-03.3159	-01.6174	0001.105
-03.3193	-01.6183	0001.106
-03.3220	-01.6183	0001.107
-03.3251	-01.6189	0001.108
-03.3287	-01.6195	0001.109
-03.3309	-01.6201	0001.110
-03.3345	-01.6208	0001.111
-03.3370	-01.6214	0001.112
-03.3406	-01.6220	0001.113
-03.3431	-01.6223	0001.114
-03.3464	-01.6229	0001.115
-03.3495	-01.6232	0001.116
-03.3522	-01.6241	0001.117
-03.3553	-01.6244	0001.118
-03.3587	-01.6247	0001.119
-03.3608	-01.6256	0001.120
-03.3644	-01.6259	0001.121
-03.3672	-01.6262	0001.122
-03.3702	-01.6266	0001.123
-03.3733	-01.6275	0001.124
-03.3764	-01.6284	0001.125
-03.3791	-01.6290	0001.126
-03.3831	-01.6293	0001.127
-03.3852	-01.6299	0001.128
-03.3879	-01.6305	0001.129
-03.3910	-01.6308	0001.130
-03.3944	-01.6314	0001.131
-03.3977	-01.6317	0001.132
-03.3998	-01.6320	0001.133
-03.4032	-01.6330	0001.134
-03.4053	-01.6327	0001.135
-03.4093	-01.6339	0001.136
-03.4124	-01.6345	0001.137
-03.4157	-01.6348	0001.138
-03.4185	-01.6351	0001.139
-03.4212	-01.6357	0001.140
-03.4252	-01.6360	0001.141
-03.4273	-01.6363	0001.142
-03.4304	-01.6369	0001.143
-03.4328	-01.6375	0001.144
-03.4362	-01.6378	0001.145
-03.4392	-01.6385	0001.146
-03.4426	-01.6394	0001.147
-03.4450	-01.6397	0001.148
-03.4487	-01.6400	0001.149
-03.4514	-01.6400	0001.150
-03.4551	-01.6409	0001.151
-03.4581	-01.6412	0001.152
-03.4603	-01.6424	0001.153
-03.4633	-01.6421	0001.154
-03.4661	-01.6424	0001.155
-03.4694	-01.6430	0001.156
-03.4725	-01.6430	0001.157
-03.4755	-01.6443	0001.158
-03.4786	-01.6446	0001.159
-03.4816	-01.6449	0001.160
-03.4841	-01.6458	0001.161
-03.4871	-01.6458	0001.162
-03.4905	-01.6464	0001.163
-03.4941	-01.6467	0001.164
-03.4969	-01.6470	0001.165
-03.4996	-01.6473	0001.166
-03.5024	-01.6482	0001.167
-03.5061	-01.6488	0001.168
-03.5088	-01.6488	0001.169
-03.5115	-01.6491	0001.170
-03.5146	-01.6500	0001.171
-03.5180	-01.6504	0001.172
-03.5201	-01.6504	0001.173
-03.5238	-01.6510	0001.174
-03.5271	-01.6513	0001.175
-03.5299	-01.6522	0001.176
-03.5323	-01.6522	0001.177
-03.5360	-01.6525	0001.178
-03.5387	-01.6531	0001.179
-03.5418	-01.6534	0001.180
-03.5442	-01.6534	0001.181
-03.5476	-01.6540	0001.182
-03.5506	-01.6546	0001.183
-03.5537	-01.6549	0001.184
-03.5570	-01.6555	0001.185
-03.5595	-01.6555	0001.186
-03.5628	-01.6558	0001.187
-03.5659	-01.6565	0001.188
-03.5686	-01.6571	0001.189
-03.5714	-01.6577	0001.190
-03.5750	-01.6574	0001.191
-03.5784	-01.6577	0001.192
-03.5808	-01.6583	0001.193
-03.5830	-01.6589	0001.194
-03.5872	-01.6592	0001.195
-03.5897	-01.6598	0001.196
-03.5927	-01.6601	0001.197
-03.5958	-01.6601	0001.198
-03.5988	-01.6604	0001.199
-03.6016	-01.6607	0001.200
-03.6049	-01.6616	0001.201
-03.6074	-01.6613	0001.202
-03.6104	-01.6623	0001.203
-03.6135	-01.6623	0001.204
-03.6171	-01.6626	0001.205
-03.6202	-01.6635	0001.206
-03.6226	-01.6635	0001.207
-03.6260	-01.6638	0001.208
-03.6278	-01.6641	0001.209
-03.6321	-01.6641	0001.210
-03.6354	-01.6650	0001.211
-03.6379	-01.6653	0001.212
-03.6406	-01.6650	0001.213
-03.6437	-01.6659	0001.214
-03.6461	-01.6659	0001.215
-03.6498	-01.6665	0001.216
-03.6528	-01.6671	0001.217
-03.6553	-01.6674	0001.218
-03.6586	-01.6674	0001.219
-03.6617	-01.6681	0001.220
-03.6644	-01.6681	0001.221
-03.6681	-01.6687	0001.222
-03.6715	-01.6690	0001.223
-03.6736	-01.6696	0001.224
-03.6766	-01.6690	0001.225
-03.6794	-01.6699	0001.226
-03.6827	-01.6705	0001.227
-03.6855	-01.6705	0001.228
-03.6889	-01.6705	0001.229
-03.6913	-01.6711	0001.230
-03.6950	-01.6714	0001.231
-03.6980	-01.6714	0001.232
-03.7008	-01.6723	0001.233
-03.7047	-01.6723	0001.234
-03.7062	-01.6729	0001.235
-03.7099	-01.6732	0001.236
-03.7130	-01.6732	0001.237
-03.7157	-01.6739	0001.238
-03.7185	-01.6735	0001.239
-03.7218	-01.6742	0001.240
-03.7249	-01.6745	0001.241
-03.7279	-01.6745	0001.242
-03.7307	-01.6751	0001.243
-03.7340	-01.6751	0001.244
-03.7368	-01.6757	0001.245
-03.7401	-01.6760	0001.246
-03.7441	-01.6763	0001.247
-03.7453	-01.6763	0001.248
-03.7496	-01.6766	0001.249
-03.7520	-01.6772	0001.250
-03.7554	-01.6772	0001.251
-03.7587	-01.6778	0001.252
-03.7612	-01.6781	0001.253
-03.7636	-01.6781	0001.254
-03.7673	-01.6790	0001.255
-03.7694	-01.6787	0001.256
-03.7734	-01.6793	0001.257
-03.7755	-01.6790	0001.258
-03.7792	-01.6797	0001.259
-03.7819	-01.6803	0001.260
-03.7853	-01.6800	0001.261
-03.7874	-01.6806	0001.262
-03.7914	-01.6806	0001.263
-03.7935	-01.6812	0001.264
-03.7972	-01.6809	0001.265
-03.7999	-01.6818	0001.266
-03.8033	-01.6818	0001.267
-03.8063	-01.6821	0001.268
-03.8094	-01.6821	0001.269
-03.8131	-01.6827	0001.270
-03.8149	-01.6827	0001.271
-03.8179	-01.6830	0001.272
-03.8213	-01.6833	0001.273
-03.8240	-01.6833	0001.274
-03.8274	-01.6839	0001.275
-03.8305	-01.6839	0001.276
-03.8329	-01.6839	0001.277
-03.8363	-01.6845	0001.278
-03.8390	-01.6845	0001.279
-03.8430	-01.6851	0001.280
-03.8454	-01.6854	0001.281
-03.8485	-01.6858	0001.282
-03.8509	-01.6861	0001.283
-03.8543	-01.6864	0001.284
-03.8570	-01.6864	0001.285
-03.8601	-01.6864	0001.286
-03.8631	-01.6867	0001.287
-03.8662	-01.6873	0001.288
-03.8698	-01.6870	0001.289
-03.8723	-01.6873	0001.290
-03.8741	-01.6879	0001.291
-03.8784	-01.6876	0001.292
-03.8808	-01.6885	0001.293
-03.8836	-01.6885	0001.294
-03.8869	-01.6888	0001.295
-03.8903	-01.6891	0001.296
-03.8927	-01.6891	0001.297
-03.8964	-01.6894	0001.298
-03.8988	-01.6897	0001.299
-03.9025	-01.6900	0001.300
-03.9049	-01.6897	0001.301
-03.9077	-01.6900	0001.302
-03.9110	-01.6906	0001.303
-03.9138	-01.6909	0001.304
-03.9174	-01.6909	0001.305
-03.9202	-01.6912	0001.306
-03.9235	-01.6912	0001.307
-03.9260	-01.6916	0001.308
-03.9293	-01.6916	0001.309
-03.9327	-01.6919	0001.310
-03.9357	-01.6928	0001.311
-03.9379	-01.6922	0001.312
-03.9409	-01.6928	0001.313
-03.9431	-01.6928	0001.314
-03.9470	-01.6931	0001.315
-03.9504	-01.6940	0001.316
-03.9525	-01.6937	0001.317
-03.9559	-01.6940	0001.318
-03.9595	-01.6940	0001.319
-03.9623	-01.6943	0001.320
-03.9647	-01.6943	0001.321
-03.9687	-01.6949	0001.322
-03.9714	-01.6955	0001.323
-03.9736	-01.6955	0001.324
-03.9772	-01.6958	0001.325
-03.9800	-01.6955	0001.326
-03.9837	-01.6958	0001.327
-03.9861	-01.6958	0001.328
-03.9894	-01.6964	0001.329
-03.9922	-01.6967	0001.330
-03.9946	-01.6967	0001.331
-03.9977	-01.6970	0001.332
-04.0007	-01.6970	0001.333
-04.0038	-01.6977	0001.334
-04.0078	-01.6977	0001.335
-04.0102	-01.6977	0001.336
-04.0136	-01.6983	0001.337
-04.0160	-01.6980	0001.338
-04.0197	-01.6983	0001.339
-04.0224	-01.6986	0001.340
-04.0258	-01.6986	0001.341
-04.0276	-01.6992	0001.342
-04.0306	-01.6992	0001.343
-04.0343	-01.6995	0001.344
-04.0374	-01.6998	0001.345
-04.0395	-01.7001	0001.346
-04.0441	-01.6998	0001.347
-04.0462	-01.7004	0001.348
-04.0496	-01.7010	0001.349
-04.0526	-01.7007	0001.350
-04.0554	-01.7010	0001.351
-04.0581	-01.7010	0001.352
-04.0615	-01.7013	0001.353
-04.0645	-01.7013	0001.354
-04.0676	-01.7019	0001.355
-04.0706	-01.7016	0001.356
-04.0731	-01.7019	0001.357
-04.0761	-01.7025	0001.358
-04.0795	-01.7025	0001.359
-04.0828	-01.7025	0001.360
-04.0850	-01.7028	0001.361
-04.0886	-01.7031	0001.362
-04.0917	-01.7031	0001.363
-04.0944	-01.7031	0001.364
-04.0975	-01.7038	0001.365
-04.1008	-01.7035	0001.366
-04.1033	-01.7041	0001.367
-04.1063	-01.7044	0001.368
-04.1097	-01.7041	0001.369
-04.1127	-01.7044	0001.370
-04.1152	-01.7050	0001.371
-04.1185	-01.7050	0001.372
-04.1222	-01.7056	0001.373
-04.1243	-01.7056	0001.374
-04.1277	-01.7053	0001.375
-04.1304	-01.7059	0001.376
-04.1329	-01.7065	0001.377
-04.1365	-01.7059	0001.378
-04.1390	-01.7062	0001.379
-04.1430	-01.7065	0001.380
-04.1457	-01.7068	0001.381
-04.1488	-01.7068	0001.382
-04.1512	-01.7068	0001.383
-04.1552	-01.7074	0001.384
-04.1579	-01.7071	0001.385
-04.1603	-01.7080	0001.386
-04.1640	-01.7077	0001.387
-04.1668	-01.7080	0001.388
-04.1695	-01.7083	0001.389
-04.1722	-01.7083	0001.390
-04.1753	-01.7086	0001.391
-04.1780	-01.7086	0001.392
-04.1814	-01.7089	0001.393
-04.1848	-01.7093	0001.394
-04.1872	-01.7093	0001.395
-04.1909	-01.7089	0001.396
-04.1933	-01.7099	0001.397
-04.1964	-01.7096	0001.398
-04.1994	-01.7099	0001.399
-04.2031	-01.7102	0001.400
-04.2052	-01.7105	0001.401
-04.2083	-01.7108	0001.402
-04.2113	-01.7105	0001.403
-04.2144	-01.7111	0001.404
-04.2177	-01.7108	0001.405
-04.2208	-01.7117	0001.406
-04.2232	-01.7114	0001.407
-04.2260	-01.7114	0001.408
-04.2302	-01.7114	0001.409
-04.2333	-01.7120	0001.410
-04.2357	-01.7120	0001.411
-04.2391	-01.7123	0001.412
-04.2418	-01.7123	0001.413
-04.2452	-01.7129	0001.414
-04.2473	-01.7126	0001.415
-04.2510	-01.7126	0001.416
-04.2531	-01.7129	0001.417
-04.2571	-01.7132	0001.418
-04.2598	-01.7138	0001.419
-04.2626	-01.7138	0001.420
-04.2662	-01.7138	0001.421
-04.2684	-01.7141	0001.422
-04.2720	-01.7138	0001.423
-04.2751	-01.7144	0001.424
-04.2781	-01.7147	0001.425
-04.2812	-01.7147	0001.426
-04.2846	-01.7147	0001.427
-04.2864	-01.7147	0001.428
-04.2891	-01.7154	0001.429
-04.2925	-01.7154	0001.430
-04.2955	-01.7154	0001.431
-04.2989	-01.7160	0001.432
-04.3019	-01.7160	0001.433
-04.3050	-01.7157	0001.434
-04.3074	-01.7166	0001.435
-04.3111	-01.7163	0001.436
-04.3139	-01.7166	0001.437
-04.3169	-01.7169	0001.438
-04.3193	-01.7166	0001.439
-04.3227	-01.7172	0001.440
-04.3261	-01.7172	0001.441
-04.3282	-01.7172	0001.442
-04.3316	-01.7172	0001.443
-04.3349	-01.7175	0001.444
-04.3380	-01.7181	0001.445
-04.3410	-01.7184	0001.446
-04.3438	-01.7184	0001.447
-04.3459	-01.7181	0001.448
-04.3502	-01.7187	0001.449
-04.3526	-01.7184	0001.450
-04.3557	-01.7190	0001.451
-04.3590	-01.7187	0001.452
-04.3618	-01.7196	0001.453
-04.3642	-01.7193	0001.454
-04.3673	-01.7196	0001.455
-04.3715	-01.7193	0001.456
-04.3731	-01.7199	0001.457
-04.3770	-01.7199	0001.458
-04.3792	-01.7202	0001.459
-04.3819	-01.7205	0001.460
-04.3862	-01.7205	0001.461
-04.3886	-01.7208	0001.462
-04.3920	-01.7205	0001.463
-04.3947	-01.7212	0001.464
-04.3981	-01.7215	0001.465
-04.4011	-01.7215	0001.466
-04.4039	-01.7215	0001.467
-04.4072	-01.7218	0001.468
-04.4100	-01.7221	0001.469
-04.4127	-01.7218	0001.470
-04.4161	-01.7227	0001.471
-04.4188	-01.7227	0001.472
-04.4216	-01.7227	0001.473
-04.4255	-01.7227	0001.474
-04.4277	-01.7227	0001.475
-04.4301	-01.7233	0001.476
-04.4335	-01.7230	0001.477
-04.4362	-01.7233	0001.478
-04.4402	-01.7236	0001.479
-04.4432	-01.7233	0001.480
-04.4457	-01.7236	0001.481
-04.4484	-01.7239	0001.482
-04.4524	-01.7239	0001.483
-04.4555	-01.7239	0001.484
-04.4585	-01.7242	0001.485
-04.4606	-01.7245	0001.486
-04.4640	-01.7245	0001.487
-04.4674	-01.7248	0001.488
-04.4698	-01.7251	0001.489
-04.4722	-01.7254	0001.490
-04.4759	-01.7251	0001.491
-04.4790	-01.7257	0001.492
-04.4823	-01.7254	0001.493
-04.4857	-01.7260	0001.494
-04.4881	-01.7260	0001.495
-04.4909	-01.7260	0001.496
-04.4939	-01.7266	0001.497
-04.4970	-01.7263	0001.498
-04.4997	-01.7263	0001.499
-04.5031	-01.7270	0001.500
-04.5058	-01.7266	0001.501
-04.5037	-01.7270	0001.502
-04.5006	-01.7270	0001.503
-04.4967	-01.7273	0001.504
-04.4942	-01.7273	0001.505
-04.4912	-01.7276	0001.506
-04.4887	-01.7276	0001.507
-04.4857	-01.7270	0001.508
-04.4820	-01.7273	0001.509
-04.4796	-01.7276	0001.510
-04.4762	-01.7276	0001.511
-04.4738	-01.7276	0001.512
-04.4701	-01.7276	0001.513
-04.4680	-01.7276	0001.514
-04.4646	-01.7276	0001.515
-04.4609	-01.7276	0001.516
-04.4582	-01.7279	0001.517
-04.4561	-01.7276	0001.518
-04.4518	-01.7270	0001.519
-04.4493	-01.7279	0001.520
-04.4466	-01.7282	0001.521
-04.4429	-01.7276	0001.522
-04.4411	-01.7276	0001.523
-04.4378	-01.7276	0001.524
-04.4344	-01.7279	0001.525
-04.4320	-01.7282	0001.526
-04.4283	-01.7276	0001.527
-04.4259	-01.7279	0001.528
-04.4210	-01.7276	0001.529
-04.4197	-01.7279	0001.530
-04.4164	-01.7279	0001.531
-04.4139	-01.7282	0001.532
-04.4094	-01.7276	0001.533
-04.4066	-01.7282	0001.534
-04.4045	-01.7282	0001.535
-04.4008	-01.7279	0001.536
-04.3981	-01.7285	0001.537
-04.3950	-01.7279	0001.538
-04.3926	-01.7279	0001.539
-04.3892	-01.7282	0001.540
-04.3856	-01.7279	0001.541
-04.3828	-01.7282	0001.542
-04.3807	-01.7282	0001.543
-04.3764	-01.7285	0001.544
-04.3740	-01.7285	0001.545
-04.3703	-01.7279	0001.546
-04.3679	-01.7282	0001.547
-04.3654	-01.7285	0001.548
-04.3624	-01.7285	0001.549
-04.3596	-01.7282	0001.550
-04.3560	-01.7285	0001.551
-04.3532	-01.7285	0001.552
-04.3486	-01.7279	0001.553
-04.3474	-01.7282	0001.554
-04.3438	-01.7282	0001.555
-04.3413	-01.7282	0001.556
-04.3389	-01.7282	0001.557
-04.3349	-01.7285	0001.558
-04.3319	-01.7285	0001.559
-04.3291	-01.7282	0001.560
-04.3267	-01.7279	0001.561
-04.3227	-01.7282	0001.562
-04.3196	-01.7282	0001.563
-04.3172	-01.7285	0001.564
-04.3142	-01.7282	0001.565
-04.3111	-01.7282	0001.566
-04.3074	-01.7279	0001.567
-04.3047	-01.7282	0001.568
-04.3023	-01.7288	0001.569
-04.2989	-01.7282	0001.570
-04.2952	-01.7279	0001.571
-04.2940	-01.7285	0001.572
-04.2904	-01.7282	0001.573
-04.2867	-01.7288	0001.574
-04.2842	-01.7282	0001.575
-04.2806	-01.7285	0001.576
-04.2778	-01.7282	0001.577
-04.2757	-01.7282	0001.578
-04.2717	-01.7282	0001.579
-04.2696	-01.7282	0001.580
-04.2659	-01.7279	0001.581
-04.2626	-01.7282	0001.582
-04.2592	-01.7282	0001.583
-04.2577	-01.7279	0001.584
-04.2537	-01.7285	0001.585
-04.2510	-01.7282	0001.586
-04.2470	-01.7285	0001.587
-04.2452	-01.7279	0001.588
-04.2415	-01.7285	0001.589
-04.2385	-01.7282	0001.590
-04.2360	-01.7282	0001.591
-04.2333	-01.7282	0001.592
-04.2299	-01.7279	0001.593
-04.2269	-01.7282	0001.594
-04.2241	-01.7282	0001.595
-04.2208	-01.7282	0001.596
-04.2180	-01.7279	0001.597
-04.2144	-01.7279	0001.598
-04.2122	-01.7282	0001.599
-04.2080	-01.7279	0001.600
-04.2058	-01.7279	0001.601
-04.2031	-01.7279	0001.602
-04.1991	-01.7282	0001.603
-04.1964	-01.7276	0001.604
-04.1936	-01.7279	0001.605
-04.1899	-01.7276	0001.606
-04.1875	-01.7279	0001.607
-04.1851	-01.7279	0001.608
-04.1826	-01.7282	0001.609
-04.1787	-01.7276	0001.610
-04.1759	-01.7279	0001.611
-04.1729	-01.7279	0001.612
-04.1701	-01.7282	0001.613
-04.1671	-01.7282	0001.614
-04.1634	-01.7276	0001.615
-04.1613	-01.7279	0001.616
-04.1579	-01.7282	0001.617
-04.1549	-01.7276	0001.618
-04.1509	-01.7273	0001.619
-04.1494	-01.7279	0001.620
-04.1466	-01.7279	0001.621
-04.1430	-01.7279	0001.622
-04.1402	-01.7276	0001.623
-04.1368	-01.7282	0001.624
-04.1338	-01.7276	0001.625
-04.1311	-01.7273	0001.626
-04.1271	-01.7276	0001.627
-04.1249	-01.7276	0001.628
-04.1225	-01.7282	0001.629
-04.1188	-01.7273	0001.630
-04.1158	-01.7276	0001.631
-04.1118	-01.7276	0001.632
-04.1097	-01.7273	0001.633
-04.1063	-01.7273	0001.634
-04.1036	-01.7276	0001.635
-04.1008	-01.7276	0001.636
-04.0981	-01.7273	0001.637
-04.0944	-01.7276	0001.638
-04.0917	-01.7276	0001.639
-04.0880	-01.7273	0001.640
-04.0856	-01.7273	0001.641
-04.0825	-01.7273	0001.642
-04.0795	-01.7273	0001.643
-04.0767	-01.7273	0001.644
-04.0740	-01.7273	0001.645
-04.0706	-01.7273	0001.646
-04.0676	-01.7276	0001.647
-04.0648	-01.7273	0001.648
-04.0615	-01.7273	0001.649
-04.0590	-01.7276	0001.650
-04.0554	-01.7273	0001.651
-04.0529	-01.7273	0001.652
-04.0499	-01.7273	0001.653
-04.0462	-01.7276	0001.654
-04.0435	-01.7270	0001.655
-04.0404	-01.7266	0001.656
-04.0368	-01.7273	0001.657
-04.0349	-01.7273	0001.658
-04.0316	-01.7270	0001.659
-04.0288	-01.7270	0001.660
-04.0252	-01.7266	0001.661
-04.0230	-01.7266	0001.662
-04.0200	-01.7270	0001.663
-04.0169	-01.7266	0001.664
-04.0139	-01.7270	0001.665
-04.0102	-01.7270	0001.666
-04.0081	-01.7266	0001.667
-04.0056	-01.7263	0001.668
-04.0023	-01.7263	0001.669
-03.9986	-01.7266	0001.670
-03.9956	-01.7266	0001.671
-03.9922	-01.7260	0001.672
-03.9898	-01.7266	0001.673
-03.9867	-01.7263	0001.674
-03.9837	-01.7263	0001.675
-03.9809	-01.7260	0001.676
-03.9772	-01.7263	0001.677
-03.9742	-01.7266	0001.678
-03.9724	-01.7260	0001.679
-03.9696	-01.7263	0001.680
-03.9650	-01.7263	0001.681
-03.9629	-01.7257	0001.682
-03.9602	-01.7260	0001.683
-03.9562	-01.7266	0001.684
-03.9540	-01.7263	0001.685
-03.9507	-01.7260	0001.686
-03.9476	-01.7260	0001.687
-03.9443	-01.7263	0001.688
-03.9415	-01.7257	0001.689
-03.9382	-01.7260	0001.690
-03.9357	-01.7263	0001.691
-03.9321	-01.7254	0001.692
-03.9299	-01.7260	0001.693
-03.9266	-01.7263	0001.694
-03.9232	-01.7257	0001.695
-03.9208	-01.7254	0001.696
-03.9171	-01.7257	0001.697
-03.9150	-01.7257	0001.698
-03.9113	-01.7257	0001.699
-03.9083	-01.7254	0001.700
-03.9055	-01.7254	0001.701
-03.9028	-01.7260	0001.702
-03.9000	-01.7254	0001.703
-03.8964	-01.7257	0001.704
-03.8939	-01.7251	0001.705
-03.8906	-01.7254	0001.706
-03.8878	-01.7254	0001.707
-03.8848	-01.7254	0001.708
-03.8814	-01.7260	0001.709
-03.8781	-01.7251	0001.710
-03.8753	-01.7251	0001.711
-03.8726	-01.7254	0001.712
-03.8695	-01.7254	0001.713
-03.8662	-01.7254	0001.714
-03.8634	-01.7248	0001.715
-03.8597	-01.7251	0001.716
-03.8573	-01.7248	0001.717
-03.8540	-01.7254	0001.718
-03.8512	-01.7248	0001.719
-03.8491	-01.7248	0001.720
-03.8457	-01.7248	0001.721
-03.8424	-01.7251	0001.722
-03.8393	-01.7248	0001.723
-03.8363	-01.7248	0001.724
-03.8332	-01.7251	0001.725
-03.8308	-01.7248	0001.726
-03.8271	-01.7245	0001.727
-03.8243	-01.7248	0001.728
-03.8213	-01.7248	0001.729
-03.8179	-01.7248	0001.730
-03.8149	-01.7245	0001.731
-03.8124	-01.7245	0001.732
-03.8094	-01.7245	0001.733
-03.8063	-01.7245	0001.734
-03.8030	-01.7245	0001.735
-03.7996	-01.7245	0001.736
-03.7981	-01.7245	0001.737
-03.7941	-01.7239	0001.738
-03.7908	-01.7245	0001.739
-03.7883	-01.7242	0001.740
-03.7856	-01.7245	0001.741
-03.7819	-01.7242	0001.742
-03.7792	-01.7242	0001.743
-03.7764	-01.7242	0001.744
-03.7734	-01.7239	0001.745
-03.7706	-01.7239	0001.746
-03.7673	-01.7239	0001.747
-03.7645	-01.7242	0001.748
-03.7609	-01.7236	0001.749
-03.7581	-01.7239	0001.750
-03.7557	-01.7236	0001.751
-03.7523	-01.7239	0001.752
-03.7496	-01.7236	0001.753
-03.7459	-01.7236	0001.754
-03.7435	-01.7239	0001.755
-03.7410	-01.7233	0001.756
-03.7374	-01.7236	0001.757
-03.7346	-01.7233	0001.758
-03.7310	-01.7236	0001.759
-03.7276	-01.7239	0001.760
-03.7249	-01.7233	0001.761
-03.7224	-01.7233	0001.762
-03.7194	-01.7233	0001.763
-03.7160	-01.7233	0001.764
-03.7130	-01.7233	0001.765
-03.7105	-01.7230	0001.766
-03.7078	-01.7233	0001.767
-03.7044	-01.7227	0001.768
-03.7014	-01.7230	0001.769
-03.6977	-01.7233	0001.770
-03.6943	-01.7227	0001.771
-03.6916	-01.7227	0001.772
-03.6889	-01.7233	0001.773
-03.6867	-01.7227	0001.774
-03.6834	-01.7227	0001.775
-03.6803	-01.7227	0001.776
-03.6766	-01.7224	0001.777
-03.6739	-01.7227	0001.778
-03.6712	-01.7227	0001.779
-03.6681	-01.7227	0001.780
-03.6650	-01.7224	0001.781
-03.6620	-01.7227	0001.782
-03.6596	-01.7224	0001.783
-03.6562	-01.7227	0001.784
-03.6528	-01.7227	0001.785
-03.6501	-01.7224	0001.786
-03.6467	-01.7224	0001.787
-03.6437	-01.7224	0001.788
-03.6409	-01.7224	0001.789
-03.6382	-01.7221	0001.790
-03.6348	-01.7215	0001.791
-03.6315	-01.7218	0001.792
-03.6290	-01.7221	0001.793
-03.6257	-01.7221	0001.794
-03.6229	-01.7218	0001.795
-03.6196	-01.7221	0001.796
-03.6168	-01.7215	0001.797
-03.6144	-01.7215	0001.798
-03.6107	-01.7215	0001.799
-03.6086	-01.7215	0001.800
-03.6049	-01.7215	0001.801
-03.6022	-01.7218	0001.802
-03.5991	-01.7215	0001.803
-03.5961	-01.7215	0001.804
-03.5924	-01.7215	0001.805
-03.5903	-01.7212	0001.806
-03.5872	-01.7212	0001.807
-03.5836	-01.7212	0001.808
-03.5814	-01.7212	0001.809
-03.5784	-01.7212	0001.810
-03.5756	-01.7208	0001.811
-03.5720	-01.7208	0001.812
-03.5686	-01.7208	0001.813
-03.5659	-01.7215	0001.814
-03.5628	-01.7205	0001.815
-03.5604	-01.7212	0001.816
-03.5570	-01.7208	0001.817
-03.5549	-01.7208	0001.818
-03.5515	-01.7205	0001.819
-03.5476	-01.7205	0001.820
-03.5454	-01.7205	0001.821
-03.5421	-01.7212	0001.822
-03.5393	-01.7205	0001.823
-03.5360	-01.7205	0001.824
-03.5323	-01.7208	0001.825
-03.5302	-01.7202	0001.826
-03.5271	-01.7202	0001.827
-03.5244	-01.7205	0001.828
-03.5207	-01.7205	0001.829
-03.5180	-01.7202	0001.830
-03.5146	-01.7202	0001.831
-03.5125	-01.7199	0001.832
-03.5094	-01.7199	0001.833
-03.5067	-01.7205	0001.834
-03.5024	-01.7202	0001.835
-03.4996	-01.7199	0001.836
-03.4972	-01.7196	0001.837
-03.4945	-01.7199	0001.838
-03.4914	-01.7196	0001.839
-03.4880	-01.7199	0001.840
-03.4844	-01.7193	0001.841
-03.4810	-01.7196	0001.842
-03.4783	-01.7193	0001.843
-03.4761	-01.7196	0001.844
-03.4728	-01.7193	0001.845
-03.4700	-01.7193	0001.846
-03.4667	-01.7190	0001.847
-03.4636	-01.7187	0001.848
-03.4609	-01.7193	0001.849
-03.4584	-01.7193	0001.850
-03.4548	-01.7193	0001.851
-03.4517	-01.7193	0001.852
-03.4490	-01.7190	0001.853
-03.4453	-01.7187	0001.854
-03.4423	-01.7190	0001.855
-03.4395	-01.7184	0001.856
-03.4368	-01.7190	0001.857
-03.4337	-01.7190	0001.858
-03.4310	-01.7187	0001.859
-03.4276	-01.7187	0001.860
-03.4252	-01.7184	0001.861
-03.4218	-01.7184	0001.862
-03.4185	-01.7187	0001.863
-03.4160	-01.7181	0001.864
-03.4127	-01.7184	0001.865
-03.4099	-01.7181	0001.866
-03.4066	-01.7187	0001.867
-03.4035	-01.7184	0001.868
-03.3998	-01.7178	0001.869
-03.3977	-01.7178	0001.870
-03.3944	-01.7181	0001.871
-03.3910	-01.7178	0001.872
-03.3883	-01.7178	0001.873
-03.3852	-01.7178	0001.874
-03.3828	-01.7178	0001.875
-03.3797	-01.7175	0001.876
-03.3767	-01.7181	0001.877
-03.3736	-01.7175	0001.878
-03.3712	-01.7175	0001.879
-03.3672	-01.7178	0001.880
-03.3644	-01.7172	0001.881
-03.3617	-01.7178	0001.882
-03.3590	-01.7172	0001.883
-03.3553	-01.7172	0001.884
-03.3529	-01.7172	0001.885
-03.3489	-01.7172	0001.886
-03.3464	-01.7169	0001.887
-03.3434	-01.7172	0001.888
-03.3403	-01.7172	0001.889
-03.3373	-01.7169	0001.890
-03.3342	-01.7175	0001.891
-03.3312	-01.7169	0001.892
-03.3281	-01.7166	0001.893
-03.3260	-01.7166	0001.894
-03.3226	-01.7166	0001.895
-03.3196	-01.7166	0001.896
-03.3162	-01.7169	0001.897
-03.3135	-01.7163	0001.898
-03.3104	-01.7163	0001.899
-03.3077	-01.7166	0001.900
-03.3043	-01.7166	0001.901
-03.3016	-01.7160	0001.902
-03.2988	-01.7163	0001.903
-03.2952	-01.7163	0001.904
-03.2927	-01.7160	0001.905
-03.2900	-01.7163	0001.906
-03.2866	-01.7163	0001.907
-03.2833	-01.7160	0001.908
-03.2808	-01.7157	0001.909
-03.2775	-01.7154	0001.910
-03.2747	-01.7163	0001.911
-03.2720	-01.7157	0001.912
-03.2683	-01.7154	0001.913
-03.2656	-01.7157	0001.914
-03.2628	-01.7154	0001.915
-03.2595	-01.7154	0001.916
-03.2564	-01.7154	0001.917
-03.2540	-01.7160	0001.918
-03.2506	-01.7157	0001.919
-03.2476	-01.7151	0001.920
-03.2451	-01.7151	0001.921
-03.2418	-01.7151	0001.922
-03.2384	-01.7154	0001.923
-03.2354	-01.7147	0001.924
-03.2320	-01.7147	0001.925
-03.2290	-01.7151	0001.926
-03.2271	-01.7147	0001.927
-03.2228	-01.7151	0001.928
-03.2210	-01.7151	0001.929
-03.2177	-01.7147	0001.930
-03.2143	-01.7147	0001.931
-03.2113	-01.7141	0001.932
-03.2085	-01.7144	0001.933
-03.2058	-01.7144	0001.934
-03.2027	-01.7144	0001.935
-03.1997	-01.7141	0001.936
-03.1969	-01.7141	0001.937
-03.1936	-01.7144	0001.938
-03.1905	-01.7138	0001.939
-03.1878	-01.7144	0001.940
-03.1844	-01.7138	0001.941
-03.1813	-01.7141	0001.942
-03.1783	-01.7135	0001.943
-03.1752	-01.7138	0001.944
-03.1725	-01.7135	0001.945
-03.1688	-01.7138	0001.946
-03.1667	-01.7135	0001.947
-03.1630	-01.7135	0001.948
-03.1600	-01.7135	0001.949
-03.1575	-01.7138	0001.950
-03.1542	-01.7135	0001.951
-03.1514	-01.7138	0001.952
-03.1484	-01.7132	0001.953
-03.1447	-01.7132	0001.954
-03.1423	-01.7132	0001.955
-03.1398	-01.7135	0001.956
-03.1365	-01.7132	0001.957
-03.1331	-01.7129	0001.958
-03.1301	-01.7126	0001.959
-03.1273	-01.7126	0001.960
-03.1240	-01.7126	0001.961
-03.1215	-01.7129	0001.962
-03.1185	-01.7129	0001.963
-03.1154	-01.7123	0001.964
-03.1124	-01.7126	0001.965
-03.1090	-01.7126	0001.966
-03.1063	-01.7123	0001.967
-03.1032	-01.7123	0001.968
-03.1002	-01.7120	0001.969
-03.0974	-01.7123	0001.970
-03.0947	-01.7120	0001.971
-03.0907	-01.7123	0001.972
-03.0880	-01.7123	0001.973
-03.0855	-01.7117	0001.974
-03.0822	-01.7120	0001.975
-03.0794	-01.7123	0001.976
-03.0764	-01.7123	0001.977
-03.0727	-01.7111	0001.978
-03.0700	-01.7117	0001.979
-03.0675	-01.7117	0001.980
-03.0642	-01.7117	0001.981
-03.0617	-01.7117	0001.982
-03.0584	-01.7114	0001.983
-03.0553	-01.7111	0001.984
-03.0513	-01.7114	0001.985
-03.0495	-01.7111	0001.986
-03.0462	-01.7114	0001.987
-03.0428	-01.7108	0001.988
-03.0404	-01.7111	0001.989
-03.0370	-01.7111	0001.990
-03.0346	-01.7108	0001.991
-03.0309	-01.7108	0001.992
-03.0281	-01.7108	0001.993
-03.0254	-01.7105	0001.994
-03.0217	-01.7108	0001.995
-03.0190	-01.7108	0001.996
-03.0159	-01.7102	0001.997
-03.0132	-01.7105	0001.998
-03.0104	-01.7108	0001.999
-03.0068	-01.7102	0002.000
-03.0037	-01.7105	0002.001
-03.0013	-01.7105	0002.002
-02.9979	-01.7099	0002.003
-02.9955	-01.7102	0002.004
-02.9921	-01.7102	0002.005
-02.9894	-01.7099	0002.006
-02.9854	-01.7102	0002.007
-02.9830	-01.7099	0002.008
-02.9799	-01.7099	0002.009
-02.9775	-01.7093	0002.010
-02.9738	-01.7096	0002.011
-02.9714	-01.7096	0002.012
-02.9677	-01.7096	0002.013
-02.9653	-01.7093	0002.014
-02.9622	-01.7093	0002.015
-02.9598	-01.7089	0002.016
-02.9558	-01.7093	0002.017
-02.9531	-01.7089	0002.018
-02.9494	-01.7093	0002.019
-02.9470	-01.7086	0002.020
-02.9439	-01.7086	0002.021
-02.9412	-01.7089	0002.022
-02.9381	-01.7086	0002.023
-02.9357	-01.7086	0002.024
-02.9320	-01.7086	0002.025
-02.9287	-01.7083	0002.026
-02.9256	-01.7089	0002.027
-02.9232	-01.7086	0002.028
-02.9198	-01.7086	0002.029
-02.9168	-01.7083	0002.030
-02.9143	-01.7080	0002.031
-02.9113	-01.7083	0002.032
-02.9079	-01.7083	0002.033
-02.9052	-01.7080	0002.034
-02.9024	-01.7077	0002.035
-02.8991	-01.7080	0002.036
-02.8960	-01.7077	0002.037
-02.8930	-01.7077	0002.038
-02.8896	-01.7074	0002.039
-02.8872	-01.7077	0002.040
-02.8835	-01.7077	0002.041
-02.8807	-01.7077	0002.042
-02.8780	-01.7077	0002.043
-02.8746	-01.7071	0002.044
-02.8716	-01.7071	0002.045
-02.8688	-01.7074	0002.046
-02.8661	-01.7074	0002.047
-02.8630	-01.7068	0002.048
-02.8597	-01.7068	0002.049
-02.8569	-01.7068	0002.050
-02.8539	-01.7068	0002.051
-02.8511	-01.7068	0002.052
-02.8475	-01.7065	0002.053
-02.8450	-01.7068	0002.054
-02.8420	-01.7062	0002.055
-02.8389	-01.7062	0002.056
-02.8362	-01.7062	0002.057
-02.8331	-01.7062	0002.058
-02.8295	-01.7065	0002.059
-02.8273	-01.7062	0002.060
-02.8237	-01.7059	0002.061
-02.8203	-01.7062	0002.062
-02.8182	-01.7056	0002.063
-02.8151	-01.7059	0002.064
-02.8118	-01.7056	0002.065
-02.8096	-01.7053	0002.066
-02.8057	-01.7056	0002.067
-02.8035	-01.7059	0002.068
-02.7999	-01.7056	0002.069
-02.7971	-01.7056	0002.070
-02.7941	-01.7056	0002.071
-02.7910	-01.7053	0002.072
-02.7877	-01.7053	0002.073
-02.7849	-01.7050	0002.074
-02.7822	-01.7047	0002.075
-02.7791	-01.7047	0002.076
-02.7755	-01.7053	0002.077
-02.7730	-01.7047	0002.078
-02.7697	-01.7047	0002.079
-02.7669	-01.7050	0002.080
-02.7639	-01.7050	0002.081
-02.7608	-01.7044	0002.082
-02.7578	-01.7044	0002.083
-02.7547	-01.7050	0002.084
-02.7517	-01.7041	0002.085
-02.7486	-01.7044	0002.086
-02.7459	-01.7044	0002.087
-02.7428	-01.7041	0002.088
-02.7394	-01.7041	0002.089
-02.7364	-01.7041	0002.090
-02.7340	-01.7038	0002.091
-02.7309	-01.7038	0002.092
-02.7282	-01.7038	0002.093
-02.7248	-01.7038	0002.094
-02.7221	-01.7038	0002.095
-02.7190	-01.7038	0002.096
-02.7156	-01.7035	0002.097
-02.7129	-01.7031	0002.098
-02.7095	-01.7031	0002.099
-02.7068	-01.7031	0002.100
-02.7034	-01.7035	0002.101
-02.7010	-01.7035	0002.102
-02.6976	-01.7031	0002.103
-02.6946	-01.7028	0002.104
-02.6915	-01.7031	0002.105
-02.6885	-01.7028	0002.106
-02.6857	-01.7025	0002.107
-02.6827	-01.7028	0002.108
-02.6796	-01.7025	0002.109
-02.6769	-01.7025	0002.110
-02.6732	-01.7022	0002.111
-02.6705	-01.7028	0002.112
-02.6674	-01.7022	0002.113
-02.6647	-01.7025	0002.114
-02.6613	-01.7019	0002.115
-02.6586	-01.7019	0002.116
-02.6558	-01.7022	0002.117
-02.6534	-01.7019	0002.118
-02.6494	-01.7019	0002.119
-02.6467	-01.7016	0002.120
-02.6436	-01.7019	0002.121
-02.6409	-01.7016	0002.122
-02.6381	-01.7013	0002.123
-02.6354	-01.7016	0002.124
-02.6320	-01.7013	0002.125
-02.6287	-01.7013	0002.126
-02.6262	-01.7013	0002.127
-02.6229	-01.7010	0002.128
-02.6198	-01.7010	0002.129
-02.6162	-01.7013	0002.130
-02.6131	-01.7007	0002.131
-02.6110	-01.7010	0002.132
-02.6082	-01.7010	0002.133
-02.6046	-01.7004	0002.134
-02.6018	-01.7007	0002.135
-02.5988	-01.7004	0002.136
-02.5960	-01.7004	0002.137
-02.5930	-01.7007	0002.138
-02.5899	-01.7001	0002.139
-02.5869	-01.7001	0002.140
-02.5841	-01.7001	0002.141
-02.5808	-01.7004	0002.142
-02.5771	-01.7001	0002.143
-02.5747	-01.6998	0002.144
-02.5716	-01.7001	0002.145
-02.5686	-01.6995	0002.146
-02.5664	-01.6998	0002.147
-02.5621	-01.6995	0002.148
-02.5594	-01.6995	0002.149
-02.5563	-01.6992	0002.150
-02.5542	-01.6992	0002.151
-02.5509	-01.6992	0002.152
-02.5475	-01.6992	0002.153
-02.5447	-01.6995	0002.154
-02.5417	-01.6989	0002.155
-02.5386	-01.6989	0002.156
-02.5359	-01.6986	0002.157
-02.5325	-01.6992	0002.158
-02.5292	-01.6986	0002.159
-02.5261	-01.6986	0002.160
-02.5231	-01.6986	0002.161
-02.5206	-01.6986	0002.162
-02.5176	-01.6986	0002.163
-02.5148	-01.6983	0002.164
-02.5124	-01.6983	0002.165
-02.5081	-01.6983	0002.166
-02.5051	-01.6977	0002.167
-02.5029	-01.6977	0002.168
-02.4999	-01.6980	0002.169
-02.4962	-01.6974	0002.170
-02.4935	-01.6977	0002.171
-02.4907	-01.6977	0002.172
-02.4871	-01.6977	0002.173
-02.4843	-01.6977	0002.174
-02.4813	-01.6970	0002.175
-02.4785	-01.6974	0002.176
-02.4758	-01.6977	0002.177
-02.4727	-01.6983	0002.178
-02.4697	-01.6967	0002.179
-02.4660	-01.6970	0002.180
-02.4636	-01.6970	0002.181
-02.4605	-01.6964	0002.182
-02.4578	-01.6967	0002.183
-02.4541	-01.6964	0002.184
-02.4514	-01.6964	0002.185
-02.4486	-01.6964	0002.186
-02.4453	-01.6964	0002.187
-02.4425	-01.6964	0002.188
-02.4398	-01.6964	0002.189
-02.4364	-01.6961	0002.190
-02.4331	-01.6964	0002.191
-02.4306	-01.6958	0002.192
-02.4276	-01.6958	0002.193
-02.4248	-01.6958	0002.194
-02.4215	-01.6958	0002.195
-02.4184	-01.6958	0002.196
-02.4154	-01.6958	0002.197
-02.4126	-01.6952	0002.198
-02.4092	-01.6952	0002.199
-02.4065	-01.6949	0002.200
-02.4031	-01.6952	0002.201
-02.4001	-01.6955	0002.202
-02.3977	-01.6946	0002.203
-02.3946	-01.6952	0002.204
-02.3909	-01.6949	0002.205
-02.3885	-01.6949	0002.206
-02.3854	-01.6952	0002.207
-02.3827	-01.6946	0002.208
-02.3793	-01.6946	0002.209
-02.3760	-01.6943	0002.210
-02.3732	-01.6946	0002.211
-02.3699	-01.6946	0002.212
-02.3681	-01.6940	0002.213
-02.3641	-01.6940	0002.214
-02.3613	-01.6937	0002.215
-02.3580	-01.6943	0002.216
-02.3555	-01.6940	0002.217
-02.3528	-01.6940	0002.218
-02.3494	-01.6937	0002.219
-02.3464	-01.6934	0002.220
-02.3430	-01.6934	0002.221
-02.3406	-01.6934	0002.222
-02.3372	-01.6931	0002.223
-02.3345	-01.6934	0002.224
-02.3314	-01.6934	0002.225
-02.3284	-01.6928	0002.226
-02.3256	-01.6931	0002.227
-02.3229	-01.6928	0002.228
-02.3192	-01.6928	0002.229
-02.3165	-01.6928	0002.230
-02.3131	-01.6925	0002.231
-02.3098	-01.6928	0002.232
-02.3076	-01.6925	0002.233
-02.3043	-01.6922	0002.234
-02.3009	-01.6922	0002.235
-02.2982	-01.6916	0002.236
-02.2951	-01.6916	0002.237
-02.2924	-01.6919	0002.238
-02.2893	-01.6922	0002.239
-02.2863	-01.6919	0002.240
-02.2838	-01.6912	0002.241
-02.2802	-01.6919	0002.242
-02.2774	-01.6922	0002.243
-02.2738	-01.6912	0002.244
-02.2710	-01.6909	0002.245
-02.2686	-01.6916	0002.246
-02.2658	-01.6909	0002.247
-02.2622	-01.6909	0002.248
-02.2591	-01.6909	0002.249
-02.2567	-01.6906	0002.250
-02.2533	-01.6909	0002.251
-02.2503	-01.6903	0002.252
-02.2469	-01.6909	0002.253
-02.2445	-01.6906	0002.254
-02.2411	-01.6903	0002.255
-02.2380	-01.6906	0002.256
-02.2353	-01.6903	0002.257
-02.2322	-01.6900	0002.258
-02.2292	-01.6900	0002.259
-02.2261	-01.6900	0002.260
-02.2231	-01.6903	0002.261
-02.2207	-01.6897	0002.262
-02.2167	-01.6897	0002.263
-02.2142	-01.6897	0002.264
-02.2112	-01.6897	0002.265
-02.2084	-01.6894	0002.266
-02.2051	-01.6891	0002.267
-02.2020	-01.6894	0002.268
-02.1996	-01.6894	0002.269
-02.1962	-01.6891	0002.270
-02.1932	-01.6888	0002.271
-02.1901	-01.6885	0002.272
-02.1877	-01.6885	0002.273
-02.1840	-01.6885	0002.274
-02.1810	-01.6879	0002.275
-02.1785	-01.6882	0002.276
-02.1752	-01.6885	0002.277
-02.1721	-01.6882	0002.278
-02.1694	-01.6879	0002.279
-02.1660	-01.6879	0002.280
-02.1627	-01.6882	0002.281
-02.1602	-01.6876	0002.282
-02.1578	-01.6879	0002.283
-02.1544	-01.6873	0002.284
-02.1511	-01.6876	0002.285
-02.1489	-01.6873	0002.286
-02.1453	-01.6873	0002.287
-02.1422	-01.6873	0002.288
-02.1389	-01.6870	0002.289
-02.1361	-01.6867	0002.290
-02.1331	-01.6867	0002.291
-02.1297	-01.6870	0002.292
-02.1273	-01.6867	0002.293
-02.1242	-01.6867	0002.294
-02.1212	-01.6864	0002.295
-02.1181	-01.6867	0002.296
-02.1154	-01.6861	0002.297
-02.1117	-01.6864	0002.298
-02.1090	-01.6861	0002.299
-02.1059	-01.6861	0002.300
-02.1032	-01.6858	0002.301
-02.0995	-01.6858	0002.302
-02.0967	-01.6858	0002.303
-02.0937	-01.6861	0002.304
-02.0910	-01.6851	0002.305
-02.0882	-01.6854	0002.306
-02.0855	-01.6851	0002.307
-02.0818	-01.6854	0002.308
-02.0790	-01.6854	0002.309
-02.0760	-01.6848	0002.310
-02.0726	-01.6851	0002.311
-02.0702	-01.6848	0002.312
-02.0665	-01.6848	0002.313
-02.0641	-01.6845	0002.314
-02.0607	-01.6848	0002.315
-02.0577	-01.6839	0002.316
-02.0552	-01.6839	0002.317
-02.0519	-01.6842	0002.318
-02.0485	-01.6839	0002.319
-02.0461	-01.6842	0002.320
-02.0424	-01.6839	0002.321
-02.0400	-01.6842	0002.322
-02.0366	-01.6842	0002.323
-02.0339	-01.6836	0002.324
-02.0311	-01.6836	0002.325
-02.0278	-01.6833	0002.326
-02.0250	-01.6833	0002.327
-02.0220	-01.6833	0002.328
-02.0192	-01.6830	0002.329
-02.0165	-01.6827	0002.330
-02.0131	-01.6833	0002.331
-02.0098	-01.6830	0002.332
-02.0070	-01.6827	0002.333
-02.0046	-01.6827	0002.334
-02.0009	-01.6821	0002.335
-01.9976	-01.6824	0002.336
-01.9951	-01.6824	0002.337
-01.9918	-01.6818	0002.338
-01.9890	-01.6818	0002.339
-01.9860	-01.6818	0002.340
-01.9829	-01.6821	0002.341
-01.9802	-01.6818	0002.342
-01.9765	-01.6815	0002.343
-01.9747	-01.6815	0002.344
-01.9707	-01.6812	0002.345
-01.9686	-01.6812	0002.346
-01.9649	-01.6809	0002.347
-01.9622	-01.6809	0002.348
-01.9588	-01.6809	0002.349
-01.9555	-01.6809	0002.350
-01.9524	-01.6806	0002.351
-01.9497	-01.6806	0002.352
-01.9469	-01.6800	0002.353
-01.9442	-01.6800	0002.354
-01.9402	-01.6803	0002.355
-01.9381	-01.6803	0002.356
-01.9347	-01.6800	0002.357
-01.9320	-01.6800	0002.358
-01.9289	-01.6800	0002.359
-01.9262	-01.6797	0002.360
-01.9228	-01.6803	0002.361
-01.9204	-01.6797	0002.362
-01.9167	-01.6797	0002.363
-01.9143	-01.6793	0002.364
-01.9109	-01.6790	0002.365
-01.9078	-01.6790	0002.366
-01.9051	-01.6790	0002.367
-01.9014	-01.6787	0002.368
-01.8984	-01.6790	0002.369
-01.8959	-01.6784	0002.370
-01.8929	-01.6784	0002.371
-01.8898	-01.6784	0002.372
-01.8865	-01.6781	0002.373
-01.8837	-01.6778	0002.374
-01.8801	-01.6784	0002.375
-01.8776	-01.6778	0002.376
-01.8746	-01.6778	0002.377
-01.8718	-01.6781	0002.378
-01.8688	-01.6775	0002.379
-01.8660	-01.6775	0002.380
-01.8630	-01.6775	0002.381
-01.8593	-01.6772	0002.382
-01.8569	-01.6772	0002.383
-01.8541	-01.6772	0002.384
-01.8508	-01.6772	0002.385
-01.8471	-01.6766	0002.386
-01.8447	-01.6769	0002.387
-01.8419	-01.6769	0002.388
-01.8386	-01.6760	0002.389
-01.8355	-01.6763	0002.390
-01.8328	-01.6763	0002.391
-01.8297	-01.6760	0002.392
-01.8270	-01.6763	0002.393
-01.8236	-01.6757	0002.394
-01.8200	-01.6760	0002.395
-01.8175	-01.6757	0002.396
-01.8148	-01.6757	0002.397
-01.8117	-01.6754	0002.398
-01.8087	-01.6754	0002.399
-01.8056	-01.6751	0002.400
-01.8023	-01.6751	0002.401
-01.7998	-01.6748	0002.402
-01.7965	-01.6751	0002.403
-01.7937	-01.6745	0002.404
-01.7907	-01.6745	0002.405
-01.7876	-01.6745	0002.406
-01.7842	-01.6745	0002.407
-01.7818	-01.6739	0002.408
-01.7788	-01.6742	0002.409
-01.7754	-01.6739	0002.410
-01.7727	-01.6739	0002.411
-01.7696	-01.6739	0002.412
-01.7665	-01.6735	0002.413
-01.7635	-01.6732	0002.414
-01.7604	-01.6729	0002.415
-01.7571	-01.6732	0002.416
-01.7546	-01.6732	0002.417
-01.7519	-01.6729	0002.418
-01.7488	-01.6729	0002.419
-01.7455	-01.6726	0002.420
-01.7424	-01.6726	0002.421
-01.7391	-01.6723	0002.422
-01.7369	-01.6723	0002.423
-01.7339	-01.6720	0002.424
-01.7305	-01.6720	0002.425
-01.7275	-01.6720	0002.426
-01.7244	-01.6720	0002.427
-01.7214	-01.6717	0002.428
-01.7186	-01.6714	0002.429
-01.7156	-01.6714	0002.430
-01.7122	-01.6714	0002.431
-01.7098	-01.6714	0002.432
-01.7064	-01.6711	0002.433
-01.7025	-01.6711	0002.434
-01.7009	-01.6708	0002.435
-01.6973	-01.6705	0002.436
-01.6945	-01.6705	0002.437
-01.6921	-01.6705	0002.438
-01.6881	-01.6702	0002.439
-01.6860	-01.6699	0002.440
-01.6826	-01.6699	0002.441
-01.6793	-01.6699	0002.442
-01.6765	-01.6699	0002.443
-01.6732	-01.6699	0002.444
-01.6704	-01.6693	0002.445
-01.6674	-01.6693	0002.446
-01.6646	-01.6696	0002.447
-01.6616	-01.6690	0002.448
-01.6585	-01.6690	0002.449
-01.6558	-01.6687	0002.450
-01.6521	-01.6687	0002.451
-01.6494	-01.6687	0002.452
-01.6469	-01.6684	0002.453
-01.6439	-01.6687	0002.454
-01.6399	-01.6681	0002.455
-01.6372	-01.6681	0002.456
-01.6344	-01.6677	0002.457
-01.6311	-01.6674	0002.458
-01.6286	-01.6681	0002.459
-01.6256	-01.6677	0002.460
-01.6225	-01.6677	0002.461
-01.6188	-01.6671	0002.462
-01.6164	-01.6668	0002.463
-01.6140	-01.6671	0002.464
-01.6103	-01.6668	0002.465
-01.6072	-01.6665	0002.466
-01.6042	-01.6662	0002.467
-01.6014	-01.6662	0002.468
-01.5984	-01.6662	0002.469
-01.5953	-01.6656	0002.470
-01.5926	-01.6659	0002.471
-01.5895	-01.6656	0002.472
-01.5862	-01.6659	0002.473
-01.5834	-01.6653	0002.474
-01.5804	-01.6650	0002.475
-01.5776	-01.6653	0002.476
-01.5737	-01.6650	0002.477
-01.5715	-01.6647	0002.478
-01.5685	-01.6647	0002.479
-01.5651	-01.6650	0002.480
-01.5618	-01.6641	0002.481
-01.5596	-01.6641	0002.482
-01.5569	-01.6644	0002.483
-01.5535	-01.6641	0002.484
-01.5502	-01.6638	0002.485
-01.5465	-01.6641	0002.486
-01.5444	-01.6635	0002.487
-01.5416	-01.6632	0002.488
-01.5380	-01.6638	0002.489
-01.5352	-01.6635	0002.490
-01.5322	-01.6632	0002.491
-01.5291	-01.6623	0002.492
-01.5261	-01.6626	0002.493
-01.5236	-01.6626	0002.494
-01.5206	-01.6629	0002.495
-01.5172	-01.6623	0002.496
-01.5139	-01.6616	0002.497
-01.5111	-01.6620	0002.498
-01.5078	-01.6623	0002.499
-01.5050	-01.6613	0002.500
-01.5020	-01.6616	0002.501
-01.4992	-01.6610	0002.502
-01.4959	-01.6610	0002.503
-01.4928	-01.6610	0002.504
-01.4901	-01.6607	0002.505
-01.4876	-01.6604	0002.506
-01.4840	-01.6610	0002.507
-01.4809	-01.6604	0002.508
-01.4782	-01.6604	0002.509
-01.4748	-01.6598	0002.510
-01.4717	-01.6595	0002.511
-01.4696	-01.6595	0002.512
-01.4663	-01.6601	0002.513
-01.4632	-01.6598	0002.514
-01.4602	-01.6592	0002.515
-01.4571	-01.6592	0002.516
-01.4544	-01.6589	0002.517
-01.4513	-01.6589	0002.518
-01.4483	-01.6586	0002.519
-01.4452	-01.6586	0002.520
-01.4418	-01.6583	0002.521
-01.4391	-01.6586	0002.522
-01.4363	-01.6580	0002.523
-01.4330	-01.6580	0002.524
-01.4296	-01.6577	0002.525
-01.4275	-01.6571	0002.526
-01.4238	-01.6574	0002.527
-01.4205	-01.6574	0002.528
-01.4183	-01.6568	0002.529
-01.4150	-01.6568	0002.530
-01.4119	-01.6565	0002.531
-01.4089	-01.6562	0002.532
-01.4061	-01.6565	0002.533
-01.4025	-01.6562	0002.534
-01.4006	-01.6558	0002.535
-01.3967	-01.6558	0002.536
-01.3942	-01.6558	0002.537
-01.3906	-01.6555	0002.538
-01.3878	-01.6549	0002.539
-01.3848	-01.6549	0002.540
-01.3820	-01.6546	0002.541
-01.3790	-01.6549	0002.542
-01.3762	-01.6549	0002.543
-01.3729	-01.6549	0002.544
-01.3698	-01.6540	0002.545
-01.3668	-01.6543	0002.546
-01.3643	-01.6537	0002.547
-01.3610	-01.6537	0002.548
-01.3579	-01.6531	0002.549
-01.3549	-01.6531	0002.550
-01.3515	-01.6531	0002.551
-01.3488	-01.6531	0002.552
-01.3460	-01.6531	0002.553
-01.3430	-01.6525	0002.554
-01.3402	-01.6525	0002.555
-01.3369	-01.6522	0002.556
-01.3338	-01.6519	0002.557
-01.3308	-01.6519	0002.558
-01.3280	-01.6516	0002.559
-01.3250	-01.6513	0002.560
-01.3219	-01.6513	0002.561
-01.3186	-01.6510	0002.562
-01.3158	-01.6507	0002.563
-01.3131	-01.6507	0002.564
-01.3100	-01.6510	0002.565
-01.3070	-01.6504	0002.566
-01.3039	-01.6504	0002.567
-01.3012	-01.6500	0002.568
-01.2978	-01.6500	0002.569
-01.2954	-01.6494	0002.570
-01.2917	-01.6494	0002.571
-01.2889	-01.6491	0002.572
-01.2859	-01.6488	0002.573
-01.2828	-01.6491	0002.574
-01.2798	-01.6485	0002.575
-01.2770	-01.6488	0002.576
-01.2740	-01.6485	0002.577
-01.2709	-01.6479	0002.578
-01.2679	-01.6479	0002.579
-01.2648	-01.6479	0002.580
-01.2621	-01.6479	0002.581
-01.2587	-01.6476	0002.582
-01.2560	-01.6473	0002.583
-01.2523	-01.6470	0002.584
-01.2496	-01.6467	0002.585
-01.2471	-01.6464	0002.586
-01.2435	-01.6464	0002.587
-01.2404	-01.6464	0002.588
-01.2383	-01.6461	0002.589
-01.2346	-01.6458	0002.590
-01.2319	-01.6458	0002.591
-01.2288	-01.6455	0002.592
-01.2255	-01.6449	0002.593
-01.2230	-01.6452	0002.594
-01.2197	-01.6449	0002.595
-01.2169	-01.6446	0002.596
-01.2136	-01.6443	0002.597
-01.2108	-01.6439	0002.598
-01.2078	-01.6439	0002.599
-01.2050	-01.6436	0002.600
-01.2017	-01.6430	0002.601
-01.1986	-01.6433	0002.602
-01.1956	-01.6427	0002.603
-01.1928	-01.6427	0002.604
-01.1898	-01.6424	0002.605
-01.1867	-01.6421	0002.606
-01.1840	-01.6424	0002.607
-01.1806	-01.6421	0002.608
-01.1779	-01.6415	0002.609
-01.1742	-01.6415	0002.610
-01.1715	-01.6415	0002.611
-01.1684	-01.6409	0002.612
-01.1660	-01.6406	0002.613
-01.1623	-01.6406	0002.614
-01.1596	-01.6406	0002.615
-01.1565	-01.6403	0002.616
-01.1535	-01.6397	0002.617
-01.1507	-01.6397	0002.618
-01.1477	-01.6391	0002.619
-01.1446	-01.6391	0002.620
-01.1419	-01.6388	0002.621
-01.1382	-01.6385	0002.622
-01.1358	-01.6388	0002.623
-01.1321	-01.6385	0002.624
-01.1300	-01.6378	0002.625
-01.1263	-01.6375	0002.626
-01.1232	-01.6378	0002.627
-01.1205	-01.6369	0002.628
-01.1177	-01.6372	0002.629
-01.1147	-01.6366	0002.630
-01.1116	-01.6366	0002.631
-01.1086	-01.6363	0002.632
-01.1055	-01.6360	0002.633
-01.1025	-01.6357	0002.634
-01.0997	-01.6348	0002.635
-01.0967	-01.6354	0002.636
-01.0936	-01.6345	0002.637
-01.0903	-01.6351	0002.638
-01.0875	-01.6342	0002.639
-01.0845	-01.6339	0002.640
-01.0823	-01.6345	0002.641
-01.0781	-01.6336	0002.642
-01.0759	-01.6336	0002.643
-01.0726	-01.6327	0002.644
-01.0698	-01.6330	0002.645
-01.0665	-01.6327	0002.646
-01.0640	-01.6330	0002.647
-01.0610	-01.6323	0002.648
-01.0579	-01.6320	0002.649
-01.0546	-01.6314	0002.650
-01.0518	-01.6317	0002.651
-01.0485	-01.6311	0002.652
-01.0457	-01.6311	0002.653
-01.0424	-01.6305	0002.654
-01.0396	-01.6302	0002.655
-01.0363	-01.6302	0002.656
-01.0332	-01.6296	0002.657
-01.0305	-01.6302	0002.658
-01.0274	-01.6293	0002.659
-01.0247	-01.6287	0002.660
-01.0213	-01.6287	0002.661
-01.0180	-01.6284	0002.662
-01.0155	-01.6287	0002.663
-01.0125	-01.6275	0002.664
-01.0094	-01.6275	0002.665
-01.0067	-01.6269	0002.666
-01.0033	-01.6275	0002.667
-00.9999	-01.6266	0002.668
-00.9975	-01.6269	0002.669
-00.9945	-01.6262	0002.670
-00.9917	-01.6259	0002.671
-00.9884	-01.6262	0002.672
-00.9859	-01.6250	0002.673
-00.9826	-01.6250	0002.674
-00.9792	-01.6244	0002.675
-00.9764	-01.6244	0002.676
-00.9734	-01.6241	0002.677
-00.9700	-01.6238	0002.678
-00.9676	-01.6235	0002.679
-00.9645	-01.6232	0002.680
-00.9612	-01.6229	0002.681
-00.9581	-01.6226	0002.682
-00.9554	-01.6223	0002.683
-00.9523	-01.6223	0002.684
-00.9499	-01.6220	0002.685
-00.9462	-01.6211	0002.686
-00.9432	-01.6208	0002.687
-00.9401	-01.6204	0002.688
-00.9371	-01.6204	0002.689
-00.9343	-01.6201	0002.690
-00.9310	-01.6195	0002.691
-00.9288	-01.6192	0002.692
-00.9252	-01.6192	0002.693
-00.9227	-01.6186	0002.694
-00.9194	-01.6186	0002.695
-00.9163	-01.6183	0002.696
-00.9136	-01.6177	0002.697
-00.9105	-01.6174	0002.698
-00.9072	-01.6171	0002.699
-00.9047	-01.6165	0002.700
-00.9014	-01.6162	0002.701
-00.8983	-01.6165	0002.702
-00.8950	-01.6159	0002.703
-00.8922	-01.6156	0002.704
-00.8889	-01.6153	0002.705
-00.8867	-01.6143	0002.706
-00.8831	-01.6150	0002.707
-00.8803	-01.6140	0002.708
-00.8776	-01.6137	0002.709
-00.8742	-01.6134	0002.710
-00.8712	-01.6131	0002.711
-00.8684	-01.6131	0002.712
-00.8651	-01.6125	0002.713
-00.8626	-01.6122	0002.714
-00.8593	-01.6113	0002.715
-00.8559	-01.6116	0002.716
-00.8532	-01.6110	0002.717
-00.8504	-01.6107	0002.718
-00.8474	-01.6104	0002.719
-00.8443	-01.6101	0002.720
-00.8416	-01.6098	0002.721
-00.8385	-01.6092	0002.722
-00.8352	-01.6092	0002.723
-00.8324	-01.6085	0002.724
-00.8294	-01.6082	0002.725
-00.8260	-01.6082	0002.726
-00.8229	-01.6073	0002.727
-00.8202	-01.6073	0002.728
-00.8168	-01.6064	0002.729
-00.8147	-01.6061	0002.730
-00.8117	-01.6058	0002.731
-00.8080	-01.6055	0002.732
-00.8056	-01.6049	0002.733
-00.8019	-01.6049	0002.734
-00.7991	-01.6043	0002.735
-00.7961	-01.6037	0002.736
-00.7933	-01.6031	0002.737
-00.7900	-01.6034	0002.738
-00.7875	-01.6031	0002.739
-00.7839	-01.6024	0002.740
-00.7808	-01.6021	0002.741
-00.7781	-01.6012	0002.742
-00.7750	-01.6012	0002.743
-00.7720	-01.6012	0002.744
-00.7692	-01.6000	0002.745
-00.7668	-01.6000	0002.746
-00.7631	-01.5994	0002.747
-00.7604	-01.5994	0002.748
-00.7573	-01.5991	0002.749
-00.7543	-01.5982	0002.750
-00.7506	-01.5982	0002.751
-00.7482	-01.5976	0002.752
-00.7451	-01.5973	0002.753
-00.7421	-01.5963	0002.754
-00.7393	-01.5963	0002.755
-00.7366	-01.5957	0002.756
-00.7332	-01.5960	0002.757
-00.7305	-01.5951	0002.758
-00.7268	-01.5948	0002.759
-00.7238	-01.5942	0002.760
-00.7213	-01.5933	0002.761
-00.7180	-01.5933	0002.762
-00.7152	-01.5927	0002.763
-00.7119	-01.5927	0002.764
-00.7094	-01.5918	0002.765
-00.7061	-01.5915	0002.766
-00.7033	-01.5915	0002.767
-00.7003	-01.5905	0002.768
-00.6966	-01.5905	0002.769
-00.6942	-01.5902	0002.770
-00.6911	-01.5890	0002.771
-00.6881	-01.5887	0002.772
-00.6853	-01.5884	0002.773
-00.6820	-01.5881	0002.774
-00.6789	-01.5875	0002.775
-00.6759	-01.5872	0002.776
-00.6731	-01.5872	0002.777
-00.6697	-01.5863	0002.778
-00.6676	-01.5857	0002.779
-00.6639	-01.5857	0002.780
-00.6609	-01.5847	0002.781
-00.6578	-01.5844	0002.782
-00.6551	-01.5841	0002.783
-00.6520	-01.5829	0002.784
-00.6493	-01.5829	0002.785
-00.6459	-01.5829	0002.786
-00.6432	-01.5823	0002.787
-00.6395	-01.5817	0002.788
-00.6371	-01.5811	0002.789
-00.6343	-01.5808	0002.790
-00.6310	-01.5799	0002.791
-00.6279	-01.5796	0002.792
-00.6252	-01.5789	0002.793
-00.6215	-01.5786	0002.794
-00.6191	-01.5780	0002.795
-00.6157	-01.5774	0002.796
-00.6130	-01.5771	0002.797
-00.6102	-01.5765	0002.798
-00.6069	-01.5759	0002.799
-00.6038	-01.5753	0002.800
-00.6008	-01.5750	0002.801
-00.5980	-01.5744	0002.802
-00.5950	-01.5744	0002.803
-00.5919	-01.5738	0002.804
-00.5889	-01.5728	0002.805
-00.5861	-01.5728	0002.806
-00.5831	-01.5719	0002.807
-00.5800	-01.5710	0002.808
-00.5770	-01.5707	0002.809
-00.5736	-01.5701	0002.810
-00.5706	-01.5698	0002.811
-00.5675	-01.5695	0002.812
-00.5651	-01.5689	0002.813
-00.5617	-01.5683	0002.814
-00.5587	-01.5670	0002.815
-00.5556	-01.5670	0002.816
-00.5523	-01.5664	0002.817
-00.5501	-01.5661	0002.818
-00.5468	-01.5655	0002.819
-00.5440	-01.5652	0002.820
-00.5413	-01.5643	0002.821
-00.5379	-01.5646	0002.822
-00.5346	-01.5634	0002.823
-00.5315	-01.5628	0002.824
-00.5291	-01.5625	0002.825
-00.5260	-01.5619	0002.826
-00.5233	-01.5612	0002.827
-00.5199	-01.5609	0002.828
-00.5169	-01.5597	0002.829
-00.5141	-01.5591	0002.830
-00.5111	-01.5588	0002.831
-00.5080	-01.5582	0002.832
-00.5053	-01.5573	0002.833
-00.5016	-01.5573	0002.834
-00.4985	-01.5564	0002.835
-00.4958	-01.5557	0002.836
-00.4927	-01.5554	0002.837
-00.4897	-01.5545	0002.838
-00.4869	-01.5542	0002.839
-00.4839	-01.5533	0002.840
-00.4808	-01.5527	0002.841
-00.4781	-01.5521	0002.842
-00.4747	-01.5515	0002.843
-00.4717	-01.5509	0002.844
-00.4683	-01.5506	0002.845
-00.4656	-01.5500	0002.846
-00.4628	-01.5484	0002.847
-00.4598	-01.5487	0002.848
-00.4567	-01.5478	0002.849
-00.4540	-01.5472	0002.850
-00.4506	-01.5466	0002.851
-00.4476	-01.5463	0002.852
-00.4445	-01.5454	0002.853
-00.4421	-01.5451	0002.854
-00.4387	-01.5435	0002.855
-00.4357	-01.5435	0002.856
-00.4326	-01.5429	0002.857
-00.4296	-01.5426	0002.858
-00.4268	-01.5414	0002.859
-00.4238	-01.5408	0002.860
-00.4207	-01.5402	0002.861
-00.4177	-01.5396	0002.862
-00.4149	-01.5387	0002.863
-00.4119	-01.5384	0002.864
-00.4088	-01.5374	0002.865
-00.4061	-01.5371	0002.866
-00.4024	-01.5362	0002.867
-00.3997	-01.5353	0002.868
-00.3963	-01.5347	0002.869
-00.3939	-01.5341	0002.870
-00.3908	-01.5338	0002.871
-00.3875	-01.5326	0002.872
-00.3847	-01.5323	0002.873
-00.3817	-01.5310	0002.874
-00.3792	-01.5307	0002.875
-00.3756	-01.5295	0002.876
-00.3731	-01.5295	0002.877
-00.3698	-01.5286	0002.878
-00.3664	-01.5277	0002.879
-00.3637	-01.5271	0002.880
-00.3603	-01.5265	0002.881
-00.3579	-01.5258	0002.882
-00.3548	-01.5249	0002.883
-00.3518	-01.5243	0002.884
-00.3484	-01.5234	0002.885
-00.3460	-01.5228	0002.886
-00.3429	-01.5222	0002.887
-00.3395	-01.5216	0002.888
-00.3368	-01.5207	0002.889
-00.3337	-01.5197	0002.890
-00.3304	-01.5191	0002.891
-00.3276	-01.5179	0002.892
-00.3243	-01.5179	0002.893
-00.3218	-01.5170	0002.894
-00.3191	-01.5161	0002.895
-00.3157	-01.5158	0002.896
-00.3124	-01.5142	0002.897
-00.3093	-01.5139	0002.898
-00.3066	-01.5130	0002.899
-00.3035	-01.5124	0002.900
-00.3005	-01.5121	0002.901
-00.2974	-01.5109	0002.902
-00.2944	-01.5100	0002.903
-00.2919	-01.5094	0002.904
-00.2886	-01.5084	0002.905
-00.2852	-01.5078	0002.906
-00.2825	-01.5066	0002.907
-00.2794	-01.5060	0002.908
-00.2767	-01.5051	0002.909
-00.2736	-01.5048	0002.910
-00.2703	-01.5036	0002.911
-00.2675	-01.5030	0002.912
-00.2645	-01.5014	0002.913
-00.2614	-01.5008	0002.914
-00.2587	-01.5008	0002.915
-00.2556	-01.4996	0002.916
-00.2523	-01.4990	0002.917
-00.2492	-01.4981	0002.918
-00.2468	-01.4972	0002.919
-00.2434	-01.4959	0002.920
-00.2407	-01.4953	0002.921
-00.2379	-01.4947	0002.922
-00.2346	-01.4938	0002.923
-00.2315	-01.4932	0002.924
-00.2285	-01.4920	0002.925
-00.2254	-01.4911	0002.926
-00.2224	-01.4901	0002.927
-00.2199	-01.4892	0002.928
-00.2163	-01.4886	0002.929
-00.2135	-01.4874	0002.930
-00.2105	-01.4865	0002.931
-00.2074	-01.4856	0002.932
-00.2047	-01.4846	0002.933
-00.2016	-01.4840	0002.934
-00.1979	-01.4831	0002.935
-00.1955	-01.4822	0002.936
-00.1925	-01.4813	0002.937
-00.1894	-01.4807	0002.938
-00.1860	-01.4792	0002.939
-00.1833	-01.4782	0002.940
-00.1806	-01.4776	0002.941
-00.1769	-01.4761	0002.942
-00.1748	-01.4758	0002.943
-00.1714	-01.4746	0002.944
-00.1680	-01.4743	0002.945
-00.1659	-01.4727	0002.946
-00.1622	-01.4721	0002.947
-00.1592	-01.4715	0002.948
-00.1571	-01.4700	0002.949
-00.1534	-01.4691	0002.950
-00.1506	-01.4685	0002.951
-00.1473	-01.4672	0002.952
-00.1442	-01.4663	0002.953
-00.1412	-01.4651	0002.954
-00.1384	-01.4639	0002.955
-00.1351	-01.4633	0002.956
-00.1323	-01.4624	0002.957
-00.1296	-01.4618	0002.958
-00.1259	-01.4605	0002.959
-00.1241	-01.4596	0002.960
-00.1204	-01.4581	0002.961
-00.1174	-01.4575	0002.962
-00.1146	-01.4566	0002.963
-00.1110	-01.4553	0002.964
-00.1082	-01.4541	0002.965
-00.1058	-01.4535	0002.966
-00.1024	-01.4520	0002.967
-00.0994	-01.4514	0002.968
-00.0963	-01.4505	0002.969
-00.0933	-01.4492	0002.970
-00.0905	-01.4483	0002.971
-00.0875	-01.4471	0002.972
-00.0841	-01.4459	0002.973
-00.0811	-01.4450	0002.974
-00.0783	-01.4444	0002.975
-00.0753	-01.4428	0002.976
-00.0719	-01.4416	0002.977
-00.0695	-01.4410	0002.978
-00.0661	-01.4398	0002.979
-00.0634	-01.4389	0002.980
-00.0603	-01.4376	0002.981
-00.0570	-01.4367	0002.982
-00.0536	-01.4352	0002.983
-00.0515	-01.4346	0002.984
-00.0487	-01.4331	0002.985
-00.0454	-01.4325	0002.986
-00.0426	-01.4309	0002.987
-00.0393	-01.4300	0002.988
-00.0359	-01.4282	0002.989
-00.0332	-01.4276	0002.990
-00.0304	-01.4267	0002.991
-00.0270	-01.4254	0002.992
-00.0243	-01.4242	0002.993
-00.0212	-01.4227	0002.994
-00.0179	-01.4215	0002.995
-00.0151	-01.4206	0002.996
-00.0124	-01.4193	0002.997
-00.0090	-01.4181	0002.998
-00.0060	-01.4169	0002.999
