R,Ohm	C,pF	Temp,C
0000000000	0000100000	+025.00
Ch1,V	Ch2,V	Time,s
-00.0002	-00.0003	0000.000
-00.0002	-00.0009	0000.001
-00.0307	-00.0003	0000.002
-00.0606	-00.0009	0000.003
-00.0896	-00.0009	0000.004
-00.1204	-00.0009	0000.005
-00.1506	-00.0012	0000.006
-00.1802	-00.0012	0000.007
-00.2102	-00.0015	0000.008
-00.2404	-00.0015	0000.009
-00.2703	-00.0021	0000.010
-00.3005	-00.0018	0000.011
-00.3304	-00.0024	0000.012
-00.3603	-00.0024	0000.013
-00.3905	-00.0027	0000.014
-00.4204	-00.0027	0000.015
-00.4506	-00.0033	0000.016
-00.4805	-00.0030	0000.017
-00.5114	-00.0036	0000.018
-00.5410	-00.0042	0000.019
-00.5709	-00.0042	0000.020
-00.6014	-00.0042	0000.021
-00.6310	-00.0045	0000.022
-00.6606	-00.0048	0000.023
-00.6908	-00.0055	0000.024
-00.7210	-00.0055	0000.025
-00.7512	-00.0058	0000.026
-00.7808	-00.0055	0000.027
-00.8113	-00.0064	0000.028
-00.8410	-00.0064	0000.029
-00.8709	-00.0067	0000.030
-00.9014	-00.0070	0000.031
-00.9316	-00.0073	0000.032
-00.9612	-00.0073	0000.033
-00.9914	-00.0076	0000.034
-01.0213	-00.0079	0000.035
-01.0512	-00.0076	0000.036
-01.0814	-00.0085	0000.037
-01.1116	-00.0088	0000.038
-01.1412	-00.0085	0000.039
-01.1715	-00.0091	0000.040
-01.2017	-00.0091	0000.041
-01.2316	-00.0094	0000.042
-01.2612	-00.0094	0000.043
-01.2917	-00.0097	0000.044
-01.3222	-00.0100	0000.045
-01.3518	-00.0106	0000.046
-01.3814	-00.0106	0000.047
-01.4116	-00.0109	0000.048
-01.4421	-00.0113	0000.049
-01.4717	-00.0116	0000.050
-01.5020	-00.0119	0000.051
-01.5322	-00.0122	0000.052
-01.5624	-00.0125	0000.053
-01.5923	-00.0131	0000.054
-01.6225	-00.0131	0000.055
-01.6524	-00.0134	0000.056
-01.6823	-00.0134	0000.057
-01.7128	-00.0140	0000.058
-01.7424	-00.0140	0000.059
-01.7723	-00.0140	0000.060
-01.8023	-00.0146	0000.061
-01.8325	-00.0149	0000.062
-01.8624	-00.0152	0000.063
-01.8929	-00.0152	0000.064
-01.9228	-00.0158	0000.065
-01.9530	-00.0161	0000.066
-01.9829	-00.0161	0000.067
-02.0131	-00.0164	0000.068
-02.0427	-00.0167	0000.069
-02.0726	-00.0171	0000.070
-02.1032	-00.0177	0000.071
-02.1334	-00.0180	0000.072
-02.1624	-00.0180	0000.073
-02.1938	-00.0183	0000.074
-02.2234	-00.0186	0000.075
-02.2533	-00.0192	0000.076
-02.2829	-00.0195	0000.077
-02.3140	-00.0198	0000.078
-02.3436	-00.0195	0000.079
-02.3732	-00.0204	0000.080
-02.4035	-00.0201	0000.081
-02.4340	-00.0210	0000.082
-02.4636	-00.0210	0000.083
-02.4935	-00.0213	0000.084
-02.5237	-00.0216	0000.085
-02.5539	-00.0222	0000.086
-02.5838	-00.0219	0000.087
-02.6140	-00.0225	0000.088
-02.6439	-00.0229	0000.089
-02.6735	-00.0235	0000.090
-02.7037	-00.0232	0000.091
-02.7340	-00.0238	0000.092
-02.7629	-00.0241	0000.093
-02.7938	-00.0247	0000.094
-02.8243	-00.0247	0000.095
-02.8539	-00.0253	0000.096
-02.8835	-00.0253	0000.097
-02.9140	-00.0256	0000.098
-02.9442	-00.0259	0000.099
-02.9741	-00.0262	0000.100
-03.0050	-00.0268	0000.101
-02.9738	-00.0271	0000.102
-02.9451	-00.0265	0000.103
-02.9143	-00.0268	0000.104
-02.8844	-00.0265	0000.105
-02.8542	-00.0265	0000.106
-02.8246	-00.0265	0000.107
-02.7941	-00.0265	0000.108
-02.7639	-00.0265	0000.109
-02.7337	-00.0262	0000.110
-02.7040	-00.0265	0000.111
-02.6738	-00.0262	0000.112
-02.6442	-00.0256	0000.113
-02.6140	-00.0262	0000.114
-02.5838	-00.0259	0000.115
-02.5542	-00.0256	0000.116
-02.5237	-00.0256	0000.117
-02.4938	-00.0259	0000.118
-02.4642	-00.0259	0000.119
-02.4337	-00.0253	0000.120
-02.4038	-00.0253	0000.121
-02.3738	-00.0250	0000.122
-02.3433	-00.0250	0000.123
-02.3140	-00.0247	0000.124
-02.2832	-00.0247	0000.125
-02.2533	-00.0247	0000.126
-02.2237	-00.0244	0000.127
-02.1932	-00.0244	0000.128
-02.1633	-00.0244	0000.129
-02.1331	-00.0244	0000.130
-02.1032	-00.0241	0000.131
-02.0729	-00.0238	0000.132
-02.0433	-00.0238	0000.133
-02.0137	-00.0238	0000.134
-01.9832	-00.0238	0000.135
-01.9527	-00.0232	0000.136
-01.9231	-00.0232	0000.137
-01.8932	-00.0232	0000.138
-01.8627	-00.0229	0000.139
-01.8328	-00.0229	0000.140
-01.8023	-00.0222	0000.141
-01.7727	-00.0222	0000.142
-01.7434	-00.0222	0000.143
-01.7128	-00.0222	0000.144
-01.6829	-00.0219	0000.145
-01.6527	-00.0216	0000.146
-01.6228	-00.0216	0000.147
-01.5929	-00.0216	0000.148
-01.5624	-00.0210	0000.149
-01.5322	-00.0210	0000.150
-01.5023	-00.0207	0000.151
-01.4721	-00.0207	0000.152
-01.4425	-00.0207	0000.153
-01.4125	-00.0207	0000.154
-01.3823	-00.0201	0000.155
-01.3524	-00.0201	0000.156
-01.3222	-00.0198	0000.157
-01.2920	-00.0192	0000.158
-01.2618	-00.0192	0000.159
-01.2322	-00.0189	0000.160
-01.2014	-00.0192	0000.161
-01.1718	-00.0186	0000.162
-01.1415	-00.0180	0000.163
-01.1123	-00.0183	0000.164
-01.0817	-00.0183	0000.165
-01.0518	-00.0180	0000.166
-01.0216	-00.0177	0000.167
-00.9914	-00.0174	0000.168
-00.9612	-00.0174	0000.169
-00.9313	-00.0174	0000.170
-00.9014	-00.0164	0000.171
-00.8718	-00.0164	0000.172
-00.8413	-00.0161	0000.173
-00.8117	-00.0158	0000.174
-00.7814	-00.0158	0000.175
-00.7515	-00.0158	0000.176
-00.7216	-00.0155	0000.177
-00.6908	-00.0149	0000.178
-00.6612	-00.0146	0000.179
-00.6313	-00.0143	0000.180
-00.6011	-00.0143	0000.181
-00.5709	-00.0134	0000.182
-00.5410	-00.0137	0000.183
-00.5114	-00.0134	0000.184
-00.4805	-00.0125	0000.185
-00.4512	-00.0125	0000.186
-00.4207	-00.0125	0000.187
-00.3911	-00.0119	0000.188
-00.3603	-00.0116	0000.189
-00.3310	-00.0113	0000.190
-00.3005	-00.0109	0000.191
-00.2706	-00.0109	0000.192
-00.2410	-00.0100	0000.193
-00.2111	-00.0100	0000.194
-00.1806	-00.0094	0000.195
-00.1503	-00.0091	0000.196
-00.1204	-00.0088	0000.197
-00.0908	-00.0082	0000.198
-00.0606	-00.0082	0000.199
