R,Ohm	C,pF	Temp,C
0000000000	0000100000	+025.00
Ch1,V	Ch2,V	Time,s
+00.0001	-00.0003	0000.000
-00.0002	-00.0009	0000.001
-00.0020	-00.0006	0000.002
-00.0042	-00.0006	0000.003
-00.0066	-00.0012	0000.004
-00.0078	-00.0006	0000.005
-00.0100	-00.0012	0000.006
-00.0121	-00.0006	0000.007
-00.0139	-00.0003	0000.008
-00.0164	-00.0006	0000.009
-00.0176	-00.0009	0000.010
-00.0200	-00.0006	0000.011
-00.0222	-00.0009	0000.012
-00.0240	-00.0009	0000.013
-00.0264	-00.0009	0000.014
-00.0280	-00.0009	0000.015
-00.0304	-00.0009	0000.016
-00.0316	-00.0012	0000.017
-00.0341	-00.0009	0000.018
-00.0356	-00.0009	0000.019
-00.0380	-00.0009	0000.020
-00.0405	-00.0009	0000.021
-00.0423	-00.0009	0000.022
-00.0441	-00.0009	0000.023
-00.0460	-00.0009	0000.024
-00.0481	-00.0012	0000.025
-00.0499	-00.0009	0000.026
-00.0521	-00.0009	0000.027
-00.0542	-00.0006	0000.028
-00.0557	-00.0012	0000.029
-00.0582	-00.0009	0000.030
-00.0600	-00.0012	0000.031
-00.0621	-00.0006	0000.032
-00.0640	-00.0006	0000.033
-00.0664	-00.0012	0000.034
-00.0679	-00.0009	0000.035
-00.0698	-00.0012	0000.036
-00.0722	-00.0009	0000.037
-00.0740	-00.0009	0000.038
-00.0762	-00.0009	0000.039
-00.0783	-00.0012	0000.040
-00.0805	-00.0009	0000.041
-00.0817	-00.0012	0000.042
-00.0844	-00.0009	0000.043
-00.0866	-00.0012	0000.044
-00.0881	-00.0009	0000.045
-00.0902	-00.0006	0000.046
-00.0924	-00.0012	0000.047
-00.0945	-00.0012	0000.048
-00.0963	-00.0012	0000.049
-00.0982	-00.0009	0000.050
-00.1003	-00.0009	0000.051
-00.1024	-00.0006	0000.052
-00.1040	-00.0012	0000.053
-00.1061	-00.0009	0000.054
-00.1082	-00.0009	0000.055
-00.1101	-00.0012	0000.056
-00.1122	-00.0015	0000.057
-00.1143	-00.0009	0000.058
-00.1162	-00.0012	0000.059
-00.1183	-00.0012	0000.060
-00.1201	-00.0009	0000.061
-00.1220	-00.0012	0000.062
-00.1241	-00.0015	0000.063
-00.1265	-00.0018	0000.064
-00.1284	-00.0012	0000.065
-00.1299	-00.0012	0000.066
-00.1323	-00.0009	0000.067
-00.1345	-00.0012	0000.068
-00.1363	-00.0012	0000.069
-00.1381	-00.0012	0000.070
-00.1403	-00.0015	0000.071
-00.1421	-00.0015	0000.072
-00.1442	-00.0009	0000.073
-00.1461	-00.0012	0000.074
-00.1482	-00.0015	0000.075
-00.1503	-00.0012	0000.076
-00.1528	-00.0018	0000.077
-00.1549	-00.0015	0000.078
-00.1561	-00.0012	0000.079
-00.1580	-00.0015	0000.080
-00.1604	-00.0015	0000.081
-00.1619	-00.0015	0000.082
-00.1644	-00.0015	0000.083
-00.1662	-00.0009	0000.084
-00.1680	-00.0015	0000.085
-00.1705	-00.0012	0000.086
-00.1726	-00.0009	0000.087
-00.1741	-00.0012	0000.088
-00.1763	-00.0015	0000.089
-00.1781	-00.0018	0000.090
-00.1799	-00.0015	0000.091
-00.1824	-00.0015	0000.092
-00.1839	-00.0018	0000.093
-00.1860	-00.0012	0000.094
-00.1885	-00.0012	0000.095
-00.1900	-00.0018	0000.096
-00.1925	-00.0021	0000.097
-00.1946	-00.0018	0000.098
-00.1964	-00.0015	0000.099
-00.1979	-00.0018	0000.100
-00.2004	-00.0018	0000.101
-00.2022	-00.0018	0000.102
-00.2044	-00.0015	0000.103
-00.2065	-00.0018	0000.104
-00.2083	-00.0021	0000.105
-00.2102	-00.0018	0000.106
-00.2120	-00.0021	0000.107
-00.2144	-00.0018	0000.108
-00.2163	-00.0018	0000.109
-00.2184	-00.0018	0000.110
-00.2202	-00.0015	0000.111
-00.2221	-00.0018	0000.112
-00.2245	-00.0015	0000.113
-00.2260	-00.0021	0000.114
-00.2285	-00.0018	0000.115
-00.2303	-00.0018	0000.116
-00.2324	-00.0018	0000.117
-00.2343	-00.0012	0000.118
-00.2364	-00.0018	0000.119
-00.2382	-00.0018	0000.120
-00.2404	-00.0015	0000.121
-00.2425	-00.0018	0000.122
-00.2440	-00.0015	0000.123
-00.2465	-00.0018	0000.124
-00.2480	-00.0021	0000.125
-00.2507	-00.0018	0000.126
-00.2523	-00.0021	0000.127
-00.2541	-00.0018	0000.128
-00.2562	-00.0015	0000.129
-00.2587	-00.0015	0000.130
-00.2599	-00.0018	0000.131
-00.2623	-00.0018	0000.132
-00.2645	-00.0018	0000.133
-00.2663	-00.0021	0000.134
-00.2687	-00.0018	0000.135
-00.2703	-00.0018	0000.136
-00.2724	-00.0021	0000.137
-00.2742	-00.0018	0000.138
-00.2764	-00.0021	0000.139
-00.2782	-00.0024	0000.140
-00.2800	-00.0021	0000.141
-00.2825	-00.0021	0000.142
-00.2840	-00.0024	0000.143
-00.2861	-00.0021	0000.144
-00.2886	-00.0018	0000.145
-00.2901	-00.0021	0000.146
-00.2925	-00.0021	0000.147
-00.2944	-00.0021	0000.148
-00.2965	-00.0021	0000.149
-00.2983	-00.0024	0000.150
-00.3005	-00.0021	0000.151
-00.3026	-00.0021	0000.152
-00.3048	-00.0021	0000.153
-00.3063	-00.0024	0000.154
-00.3087	-00.0018	0000.155
-00.3109	-00.0024	0000.156
-00.3127	-00.0021	0000.157
-00.3142	-00.0021	0000.158
-00.3160	-00.0021	0000.159
-00.3182	-00.0024	0000.160
-00.3209	-00.0021	0000.161
-00.3228	-00.0021	0000.162
-00.3243	-00.0024	0000.163
-00.3267	-00.0024	0000.164
-00.3286	-00.0024	0000.165
-00.3307	-00.0024	0000.166
-00.3322	-00.0024	0000.167
-00.3344	-00.0018	0000.168
-00.3368	-00.0027	0000.169
-00.3386	-00.0024	0000.170
-00.3405	-00.0024	0000.171
-00.3423	-00.0024	0000.172
-00.3447	-00.0024	0000.173
-00.3463	-00.0024	0000.174
-00.3481	-00.0024	0000.175
-00.3508	-00.0021	0000.176
-00.3527	-00.0027	0000.177
-00.3542	-00.0027	0000.178
-00.3569	-00.0024	0000.179
-00.3582	-00.0027	0000.180
-00.3606	-00.0024	0000.181
-00.3624	-00.0027	0000.182
-00.3643	-00.0027	0000.183
-00.3664	-00.0024	0000.184
-00.3688	-00.0027	0000.185
-00.3707	-00.0027	0000.186
-00.3725	-00.0027	0000.187
-00.3743	-00.0027	0000.188
-00.3768	-00.0027	0000.189
-00.3783	-00.0024	0000.190
-00.3807	-00.0030	0000.191
-00.3826	-00.0027	0000.192
-00.3847	-00.0027	0000.193
-00.3868	-00.0027	0000.194
-00.3884	-00.0024	0000.195
-00.3905	-00.0030	0000.196
-00.3923	-00.0027	0000.197
-00.3948	-00.0030	0000.198
-00.3963	-00.0027	0000.199
-00.3988	-00.0030	0000.200
-00.4003	-00.0027	0000.201
-00.4027	-00.0027	0000.202
-00.4042	-00.0030	0000.203
-00.4067	-00.0030	0000.204
-00.4082	-00.0033	0000.205
-00.4107	-00.0030	0000.206
-00.4125	-00.0027	0000.207
-00.4146	-00.0033	0000.208
-00.4165	-00.0027	0000.209
-00.4183	-00.0027	0000.210
-00.4210	-00.0030	0000.211
-00.4226	-00.0033	0000.212
-00.4247	-00.0033	0000.213
-00.4262	-00.0030	0000.214
-00.4287	-00.0030	0000.215
-00.4305	-00.0033	0000.216
-00.4326	-00.0033	0000.217
-00.4351	-00.0030	0000.218
-00.4363	-00.0030	0000.219
-00.4390	-00.0033	0000.220
-00.4406	-00.0030	0000.221
-00.4424	-00.0033	0000.222
-00.4448	-00.0030	0000.223
-00.4467	-00.0030	0000.224
-00.4485	-00.0033	0000.225
-00.4506	-00.0030	0000.226
-00.4528	-00.0030	0000.227
-00.4546	-00.0033	0000.228
-00.4567	-00.0030	0000.229
-00.4586	-00.0036	0000.230
-00.4610	-00.0036	0000.231
-00.4628	-00.0033	0000.232
-00.4647	-00.0033	0000.233
-00.4671	-00.0033	0000.234
-00.4689	-00.0036	0000.235
-00.4708	-00.0033	0000.236
-00.4729	-00.0030	0000.237
-00.4744	-00.0030	0000.238
-00.4772	-00.0036	0000.239
-00.4784	-00.0033	0000.240
-00.4802	-00.0033	0000.241
-00.4830	-00.0036	0000.242
-00.4848	-00.0039	0000.243
-00.4866	-00.0036	0000.244
-00.4888	-00.0033	0000.245
-00.4906	-00.0036	0000.246
-00.4927	-00.0033	0000.247
-00.4946	-00.0030	0000.248
-00.4970	-00.0036	0000.249
-00.4992	-00.0036	0000.250
-00.5004	-00.0036	0000.251
-00.5025	-00.0042	0000.252
-00.5053	-00.0033	0000.253
-00.5068	-00.0036	0000.254
-00.5086	-00.0039	0000.255
-00.5108	-00.0036	0000.256
-00.5123	-00.0036	0000.257
-00.5153	-00.0042	0000.258
-00.5165	-00.0036	0000.259
-00.5190	-00.0039	0000.260
-00.5205	-00.0039	0000.261
-00.5223	-00.0036	0000.262
-00.5245	-00.0039	0000.263
-00.5266	-00.0024	0000.264
-00.5294	-00.0039	0000.265
-00.5306	-00.0033	0000.266
-00.5327	-00.0039	0000.267
-00.5349	-00.0036	0000.268
-00.5370	-00.0039	0000.269
-00.5385	-00.0039	0000.270
-00.5407	-00.0036	0000.271
-00.5422	-00.0042	0000.272
-00.5449	-00.0039	0000.273
-00.5468	-00.0042	0000.274
-00.5486	-00.0036	0000.275
-00.5507	-00.0036	0000.276
-00.5526	-00.0039	0000.277
-00.5553	-00.0039	0000.278
-00.5568	-00.0039	0000.279
-00.5587	-00.0039	0000.280
-00.5602	-00.0039	0000.281
-00.5629	-00.0042	0000.282
-00.5654	-00.0042	0000.283
-00.5666	-00.0036	0000.284
-00.5690	-00.0042	0000.285
-00.5706	-00.0036	0000.286
-00.5730	-00.0039	0000.287
-00.5745	-00.0039	0000.288
-00.5770	-00.0036	0000.289
-00.5791	-00.0033	0000.290
-00.5809	-00.0045	0000.291
-00.5831	-00.0039	0000.292
-00.5849	-00.0036	0000.293
-00.5867	-00.0045	0000.294
-00.5889	-00.0039	0000.295
-00.5907	-00.0042	0000.296
-00.5922	-00.0045	0000.297
-00.5947	-00.0042	0000.298
-00.5968	-00.0042	0000.299
-00.5983	-00.0042	0000.300
-00.6014	-00.0045	0000.301
-00.6029	-00.0045	0000.302
-00.6044	-00.0048	0000.303
-00.6069	-00.0045	0000.304
-00.6090	-00.0042	0000.305
-00.6105	-00.0045	0000.306
-00.6136	-00.0042	0000.307
-00.6145	-00.0042	0000.308
-00.6166	-00.0045	0000.309
-00.6188	-00.0042	0000.310
-00.6206	-00.0045	0000.311
-00.6231	-00.0045	0000.312
-00.6249	-00.0042	0000.313
-00.6267	-00.0042	0000.314
-00.6289	-00.0045	0000.315
-00.6310	-00.0045	0000.316
-00.6325	-00.0048	0000.317
-00.6350	-00.0048	0000.318
-00.6374	-00.0048	0000.319
-00.6389	-00.0045	0000.320
-00.6405	-00.0045	0000.321
-00.6426	-00.0048	0000.322
-00.6447	-00.0045	0000.323
-00.6469	-00.0048	0000.324
-00.6487	-00.0048	0000.325
-00.6508	-00.0045	0000.326
-00.6530	-00.0045	0000.327
-00.6545	-00.0052	0000.328
-00.6566	-00.0042	0000.329
-00.6594	-00.0052	0000.330
-00.6609	-00.0045	0000.331
-00.6627	-00.0048	0000.332
-00.6649	-00.0048	0000.333
-00.6670	-00.0048	0000.334
-00.6688	-00.0048	0000.335
-00.6713	-00.0048	0000.336
-00.6728	-00.0048	0000.337
-00.6749	-00.0045	0000.338
-00.6771	-00.0048	0000.339
-00.6789	-00.0045	0000.340
-00.6813	-00.0048	0000.341
-00.6829	-00.0048	0000.342
-00.6850	-00.0048	0000.343
-00.6865	-00.0052	0000.344
-00.6890	-00.0052	0000.345
-00.6911	-00.0048	0000.346
-00.6929	-00.0048	0000.347
-00.6951	-00.0048	0000.348
-00.6969	-00.0048	0000.349
-00.6987	-00.0052	0000.350
-00.7009	-00.0048	0000.351
-00.7030	-00.0048	0000.352
-00.7048	-00.0048	0000.353
-00.7070	-00.0058	0000.354
-00.7088	-00.0048	0000.355
-00.7109	-00.0045	0000.356
-00.7128	-00.0055	0000.357
-00.7152	-00.0055	0000.358
-00.7174	-00.0048	0000.359
-00.7186	-00.0055	0000.360
-00.7213	-00.0055	0000.361
-00.7232	-00.0052	0000.362
-00.7253	-00.0052	0000.363
-00.7268	-00.0055	0000.364
-00.7283	-00.0055	0000.365
-00.7314	-00.0052	0000.366
-00.7332	-00.0052	0000.367
-00.7351	-00.0052	0000.368
-00.7375	-00.0055	0000.369
-00.7393	-00.0055	0000.370
-00.7412	-00.0055	0000.371
-00.7430	-00.0058	0000.372
-00.7448	-00.0052	0000.373
-00.7476	-00.0052	0000.374
-00.7485	-00.0052	0000.375
-00.7506	-00.0058	0000.376
-00.7531	-00.0052	0000.377
-00.7549	-00.0055	0000.378
-00.7570	-00.0055	0000.379
-00.7589	-00.0052	0000.380
-00.7610	-00.0055	0000.381
-00.7628	-00.0055	0000.382
-00.7653	-00.0058	0000.383
-00.7668	-00.0055	0000.384
-00.7689	-00.0052	0000.385
-00.7714	-00.0058	0000.386
-00.7729	-00.0058	0000.387
-00.7753	-00.0058	0000.388
-00.7769	-00.0055	0000.389
-00.7793	-00.0048	0000.390
-00.7811	-00.0058	0000.391
-00.7833	-00.0061	0000.392
-00.7848	-00.0052	0000.393
-00.7872	-00.0061	0000.394
-00.7894	-00.0058	0000.395
-00.7909	-00.0055	0000.396
-00.7930	-00.0058	0000.397
-00.7949	-00.0058	0000.398
-00.7976	-00.0061	0000.399
-00.7985	-00.0058	0000.400
-00.8010	-00.0061	0000.401
-00.8028	-00.0058	0000.402
-00.8052	-00.0064	0000.403
-00.8071	-00.0058	0000.404
-00.8089	-00.0061	0000.405
-00.8110	-00.0061	0000.406
-00.8132	-00.0061	0000.407
-00.8150	-00.0061	0000.408
-00.8171	-00.0067	0000.409
-00.8190	-00.0058	0000.410
-00.8211	-00.0058	0000.411
-00.8229	-00.0064	0000.412
-00.8245	-00.0061	0000.413
-00.8272	-00.0061	0000.414
-00.8294	-00.0061	0000.415
-00.8309	-00.0061	0000.416
-00.8336	-00.0061	0000.417
-00.8348	-00.0058	0000.418
-00.8373	-00.0064	0000.419
-00.8391	-00.0058	0000.420
-00.8416	-00.0061	0000.421
-00.8431	-00.0064	0000.422
-00.8452	-00.0061	0000.423
-00.8467	-00.0061	0000.424
-00.8495	-00.0061	0000.425
-00.8510	-00.0061	0000.426
-00.8532	-00.0061	0000.427
-00.8550	-00.0061	0000.428
-00.8571	-00.0061	0000.429
-00.8590	-00.0064	0000.430
-00.8608	-00.0058	0000.431
-00.8632	-00.0064	0000.432
-00.8657	-00.0067	0000.433
-00.8672	-00.0064	0000.434
-00.8696	-00.0067	0000.435
-00.8709	-00.0061	0000.436
-00.8733	-00.0067	0000.437
-00.8748	-00.0067	0000.438
-00.8773	-00.0064	0000.439
-00.8794	-00.0064	0000.440
-00.8809	-00.0067	0000.441
-00.8834	-00.0064	0000.442
-00.8852	-00.0067	0000.443
-00.8873	-00.0064	0000.444
-00.8892	-00.0064	0000.445
-00.8913	-00.0067	0000.446
-00.8934	-00.0064	0000.447
-00.8950	-00.0067	0000.448
-00.8971	-00.0067	0000.449
-00.8995	-00.0070	0000.450
-00.9011	-00.0064	0000.451
-00.9029	-00.0073	0000.452
-00.9053	-00.0067	0000.453
-00.9072	-00.0070	0000.454
-00.9093	-00.0067	0000.455
-00.9114	-00.0070	0000.456
-00.9133	-00.0070	0000.457
-00.9154	-00.0067	0000.458
-00.9169	-00.0070	0000.459
-00.9191	-00.0067	0000.460
-00.9212	-00.0070	0000.461
-00.9233	-00.0070	0000.462
-00.9258	-00.0067	0000.463
-00.9276	-00.0070	0000.464
-00.9295	-00.0067	0000.465
-00.9313	-00.0070	0000.466
-00.9328	-00.0070	0000.467
-00.9356	-00.0067	0000.468
-00.9368	-00.0070	0000.469
-00.9392	-00.0067	0000.470
-00.9410	-00.0073	0000.471
-00.9432	-00.0070	0000.472
-00.9453	-00.0070	0000.473
-00.9475	-00.0070	0000.474
-00.9493	-00.0070	0000.475
-00.9511	-00.0070	0000.476
-00.9533	-00.0073	0000.477
-00.9554	-00.0073	0000.478
-00.9569	-00.0070	0000.479
-00.9597	-00.0070	0000.480
-00.9615	-00.0070	0000.481
-00.9633	-00.0067	0000.482
-00.9652	-00.0070	0000.483
-00.9673	-00.0070	0000.484
-00.9694	-00.0073	0000.485
-00.9716	-00.0076	0000.486
-00.9725	-00.0073	0000.487
-00.9755	-00.0076	0000.488
-00.9771	-00.0073	0000.489
-00.9792	-00.0073	0000.490
-00.9819	-00.0070	0000.491
-00.9832	-00.0073	0000.492
-00.9856	-00.0073	0000.493
-00.9871	-00.0076	0000.494
-00.9896	-00.0076	0000.495
-00.9914	-00.0076	0000.496
-00.9932	-00.0073	0000.497
-00.9960	-00.0073	0000.498
-00.9975	-00.0073	0000.499
-00.9993	-00.0082	0000.500
-01.0015	-00.0073	0000.501
-01.0033	-00.0076	0000.502
-01.0054	-00.0076	0000.503
-01.0073	-00.0073	0000.504
-01.0091	-00.0076	0000.505
-01.0118	-00.0076	0000.506
-01.0131	-00.0076	0000.507
-01.0152	-00.0073	0000.508
-01.0176	-00.0076	0000.509
-01.0195	-00.0076	0000.510
-01.0216	-00.0076	0000.511
-01.0231	-00.0076	0000.512
-01.0256	-00.0076	0000.513
-01.0274	-00.0076	0000.514
-01.0295	-00.0076	0000.515
-01.0308	-00.0076	0000.516
-01.0338	-00.0079	0000.517
-01.0360	-00.0079	0000.518
-01.0372	-00.0079	0000.519
-01.0396	-00.0073	0000.520
-01.0415	-00.0079	0000.521
-01.0439	-00.0079	0000.522
-01.0457	-00.0082	0000.523
-01.0479	-00.0082	0000.524
-01.0491	-00.0079	0000.525
-01.0515	-00.0082	0000.526
-01.0537	-00.0076	0000.527
-01.0555	-00.0079	0000.528
-01.0579	-00.0082	0000.529
-01.0592	-00.0079	0000.530
-01.0616	-00.0082	0000.531
-01.0631	-00.0082	0000.532
-01.0656	-00.0079	0000.533
-01.0671	-00.0082	0000.534
-01.0692	-00.0079	0000.535
-01.0717	-00.0082	0000.536
-01.0735	-00.0079	0000.537
-01.0753	-00.0079	0000.538
-01.0772	-00.0085	0000.539
-01.0799	-00.0085	0000.540
-01.0817	-00.0082	0000.541
-01.0836	-00.0082	0000.542
-01.0857	-00.0082	0000.543
-01.0875	-00.0085	0000.544
-01.0897	-00.0082	0000.545
-01.0912	-00.0085	0000.546
-01.0936	-00.0082	0000.547
-01.0952	-00.0085	0000.548
-01.0979	-00.0085	0000.549
-01.0994	-00.0082	0000.550
-01.1013	-00.0082	0000.551
-01.1034	-00.0085	0000.552
-01.1052	-00.0088	0000.553
-01.1074	-00.0079	0000.554
-01.1095	-00.0082	0000.555
-01.1110	-00.0085	0000.556
-01.1135	-00.0088	0000.557
-01.1153	-00.0082	0000.558
-01.1168	-00.0085	0000.559
-01.1196	-00.0085	0000.560
-01.1214	-00.0088	0000.561
-01.1238	-00.0085	0000.562
-01.1257	-00.0085	0000.563
-01.1272	-00.0088	0000.564
-01.1296	-00.0085	0000.565
-01.1315	-00.0082	0000.566
-01.1333	-00.0088	0000.567
-01.1354	-00.0085	0000.568
-01.1376	-00.0088	0000.569
-01.1388	-00.0088	0000.570
-01.1415	-00.0082	0000.571
-01.1434	-00.0085	0000.572
-01.1455	-00.0088	0000.573
-01.1477	-00.0085	0000.574
-01.1492	-00.0091	0000.575
-01.1513	-00.0088	0000.576
-01.1535	-00.0088	0000.577
-01.1559	-00.0085	0000.578
-01.1568	-00.0091	0000.579
-01.1596	-00.0091	0000.580
-01.1614	-00.0085	0000.581
-01.1632	-00.0088	0000.582
-01.1657	-00.0088	0000.583
-01.1678	-00.0085	0000.584
-01.1696	-00.0091	0000.585
-01.1712	-00.0091	0000.586
-01.1736	-00.0091	0000.587
-01.1751	-00.0094	0000.588
-01.1773	-00.0088	0000.589
-01.1797	-00.0091	0000.590
-01.1815	-00.0088	0000.591
-01.1837	-00.0091	0000.592
-01.1855	-00.0094	0000.593
-01.1873	-00.0091	0000.594
-01.1892	-00.0091	0000.595
-01.1910	-00.0091	0000.596
-01.1934	-00.0094	0000.597
-01.1959	-00.0091	0000.598
-01.1974	-00.0088	0000.599
-01.1998	-00.0091	0000.600
-01.2017	-00.0091	0000.601
-01.2035	-00.0088	0000.602
-01.2062	-00.0091	0000.603
-01.2075	-00.0097	0000.604
-01.2099	-00.0091	0000.605
-01.2117	-00.0094	0000.606
-01.2136	-00.0097	0000.607
-01.2160	-00.0094	0000.608
-01.2175	-00.0091	0000.609
-01.2194	-00.0094	0000.610
-01.2218	-00.0094	0000.611
-01.2239	-00.0088	0000.612
-01.2261	-00.0094	0000.613
-01.2276	-00.0091	0000.614
-01.2294	-00.0094	0000.615
-01.2316	-00.0094	0000.616
-01.2334	-00.0091	0000.617
-01.2358	-00.0091	0000.618
-01.2380	-00.0097	0000.619
-01.2395	-00.0097	0000.620
-01.2413	-00.0094	0000.621
-01.2438	-00.0091	0000.622
-01.2459	-00.0097	0000.623
-01.2471	-00.0094	0000.624
-01.2502	-00.0094	0000.625
-01.2517	-00.0097	0000.626
-01.2539	-00.0097	0000.627
-01.2551	-00.0097	0000.628
-01.2578	-00.0094	0000.629
-01.2600	-00.0097	0000.630
-01.2618	-00.0097	0000.631
-01.2639	-00.0094	0000.632
-01.2655	-00.0094	0000.633
-01.2682	-00.0094	0000.634
-01.2700	-00.0097	0000.635
-01.2719	-00.0097	0000.636
-01.2737	-00.0100	0000.637
-01.2755	-00.0097	0000.638
-01.2783	-00.0100	0000.639
-01.2795	-00.0100	0000.640
-01.2819	-00.0100	0000.641
-01.2844	-00.0094	0000.642
-01.2859	-00.0100	0000.643
-01.2877	-00.0097	0000.644
-01.2896	-00.0094	0000.645
-01.2917	-00.0097	0000.646
-01.2935	-00.0100	0000.647
-01.2960	-00.0097	0000.648
-01.2981	-00.0103	0000.649
-01.2996	-00.0100	0000.650
-01.3018	-00.0100	0000.651
-01.3045	-00.0103	0000.652
-01.3054	-00.0100	0000.653
-01.3076	-00.0094	0000.654
-01.3103	-00.0100	0000.655
-01.3118	-00.0100	0000.656
-01.3140	-00.0103	0000.657
-01.3155	-00.0100	0000.658
-01.3182	-00.0100	0000.659
-01.3195	-00.0103	0000.660
-01.3216	-00.0103	0000.661
-01.3240	-00.0100	0000.662
-01.3262	-00.0113	0000.663
-01.3277	-00.0106	0000.664
-01.3298	-00.0106	0000.665
-01.3323	-00.0097	0000.666
-01.3341	-00.0100	0000.667
-01.3356	-00.0100	0000.668
-01.3381	-00.0103	0000.669
-01.3402	-00.0100	0000.670
-01.3414	-00.0103	0000.671
-01.3439	-00.0106	0000.672
-01.3457	-00.0106	0000.673
-01.3485	-00.0106	0000.674
-01.3500	-00.0106	0000.675
-01.3518	-00.0103	0000.676
-01.3546	-00.0106	0000.677
-01.3558	-00.0103	0000.678
-01.3579	-00.0103	0000.679
-01.3601	-00.0109	0000.680
-01.3622	-00.0106	0000.681
-01.3640	-00.0103	0000.682
-01.3659	-00.0106	0000.683
-01.3683	-00.0097	0000.684
-01.3698	-00.0106	0000.685
-01.3723	-00.0106	0000.686
-01.3741	-00.0106	0000.687
-01.3762	-00.0106	0000.688
-01.3774	-00.0106	0000.689
-01.3799	-00.0106	0000.690
-01.3820	-00.0106	0000.691
-01.3842	-00.0106	0000.692
-01.3854	-00.0109	0000.693
-01.3881	-00.0109	0000.694
-01.3900	-00.0109	0000.695
-01.3924	-00.0109	0000.696
-01.3942	-00.0109	0000.697
-01.3958	-00.0109	0000.698
-01.3982	-00.0109	0000.699
-01.3997	-00.0106	0000.700
-01.4025	-00.0109	0000.701
-01.4037	-00.0109	0000.702
-01.4061	-00.0113	0000.703
-01.4080	-00.0106	0000.704
-01.4098	-00.0109	0000.705
-01.4116	-00.0109	0000.706
-01.4144	-00.0109	0000.707
-01.4162	-00.0109	0000.708
-01.4177	-00.0113	0000.709
-01.4202	-00.0113	0000.710
-01.4217	-00.0113	0000.711
-01.4241	-00.0109	0000.712
-01.4257	-00.0109	0000.713
-01.4281	-00.0109	0000.714
-01.4299	-00.0113	0000.715
-01.4321	-00.0109	0000.716
-01.4342	-00.0113	0000.717
-01.4354	-00.0109	0000.718
-01.4379	-00.0116	0000.719
-01.4397	-00.0113	0000.720
-01.4421	-00.0113	0000.721
-01.4437	-00.0113	0000.722
-01.4458	-00.0116	0000.723
-01.4483	-00.0113	0000.724
-01.4498	-00.0113	0000.725
-01.4522	-00.0109	0000.726
-01.4544	-00.0116	0000.727
-01.4559	-00.0116	0000.728
-01.4580	-00.0116	0000.729
-01.4598	-00.0116	0000.730
-01.4620	-00.0116	0000.731
-01.4641	-00.0116	0000.732
-01.4660	-00.0113	0000.733
-01.4678	-00.0113	0000.734
-01.4705	-00.0116	0000.735
-01.4721	-00.0113	0000.736
-01.4739	-00.0116	0000.737
-01.4760	-00.0119	0000.738
-01.4782	-00.0119	0000.739
-01.4797	-00.0119	0000.740
-01.4821	-00.0113	0000.741
-01.4843	-00.0113	0000.742
-01.4858	-00.0119	0000.743
-01.4885	-00.0119	0000.744
-01.4901	-00.0119	0000.745
-01.4922	-00.0119	0000.746
-01.4940	-00.0113	0000.747
-01.4959	-00.0116	0000.748
-01.4977	-00.0116	0000.749
-01.5004	-00.0119	0000.750
-01.5020	-00.0116	0000.751
-01.5041	-00.0122	0000.752
-01.5062	-00.0119	0000.753
-01.5081	-00.0119	0000.754
-01.5099	-00.0119	0000.755
-01.5123	-00.0122	0000.756
-01.5145	-00.0122	0000.757
-01.5160	-00.0122	0000.758
-01.5175	-00.0122	0000.759
-01.5200	-00.0122	0000.760
-01.5221	-00.0119	0000.761
-01.5242	-00.0122	0000.762
-01.5261	-00.0119	0000.763
-01.5285	-00.0122	0000.764
-01.5300	-00.0122	0000.765
-01.5316	-00.0122	0000.766
-01.5340	-00.0122	0000.767
-01.5358	-00.0122	0000.768
-01.5383	-00.0125	0000.769
-01.5401	-00.0119	0000.770
-01.5419	-00.0119	0000.771
-01.5444	-00.0122	0000.772
-01.5465	-00.0125	0000.773
-01.5477	-00.0125	0000.774
-01.5502	-00.0122	0000.775
-01.5520	-00.0125	0000.776
-01.5545	-00.0122	0000.777
-01.5560	-00.0125	0000.778
-01.5581	-00.0119	0000.779
-01.5609	-00.0122	0000.780
-01.5621	-00.0125	0000.781
-01.5651	-00.0125	0000.782
-01.5660	-00.0122	0000.783
-01.5679	-00.0122	0000.784
-01.5700	-00.0125	0000.785
-01.5725	-00.0125	0000.786
-01.5740	-00.0128	0000.787
-01.5758	-00.0122	0000.788
-01.5786	-00.0128	0000.789
-01.5801	-00.0125	0000.790
-01.5819	-00.0125	0000.791
-01.5844	-00.0125	0000.792
-01.5862	-00.0122	0000.793
-01.5880	-00.0128	0000.794
-01.5902	-00.0125	0000.795
-01.5920	-00.0125	0000.796
-01.5944	-00.0125	0000.797
-01.5963	-00.0131	0000.798
-01.5984	-00.0125	0000.799
-01.6005	-00.0125	0000.800
-01.6030	-00.0128	0000.801
-01.6048	-00.0128	0000.802
-01.6063	-00.0125	0000.803
-01.6082	-00.0125	0000.804
-01.6100	-00.0128	0000.805
-01.6121	-00.0131	0000.806
-01.6146	-00.0128	0000.807
-01.6167	-00.0125	0000.808
-01.6182	-00.0128	0000.809
-01.6207	-00.0128	0000.810
-01.6225	-00.0128	0000.811
-01.6237	-00.0128	0000.812
-01.6265	-00.0128	0000.813
-01.6277	-00.0131	0000.814
-01.6307	-00.0128	0000.815
-01.6320	-00.0128	0000.816
-01.6341	-00.0128	0000.817
-01.6368	-00.0131	0000.818
-01.6378	-00.0128	0000.819
-01.6408	-00.0134	0000.820
-01.6423	-00.0131	0000.821
-01.6445	-00.0131	0000.822
-01.6463	-00.0131	0000.823
-01.6484	-00.0125	0000.824
-01.6503	-00.0131	0000.825
-01.6524	-00.0131	0000.826
-01.6549	-00.0134	0000.827
-01.6561	-00.0131	0000.828
-01.6582	-00.0131	0000.829
-01.6597	-00.0131	0000.830
-01.6625	-00.0128	0000.831
-01.6646	-00.0134	0000.832
-01.6665	-00.0137	0000.833
-01.6683	-00.0134	0000.834
-01.6704	-00.0134	0000.835
-01.6722	-00.0134	0000.836
-01.6738	-00.0134	0000.837
-01.6768	-00.0134	0000.838
-01.6787	-00.0131	0000.839
-01.6808	-00.0134	0000.840
-01.6823	-00.0134	0000.841
-01.6848	-00.0137	0000.842
-01.6866	-00.0137	0000.843
-01.6884	-00.0134	0000.844
-01.6906	-00.0134	0000.845
-01.6921	-00.0137	0000.846
-01.6945	-00.0137	0000.847
-01.6964	-00.0137	0000.848
-01.6985	-00.0137	0000.849
-01.7006	-00.0137	0000.850
-01.7028	-00.0137	0000.851
-01.7040	-00.0134	0000.852
-01.7064	-00.0134	0000.853
-01.7086	-00.0137	0000.854
-01.7104	-00.0134	0000.855
-01.7128	-00.0140	0000.856
-01.7144	-00.0137	0000.857
-01.7165	-00.0134	0000.858
-01.7183	-00.0140	0000.859
-01.7205	-00.0137	0000.860
-01.7223	-00.0140	0000.861
-01.7247	-00.0137	0000.862
-01.7263	-00.0140	0000.863
-01.7281	-00.0143	0000.864
-01.7308	-00.0140	0000.865
-01.7318	-00.0140	0000.866
-01.7345	-00.0137	0000.867
-01.7363	-00.0137	0000.868
-01.7388	-00.0140	0000.869
-01.7403	-00.0146	0000.870
-01.7421	-00.0140	0000.871
-01.7446	-00.0143	0000.872
-01.7464	-00.0140	0000.873
-01.7488	-00.0146	0000.874
-01.7501	-00.0140	0000.875
-01.7525	-00.0143	0000.876
-01.7550	-00.0140	0000.877
-01.7565	-00.0140	0000.878
-01.7589	-00.0143	0000.879
-01.7604	-00.0143	0000.880
-01.7623	-00.0140	0000.881
-01.7650	-00.0143	0000.882
-01.7665	-00.0137	0000.883
-01.7684	-00.0143	0000.884
-01.7708	-00.0140	0000.885
-01.7730	-00.0143	0000.886
-01.7745	-00.0143	0000.887
-01.7769	-00.0143	0000.888
-01.7778	-00.0140	0000.889
-01.7806	-00.0146	0000.890
-01.7818	-00.0143	0000.891
-01.7846	-00.0143	0000.892
-01.7867	-00.0143	0000.893
-01.7888	-00.0143	0000.894
-01.7907	-00.0143	0000.895
-01.7928	-00.0149	0000.896
-01.7946	-00.0140	0000.897
-01.7968	-00.0143	0000.898
-01.7986	-00.0143	0000.899
-01.8001	-00.0143	0000.900
-01.8026	-00.0146	0000.901
-01.8047	-00.0146	0000.902
-01.8065	-00.0143	0000.903
-01.8087	-00.0149	0000.904
-01.8105	-00.0143	0000.905
-01.8129	-00.0146	0000.906
-01.8145	-00.0143	0000.907
-01.8163	-00.0149	0000.908
-01.8187	-00.0143	0000.909
-01.8200	-00.0149	0000.910
-01.8227	-00.0146	0000.911
-01.8248	-00.0146	0000.912
-01.8267	-00.0146	0000.913
-01.8285	-00.0149	0000.914
-01.8306	-00.0146	0000.915
-01.8328	-00.0146	0000.916
-01.8343	-00.0149	0000.917
-01.8367	-00.0149	0000.918
-01.8386	-00.0146	0000.919
-01.8401	-00.0146	0000.920
-01.8425	-00.0146	0000.921
-01.8444	-00.0149	0000.922
-01.8468	-00.0149	0000.923
-01.8486	-00.0149	0000.924
-01.8508	-00.0152	0000.925
-01.8526	-00.0152	0000.926
-01.8550	-00.0149	0000.927
-01.8566	-00.0146	0000.928
-01.8587	-00.0152	0000.929
-01.8608	-00.0146	0000.930
-01.8627	-00.0149	0000.931
-01.8651	-00.0149	0000.932
-01.8666	-00.0149	0000.933
-01.8688	-00.0149	0000.934
-01.8703	-00.0149	0000.935
-01.8724	-00.0152	0000.936
-01.8749	-00.0149	0000.937
-01.8767	-00.0152	0000.938
-01.8789	-00.0152	0000.939
-01.8810	-00.0152	0000.940
-01.8831	-00.0149	0000.941
-01.8847	-00.0152	0000.942
-01.8865	-00.0152	0000.943
-01.8886	-00.0152	0000.944
-01.8908	-00.0149	0000.945
-01.8920	-00.0152	0000.946
-01.8947	-00.0155	0000.947
-01.8969	-00.0158	0000.948
-01.8987	-00.0152	0000.949
-01.9002	-00.0152	0000.950
-01.9024	-00.0152	0000.951
-01.9051	-00.0155	0000.952
-01.9072	-00.0155	0000.953
-01.9088	-00.0152	0000.954
-01.9103	-00.0155	0000.955
-01.9130	-00.0155	0000.956
-01.9146	-00.0152	0000.957
-01.9164	-00.0158	0000.958
-01.9191	-00.0155	0000.959
-01.9201	-00.0158	0000.960
-01.9222	-00.0155	0000.961
-01.9246	-00.0158	0000.962
-01.9274	-00.0155	0000.963
-01.9286	-00.0158	0000.964
-01.9307	-00.0158	0000.965
-01.9323	-00.0158	0000.966
-01.9350	-00.0161	0000.967
-01.9368	-00.0158	0000.968
-01.9396	-00.0158	0000.969
-01.9411	-00.0161	0000.970
-01.9429	-00.0158	0000.971
-01.9448	-00.0158	0000.972
-01.9472	-00.0158	0000.973
-01.9497	-00.0161	0000.974
-01.9509	-00.0158	0000.975
-01.9530	-00.0158	0000.976
-01.9551	-00.0161	0000.977
-01.9570	-00.0158	0000.978
-01.9591	-00.0161	0000.979
-01.9606	-00.0161	0000.980
-01.9631	-00.0155	0000.981
-01.9649	-00.0161	0000.982
-01.9670	-00.0158	0000.983
-01.9689	-00.0161	0000.984
-01.9707	-00.0158	0000.985
-01.9735	-00.0158	0000.986
-01.9750	-00.0164	0000.987
-01.9768	-00.0158	0000.988
-01.9783	-00.0164	0000.989
-01.9811	-00.0161	0000.990
-01.9832	-00.0161	0000.991
-01.9844	-00.0164	0000.992
-01.9866	-00.0164	0000.993
-01.9887	-00.0164	0000.994
-01.9912	-00.0164	0000.995
-01.9930	-00.0164	0000.996
-01.9948	-00.0161	0000.997
-01.9976	-00.0161	0000.998
-01.9988	-00.0161	0000.999
-02.0009	-00.0161	0001.000
-02.0028	-00.0161	0001.001
-02.0052	-00.0161	0001.002
-02.0070	-00.0164	0001.003
-02.0082	-00.0164	0001.004
-02.0107	-00.0167	0001.005
-02.0131	-00.0164	0001.006
-02.0147	-00.0164	0001.007
-02.0174	-00.0167	0001.008
-02.0192	-00.0164	0001.009
-02.0211	-00.0164	0001.010
-02.0229	-00.0167	0001.011
-02.0250	-00.0164	0001.012
-02.0272	-00.0167	0001.013
-02.0290	-00.0164	0001.014
-02.0308	-00.0167	0001.015
-02.0330	-00.0167	0001.016
-02.0348	-00.0164	0001.017
-02.0366	-00.0164	0001.018
-02.0391	-00.0164	0001.019
-02.0409	-00.0171	0001.020
-02.0427	-00.0161	0001.021
-02.0452	-00.0167	0001.022
-02.0464	-00.0167	0001.023
-02.0488	-00.0167	0001.024
-02.0504	-00.0167	0001.025
-02.0531	-00.0167	0001.026
-02.0549	-00.0171	0001.027
-02.0571	-00.0167	0001.028
-02.0589	-00.0174	0001.029
-02.0607	-00.0167	0001.030
-02.0629	-00.0171	0001.031
-02.0650	-00.0167	0001.032
-02.0668	-00.0171	0001.033
-02.0693	-00.0174	0001.034
-02.0714	-00.0171	0001.035
-02.0726	-00.0171	0001.036
-02.0751	-00.0177	0001.037
-02.0769	-00.0167	0001.038
-02.0790	-00.0171	0001.039
-02.0809	-00.0171	0001.040
-02.0833	-00.0167	0001.041
-02.0852	-00.0174	0001.042
-02.0867	-00.0167	0001.043
-02.0888	-00.0171	0001.044
-02.0913	-00.0171	0001.045
-02.0931	-00.0171	0001.046
-02.0949	-00.0167	0001.047
-02.0967	-00.0174	0001.048
-02.0989	-00.0174	0001.049
-02.1010	-00.0167	0001.050
-02.1032	-00.0174	0001.051
-02.1050	-00.0174	0001.052
-02.1065	-00.0177	0001.053
-02.1087	-00.0177	0001.054
-02.1108	-00.0177	0001.055
-02.1132	-00.0174	0001.056
-02.1154	-00.0174	0001.057
-02.1172	-00.0171	0001.058
-02.1184	-00.0171	0001.059
-02.1212	-00.0177	0001.060
-02.1227	-00.0174	0001.061
-02.1254	-00.0174	0001.062
-02.1270	-00.0177	0001.063
-02.1297	-00.0174	0001.064
-02.1309	-00.0177	0001.065
-02.1337	-00.0177	0001.066
-02.1349	-00.0174	0001.067
-02.1367	-00.0171	0001.068
-02.1392	-00.0174	0001.069
-02.1410	-00.0180	0001.070
-02.1431	-00.0177	0001.071
-02.1450	-00.0180	0001.072
-02.1474	-00.0177	0001.073
-02.1492	-00.0177	0001.074
-02.1511	-00.0180	0001.075
-02.1529	-00.0177	0001.076
-02.1553	-00.0177	0001.077
-02.1572	-00.0183	0001.078
-02.1590	-00.0180	0001.079
-02.1608	-00.0180	0001.080
-02.1627	-00.0177	0001.081
-02.1654	-00.0180	0001.082
-02.1669	-00.0183	0001.083
-02.1691	-00.0180	0001.084
-02.1706	-00.0180	0001.085
-02.1730	-00.0177	0001.086
-02.1752	-00.0180	0001.087
-02.1767	-00.0177	0001.088
-02.1788	-00.0180	0001.089
-02.1813	-00.0174	0001.090
-02.1831	-00.0177	0001.091
-02.1852	-00.0186	0001.092
-02.1874	-00.0174	0001.093
-02.1898	-00.0174	0001.094
-02.1910	-00.0183	0001.095
-02.1932	-00.0183	0001.096
-02.1953	-00.0177	0001.097
-02.1975	-00.0180	0001.098
-02.1990	-00.0180	0001.099
-02.2014	-00.0183	0001.100
-02.2030	-00.0180	0001.101
-02.2054	-00.0183	0001.102
-02.2072	-00.0183	0001.103
-02.2087	-00.0183	0001.104
-02.2109	-00.0186	0001.105
-02.2133	-00.0180	0001.106
-02.2152	-00.0186	0001.107
-02.2173	-00.0186	0001.108
-02.2188	-00.0183	0001.109
-02.2210	-00.0186	0001.110
-02.2234	-00.0183	0001.111
-02.2246	-00.0186	0001.112
-02.2268	-00.0186	0001.113
-02.2295	-00.0186	0001.114
-02.2316	-00.0186	0001.115
-02.2332	-00.0183	0001.116
-02.2350	-00.0183	0001.117
-02.2374	-00.0186	0001.118
-02.2390	-00.0189	0001.119
-02.2411	-00.0183	0001.120
-02.2432	-00.0186	0001.121
-02.2454	-00.0186	0001.122
-02.2472	-00.0189	0001.123
-02.2490	-00.0186	0001.124
-02.2509	-00.0186	0001.125
-02.2536	-00.0189	0001.126
-02.2554	-00.0186	0001.127
-02.2570	-00.0186	0001.128
-02.2591	-00.0189	0001.129
-02.2612	-00.0192	0001.130
-02.2628	-00.0189	0001.131
-02.2652	-00.0189	0001.132
-02.2676	-00.0192	0001.133
-02.2695	-00.0183	0001.134
-02.2719	-00.0189	0001.135
-02.2731	-00.0192	0001.136
-02.2747	-00.0189	0001.137
-02.2777	-00.0192	0001.138
-02.2792	-00.0189	0001.139
-02.2814	-00.0189	0001.140
-02.2829	-00.0189	0001.141
-02.2853	-00.0192	0001.142
-02.2872	-00.0189	0001.143
-02.2893	-00.0189	0001.144
-02.2915	-00.0192	0001.145
-02.2933	-00.0192	0001.146
-02.2954	-00.0192	0001.147
-02.2966	-00.0192	0001.148
-02.2988	-00.0189	0001.149
-02.3015	-00.0195	0001.150
-02.3037	-00.0192	0001.151
-02.3052	-00.0192	0001.152
-02.3073	-00.0192	0001.153
-02.3092	-00.0192	0001.154
-02.3113	-00.0195	0001.155
-02.3134	-00.0192	0001.156
-02.3156	-00.0192	0001.157
-02.3174	-00.0192	0001.158
-02.3186	-00.0192	0001.159
-02.3211	-00.0195	0001.160
-02.3235	-00.0192	0001.161
-02.3250	-00.0195	0001.162
-02.3275	-00.0195	0001.163
-02.3296	-00.0195	0001.164
-02.3320	-00.0198	0001.165
-02.3333	-00.0192	0001.166
-02.3354	-00.0195	0001.167
-02.3369	-00.0195	0001.168
-02.3397	-00.0195	0001.169
-02.3406	-00.0195	0001.170
-02.3436	-00.0198	0001.171
-02.3455	-00.0189	0001.172
-02.3476	-00.0195	0001.173
-02.3494	-00.0201	0001.174
-02.3513	-00.0195	0001.175
-02.3528	-00.0195	0001.176
-02.3552	-00.0198	0001.177
-02.3571	-00.0195	0001.178
-02.3595	-00.0198	0001.179
-02.3610	-00.0195	0001.180
-02.3626	-00.0201	0001.181
-02.3653	-00.0198	0001.182
-02.3677	-00.0201	0001.183
-02.3693	-00.0198	0001.184
-02.3714	-00.0201	0001.185
-02.3732	-00.0201	0001.186
-02.3757	-00.0201	0001.187
-02.3775	-00.0201	0001.188
-02.3793	-00.0201	0001.189
-02.3818	-00.0198	0001.190
-02.3836	-00.0198	0001.191
-02.3854	-00.0198	0001.192
-02.3876	-00.0204	0001.193
-02.3897	-00.0201	0001.194
-02.3912	-00.0198	0001.195
-02.3940	-00.0201	0001.196
-02.3958	-00.0204	0001.197
-02.3970	-00.0204	0001.198
-02.3992	-00.0204	0001.199
-02.4013	-00.0195	0001.200
-02.4038	-00.0201	0001.201
-02.4056	-00.0213	0001.202
-02.4068	-00.0204	0001.203
-02.4099	-00.0201	0001.204
-02.4111	-00.0204	0001.205
-02.4129	-00.0204	0001.206
-02.4163	-00.0201	0001.207
-02.4175	-00.0201	0001.208
-02.4196	-00.0207	0001.209
-02.4215	-00.0207	0001.210
-02.4230	-00.0201	0001.211
-02.4257	-00.0204	0001.212
-02.4269	-00.0204	0001.213
-02.4300	-00.0204	0001.214
-02.4312	-00.0204	0001.215
-02.4331	-00.0204	0001.216
-02.4352	-00.0204	0001.217
-02.4373	-00.0204	0001.218
-02.4395	-00.0207	0001.219
-02.4416	-00.0210	0001.220
-02.4440	-00.0207	0001.221
-02.4459	-00.0207	0001.222
-02.4471	-00.0210	0001.223
-02.4492	-00.0204	0001.224
-02.4517	-00.0204	0001.225
-02.4529	-00.0204	0001.226
-02.4553	-00.0207	0001.227
-02.4569	-00.0207	0001.228
-02.4593	-00.0207	0001.229
-02.4617	-00.0207	0001.230
-02.4636	-00.0210	0001.231
-02.4657	-00.0207	0001.232
-02.4675	-00.0210	0001.233
-02.4697	-00.0210	0001.234
-02.4715	-00.0210	0001.235
-02.4736	-00.0207	0001.236
-02.4755	-00.0210	0001.237
-02.4776	-00.0210	0001.238
-02.4800	-00.0213	0001.239
-02.4822	-00.0207	0001.240
-02.4840	-00.0210	0001.241
-02.4849	-00.0207	0001.242
-02.4886	-00.0207	0001.243
-02.4892	-00.0213	0001.244
-02.4923	-00.0213	0001.245
-02.4935	-00.0210	0001.246
-02.4959	-00.0210	0001.247
-02.4977	-00.0213	0001.248
-02.4996	-00.0213	0001.249
-02.5020	-00.0213	0001.250
-02.5039	-00.0213	0001.251
-02.5060	-00.0213	0001.252
-02.5075	-00.0216	0001.253
-02.5103	-00.0210	0001.254
-02.5109	-00.0210	0001.255
-02.5136	-00.0210	0001.256
-02.5155	-00.0210	0001.257
-02.5176	-00.0210	0001.258
-02.5197	-00.0216	0001.259
-02.5219	-00.0213	0001.260
-02.5240	-00.0216	0001.261
-02.5252	-00.0213	0001.262
-02.5277	-00.0210	0001.263
-02.5295	-00.0216	0001.264
-02.5316	-00.0213	0001.265
-02.5328	-00.0216	0001.266
-02.5353	-00.0213	0001.267
-02.5377	-00.0210	0001.268
-02.5399	-00.0216	0001.269
-02.5414	-00.0213	0001.270
-02.5435	-00.0219	0001.271
-02.5460	-00.0216	0001.272
-02.5478	-00.0219	0001.273
-02.5496	-00.0216	0001.274
-02.5515	-00.0216	0001.275
-02.5536	-00.0216	0001.276
-02.5560	-00.0216	0001.277
-02.5576	-00.0219	0001.278
-02.5600	-00.0219	0001.279
-02.5615	-00.0216	0001.280
-02.5637	-00.0216	0001.281
-02.5658	-00.0213	0001.282
-02.5673	-00.0216	0001.283
-02.5689	-00.0219	0001.284
-02.5719	-00.0216	0001.285
-02.5731	-00.0216	0001.286
-02.5759	-00.0216	0001.287
-02.5777	-00.0219	0001.288
-02.5795	-00.0219	0001.289
-02.5817	-00.0216	0001.290
-02.5838	-00.0219	0001.291
-02.5859	-00.0219	0001.292
-02.5878	-00.0216	0001.293
-02.5896	-00.0219	0001.294
-02.5917	-00.0222	0001.295
-02.5936	-00.0222	0001.296
-02.5957	-00.0219	0001.297
-02.5978	-00.0222	0001.298
-02.6003	-00.0222	0001.299
-02.6018	-00.0222	0001.300
-02.6036	-00.0225	0001.301
-02.6055	-00.0225	0001.302
-02.6079	-00.0222	0001.303
-02.6091	-00.0222	0001.304
-02.6116	-00.0225	0001.305
-02.6137	-00.0222	0001.306
-02.6159	-00.0225	0001.307
-02.6180	-00.0225	0001.308
-02.6198	-00.0222	0001.309
-02.6220	-00.0222	0001.310
-02.6238	-00.0219	0001.311
-02.6253	-00.0225	0001.312
-02.6274	-00.0222	0001.313
-02.6305	-00.0219	0001.314
-02.6320	-00.0225	0001.315
-02.6339	-00.0225	0001.316
-02.6354	-00.0225	0001.317
-02.6375	-00.0225	0001.318
-02.6397	-00.0229	0001.319
-02.6421	-00.0225	0001.320
-02.6442	-00.0225	0001.321
-02.6455	-00.0229	0001.322
-02.6479	-00.0222	0001.323
-02.6500	-00.0229	0001.324
-02.6516	-00.0225	0001.325
-02.6537	-00.0229	0001.326
-02.6558	-00.0222	0001.327
-02.6577	-00.0229	0001.328
-02.6598	-00.0232	0001.329
-02.6616	-00.0232	0001.330
-02.6635	-00.0229	0001.331
-02.6653	-00.0229	0001.332
-02.6680	-00.0232	0001.333
-02.6699	-00.0229	0001.334
-02.6723	-00.0229	0001.335
-02.6735	-00.0232	0001.336
-02.6757	-00.0225	0001.337
-02.6775	-00.0232	0001.338
-02.6799	-00.0229	0001.339
-02.6815	-00.0232	0001.340
-02.6839	-00.0229	0001.341
-02.6860	-00.0229	0001.342
-02.6879	-00.0232	0001.343
-02.6894	-00.0235	0001.344
-02.6918	-00.0232	0001.345
-02.6940	-00.0232	0001.346
-02.6952	-00.0232	0001.347
-02.6979	-00.0232	0001.348
-02.6995	-00.0229	0001.349
-02.7016	-00.0232	0001.350
-02.7040	-00.0232	0001.351
-02.7059	-00.0235	0001.352
-02.7080	-00.0229	0001.353
-02.7098	-00.0232	0001.354
-02.7117	-00.0232	0001.355
-02.7138	-00.0235	0001.356
-02.7156	-00.0235	0001.357
-02.7175	-00.0238	0001.358
-02.7196	-00.0238	0001.359
-02.7224	-00.0238	0001.360
-02.7236	-00.0235	0001.361
-02.7260	-00.0238	0001.362
-02.7282	-00.0232	0001.363
-02.7300	-00.0238	0001.364
-02.7315	-00.0235	0001.365
-02.7340	-00.0238	0001.366
-02.7361	-00.0235	0001.367
-02.7379	-00.0238	0001.368
-02.7401	-00.0232	0001.369
-02.7422	-00.0235	0001.370
-02.7440	-00.0235	0001.371
-02.7459	-00.0238	0001.372
-02.7477	-00.0235	0001.373
-02.7501	-00.0235	0001.374
-02.7517	-00.0235	0001.375
-02.7541	-00.0238	0001.376
-02.7562	-00.0238	0001.377
-02.7578	-00.0235	0001.378
-02.7596	-00.0235	0001.379
-02.7617	-00.0238	0001.380
-02.7639	-00.0241	0001.381
-02.7657	-00.0235	0001.382
-02.7684	-00.0238	0001.383
-02.7694	-00.0238	0001.384
-02.7718	-00.0241	0001.385
-02.7742	-00.0241	0001.386
-02.7758	-00.0238	0001.387
-02.7782	-00.0238	0001.388
-02.7800	-00.0241	0001.389
-02.7819	-00.0241	0001.390
-02.7840	-00.0244	0001.391
-02.7861	-00.0241	0001.392
-02.7889	-00.0238	0001.393
-02.7901	-00.0244	0001.394
-02.7919	-00.0241	0001.395
-02.7941	-00.0241	0001.396
-02.7962	-00.0241	0001.397
-02.7983	-00.0241	0001.398
-02.7999	-00.0238	0001.399
-02.8023	-00.0244	0001.400
-02.8041	-00.0244	0001.401
-02.8066	-00.0247	0001.402
-02.8078	-00.0244	0001.403
-02.8102	-00.0244	0001.404
-02.8118	-00.0244	0001.405
-02.8139	-00.0244	0001.406
-02.8160	-00.0244	0001.407
-02.8176	-00.0244	0001.408
-02.8203	-00.0247	0001.409
-02.8225	-00.0235	0001.410
-02.8240	-00.0244	0001.411
-02.8258	-00.0241	0001.412
-02.8276	-00.0244	0001.413
-02.8298	-00.0247	0001.414
-02.8325	-00.0247	0001.415
-02.8334	-00.0244	0001.416
-02.8356	-00.0244	0001.417
-02.8383	-00.0247	0001.418
-02.8405	-00.0247	0001.419
-02.8420	-00.0250	0001.420
-02.8441	-00.0247	0001.421
-02.8466	-00.0244	0001.422
-02.8478	-00.0247	0001.423
-02.8502	-00.0244	0001.424
-02.8511	-00.0250	0001.425
-02.8539	-00.0247	0001.426
-02.8563	-00.0250	0001.427
-02.8585	-00.0250	0001.428
-02.8603	-00.0244	0001.429
-02.8618	-00.0247	0001.430
-02.8640	-00.0244	0001.431
-02.8655	-00.0247	0001.432
-02.8679	-00.0247	0001.433
-02.8695	-00.0247	0001.434
-02.8722	-00.0244	0001.435
-02.8740	-00.0250	0001.436
-02.8762	-00.0253	0001.437
-02.8783	-00.0253	0001.438
-02.8798	-00.0247	0001.439
-02.8823	-00.0247	0001.440
-02.8841	-00.0253	0001.441
-02.8865	-00.0247	0001.442
-02.8875	-00.0253	0001.443
-02.8899	-00.0247	0001.444
-02.8917	-00.0250	0001.445
-02.8942	-00.0253	0001.446
-02.8957	-00.0250	0001.447
-02.8981	-00.0253	0001.448
-02.9003	-00.0253	0001.449
-02.9018	-00.0256	0001.450
-02.9039	-00.0259	0001.451
-02.9058	-00.0250	0001.452
-02.9082	-00.0250	0001.453
-02.9097	-00.0253	0001.454
-02.9128	-00.0253	0001.455
-02.9140	-00.0253	0001.456
-02.9158	-00.0250	0001.457
-02.9177	-00.0253	0001.458
-02.9195	-00.0250	0001.459
-02.9222	-00.0253	0001.460
-02.9247	-00.0253	0001.461
-02.9256	-00.0253	0001.462
-02.9280	-00.0256	0001.463
-02.9299	-00.0256	0001.464
-02.9320	-00.0256	0001.465
-02.9342	-00.0256	0001.466
-02.9363	-00.0256	0001.467
-02.9372	-00.0259	0001.468
-02.9393	-00.0256	0001.469
-02.9421	-00.0256	0001.470
-02.9451	-00.0262	0001.471
-02.9467	-00.0259	0001.472
-02.9479	-00.0259	0001.473
-02.9506	-00.0256	0001.474
-02.9525	-00.0256	0001.475
-02.9543	-00.0262	0001.476
-02.9558	-00.0256	0001.477
-02.9589	-00.0256	0001.478
-02.9604	-00.0262	0001.479
-02.9622	-00.0259	0001.480
-02.9638	-00.0259	0001.481
-02.9662	-00.0256	0001.482
-02.9683	-00.0259	0001.483
-02.9705	-00.0259	0001.484
-02.9726	-00.0259	0001.485
-02.9741	-00.0262	0001.486
-02.9760	-00.0259	0001.487
-02.9781	-00.0259	0001.488
-02.9799	-00.0256	0001.489
-02.9821	-00.0259	0001.490
-02.9845	-00.0262	0001.491
-02.9866	-00.0262	0001.492
-02.9885	-00.0259	0001.493
-02.9903	-00.0259	0001.494
-02.9918	-00.0262	0001.495
-02.9940	-00.0259	0001.496
-02.9958	-00.0262	0001.497
-02.9976	-00.0268	0001.498
-03.0001	-00.0265	0001.499
-03.0028	-00.0262	0001.500
-03.0050	-00.0262	0001.501
-03.0022	-00.0262	0001.502
-03.0004	-00.0265	0001.503
-02.9988	-00.0265	0001.504
-02.9964	-00.0259	0001.505
-02.9946	-00.0262	0001.506
-02.9924	-00.0262	0001.507
-02.9906	-00.0256	0001.508
-02.9882	-00.0262	0001.509
-02.9866	-00.0268	0001.510
-02.9848	-00.0265	0001.511
-02.9818	-00.0265	0001.512
-02.9815	-00.0262	0001.513
-02.9778	-00.0265	0001.514
-02.9763	-00.0262	0001.515
-02.9744	-00.0262	0001.516
-02.9729	-00.0265	0001.517
-02.9699	-00.0265	0001.518
-02.9692	-00.0262	0001.519
-02.9665	-00.0265	0001.520
-02.9647	-00.0262	0001.521
-02.9625	-00.0268	0001.522
-02.9607	-00.0259	0001.523
-02.9589	-00.0265	0001.524
-02.9567	-00.0262	0001.525
-02.9546	-00.0262	0001.526
-02.9522	-00.0265	0001.527
-02.9503	-00.0265	0001.528
-02.9485	-00.0265	0001.529
-02.9467	-00.0265	0001.530
-02.9445	-00.0265	0001.531
-02.9430	-00.0259	0001.532
-02.9399	-00.0262	0001.533
-02.9381	-00.0265	0001.534
-02.9366	-00.0262	0001.535
-02.9342	-00.0268	0001.536
-02.9332	-00.0265	0001.537
-02.9302	-00.0265	0001.538
-02.9280	-00.0265	0001.539
-02.9268	-00.0268	0001.540
-02.9244	-00.0268	0001.541
-02.9226	-00.0268	0001.542
-02.9198	-00.0262	0001.543
-02.9186	-00.0265	0001.544
-02.9165	-00.0265	0001.545
-02.9149	-00.0265	0001.546
-02.9122	-00.0265	0001.547
-02.9100	-00.0265	0001.548
-02.9079	-00.0265	0001.549
-02.9064	-00.0265	0001.550
-02.9042	-00.0268	0001.551
-02.9024	-00.0265	0001.552
-02.9003	-00.0265	0001.553
-02.8984	-00.0265	0001.554
-02.8960	-00.0262	0001.555
-02.8945	-00.0262	0001.556
-02.8923	-00.0262	0001.557
-02.8905	-00.0265	0001.558
-02.8881	-00.0265	0001.559
-02.8865	-00.0268	0001.560
-02.8841	-00.0268	0001.561
-02.8820	-00.0265	0001.562
-02.8807	-00.0265	0001.563
-02.8780	-00.0268	0001.564
-02.8768	-00.0265	0001.565
-02.8743	-00.0265	0001.566
-02.8719	-00.0262	0001.567
-02.8701	-00.0262	0001.568
-02.8682	-00.0265	0001.569
-02.8664	-00.0268	0001.570
-02.8640	-00.0265	0001.571
-02.8627	-00.0262	0001.572
-02.8603	-00.0265	0001.573
-02.8588	-00.0265	0001.574
-02.8560	-00.0262	0001.575
-02.8548	-00.0265	0001.576
-02.8521	-00.0262	0001.577
-02.8505	-00.0265	0001.578
-02.8484	-00.0265	0001.579
-02.8469	-00.0262	0001.580
-02.8444	-00.0265	0001.581
-02.8429	-00.0265	0001.582
-02.8402	-00.0262	0001.583
-02.8389	-00.0262	0001.584
-02.8365	-00.0268	0001.585
-02.8344	-00.0262	0001.586
-02.8328	-00.0262	0001.587
-02.8304	-00.0265	0001.588
-02.8283	-00.0262	0001.589
-02.8264	-00.0265	0001.590
-02.8234	-00.0262	0001.591
-02.8222	-00.0265	0001.592
-02.8206	-00.0265	0001.593
-02.8182	-00.0262	0001.594
-02.8164	-00.0265	0001.595
-02.8142	-00.0265	0001.596
-02.8121	-00.0265	0001.597
-02.8102	-00.0265	0001.598
-02.8087	-00.0265	0001.599
-02.8072	-00.0265	0001.600
-02.8045	-00.0265	0001.601
-02.8023	-00.0268	0001.602
-02.7999	-00.0262	0001.603
-02.7987	-00.0265	0001.604
-02.7962	-00.0265	0001.605
-02.7941	-00.0265	0001.606
-02.7916	-00.0262	0001.607
-02.7904	-00.0262	0001.608
-02.7880	-00.0265	0001.609
-02.7861	-00.0265	0001.610
-02.7849	-00.0265	0001.611
-02.7819	-00.0268	0001.612
-02.7800	-00.0265	0001.613
-02.7782	-00.0262	0001.614
-02.7764	-00.0262	0001.615
-02.7748	-00.0262	0001.616
-02.7724	-00.0262	0001.617
-02.7706	-00.0265	0001.618
-02.7678	-00.0265	0001.619
-02.7663	-00.0262	0001.620
-02.7642	-00.0265	0001.621
-02.7626	-00.0262	0001.622
-02.7608	-00.0265	0001.623
-02.7584	-00.0265	0001.624
-02.7556	-00.0265	0001.625
-02.7547	-00.0262	0001.626
-02.7523	-00.0262	0001.627
-02.7501	-00.0265	0001.628
-02.7480	-00.0265	0001.629
-02.7465	-00.0262	0001.630
-02.7443	-00.0265	0001.631
-02.7425	-00.0262	0001.632
-02.7401	-00.0268	0001.633
-02.7376	-00.0262	0001.634
-02.7361	-00.0262	0001.635
-02.7343	-00.0268	0001.636
-02.7318	-00.0268	0001.637
-02.7303	-00.0268	0001.638
-02.7282	-00.0265	0001.639
-02.7263	-00.0265	0001.640
-02.7242	-00.0262	0001.641
-02.7221	-00.0265	0001.642
-02.7199	-00.0265	0001.643
-02.7184	-00.0265	0001.644
-02.7166	-00.0265	0001.645
-02.7138	-00.0265	0001.646
-02.7120	-00.0262	0001.647
-02.7098	-00.0268	0001.648
-02.7083	-00.0262	0001.649
-02.7062	-00.0265	0001.650
-02.7034	-00.0262	0001.651
-02.7025	-00.0262	0001.652
-02.6995	-00.0262	0001.653
-02.6983	-00.0259	0001.654
-02.6958	-00.0265	0001.655
-02.6940	-00.0262	0001.656
-02.6921	-00.0265	0001.657
-02.6903	-00.0265	0001.658
-02.6876	-00.0262	0001.659
-02.6867	-00.0265	0001.660
-02.6845	-00.0262	0001.661
-02.6824	-00.0262	0001.662
-02.6799	-00.0262	0001.663
-02.6778	-00.0265	0001.664
-02.6763	-00.0262	0001.665
-02.6735	-00.0262	0001.666
-02.6717	-00.0265	0001.667
-02.6696	-00.0262	0001.668
-02.6680	-00.0265	0001.669
-02.6656	-00.0265	0001.670
-02.6638	-00.0265	0001.671
-02.6629	-00.0262	0001.672
-02.6601	-00.0262	0001.673
-02.6589	-00.0265	0001.674
-02.6564	-00.0262	0001.675
-02.6540	-00.0262	0001.676
-02.6525	-00.0259	0001.677
-02.6500	-00.0265	0001.678
-02.6479	-00.0265	0001.679
-02.6461	-00.0262	0001.680
-02.6442	-00.0262	0001.681
-02.6424	-00.0262	0001.682
-02.6403	-00.0259	0001.683
-02.6381	-00.0262	0001.684
-02.6366	-00.0262	0001.685
-02.6342	-00.0265	0001.686
-02.6320	-00.0262	0001.687
-02.6299	-00.0265	0001.688
-02.6281	-00.0262	0001.689
-02.6268	-00.0259	0001.690
-02.6235	-00.0262	0001.691
-02.6220	-00.0262	0001.692
-02.6198	-00.0262	0001.693
-02.6183	-00.0262	0001.694
-02.6159	-00.0262	0001.695
-02.6143	-00.0265	0001.696
-02.6119	-00.0259	0001.697
-02.6101	-00.0259	0001.698
-02.6079	-00.0259	0001.699
-02.6064	-00.0265	0001.700
-02.6040	-00.0265	0001.701
-02.6024	-00.0259	0001.702
-02.5997	-00.0259	0001.703
-02.5978	-00.0265	0001.704
-02.5960	-00.0262	0001.705
-02.5945	-00.0265	0001.706
-02.5917	-00.0262	0001.707
-02.5899	-00.0262	0001.708
-02.5881	-00.0265	0001.709
-02.5859	-00.0256	0001.710
-02.5844	-00.0262	0001.711
-02.5823	-00.0262	0001.712
-02.5795	-00.0262	0001.713
-02.5783	-00.0262	0001.714
-02.5759	-00.0262	0001.715
-02.5740	-00.0262	0001.716
-02.5725	-00.0262	0001.717
-02.5698	-00.0265	0001.718
-02.5679	-00.0262	0001.719
-02.5661	-00.0259	0001.720
-02.5640	-00.0262	0001.721
-02.5621	-00.0259	0001.722
-02.5600	-00.0259	0001.723
-02.5576	-00.0262	0001.724
-02.5560	-00.0262	0001.725
-02.5542	-00.0259	0001.726
-02.5518	-00.0262	0001.727
-02.5505	-00.0262	0001.728
-02.5484	-00.0259	0001.729
-02.5463	-00.0259	0001.730
-02.5441	-00.0265	0001.731
-02.5420	-00.0259	0001.732
-02.5399	-00.0259	0001.733
-02.5380	-00.0259	0001.734
-02.5359	-00.0262	0001.735
-02.5338	-00.0265	0001.736
-02.5319	-00.0259	0001.737
-02.5295	-00.0259	0001.738
-02.5277	-00.0265	0001.739
-02.5261	-00.0256	0001.740
-02.5240	-00.0265	0001.741
-02.5219	-00.0256	0001.742
-02.5197	-00.0259	0001.743
-02.5179	-00.0262	0001.744
-02.5155	-00.0262	0001.745
-02.5139	-00.0262	0001.746
-02.5118	-00.0259	0001.747
-02.5103	-00.0262	0001.748
-02.5075	-00.0256	0001.749
-02.5060	-00.0256	0001.750
-02.5039	-00.0262	0001.751
-02.5020	-00.0262	0001.752
-02.5002	-00.0262	0001.753
-02.4981	-00.0256	0001.754
-02.4959	-00.0259	0001.755
-02.4941	-00.0262	0001.756
-02.4916	-00.0259	0001.757
-02.4898	-00.0262	0001.758
-02.4880	-00.0262	0001.759
-02.4855	-00.0259	0001.760
-02.4843	-00.0256	0001.761
-02.4819	-00.0259	0001.762
-02.4804	-00.0259	0001.763
-02.4776	-00.0259	0001.764
-02.4761	-00.0262	0001.765
-02.4736	-00.0259	0001.766
-02.4718	-00.0259	0001.767
-02.4700	-00.0259	0001.768
-02.4675	-00.0259	0001.769
-02.4660	-00.0259	0001.770
-02.4639	-00.0259	0001.771
-02.4617	-00.0259	0001.772
-02.4596	-00.0259	0001.773
-02.4578	-00.0259	0001.774
-02.4562	-00.0259	0001.775
-02.4541	-00.0259	0001.776
-02.4520	-00.0256	0001.777
-02.4498	-00.0259	0001.778
-02.4474	-00.0259	0001.779
-02.4459	-00.0259	0001.780
-02.4440	-00.0256	0001.781
-02.4419	-00.0256	0001.782
-02.4395	-00.0256	0001.783
-02.4379	-00.0262	0001.784
-02.4364	-00.0259	0001.785
-02.4337	-00.0262	0001.786
-02.4318	-00.0253	0001.787
-02.4297	-00.0259	0001.788
-02.4273	-00.0256	0001.789
-02.4263	-00.0259	0001.790
-02.4242	-00.0256	0001.791
-02.4218	-00.0259	0001.792
-02.4199	-00.0259	0001.793
-02.4178	-00.0259	0001.794
-02.4154	-00.0256	0001.795
-02.4135	-00.0259	0001.796
-02.4123	-00.0259	0001.797
-02.4096	-00.0259	0001.798
-02.4074	-00.0259	0001.799
-02.4059	-00.0256	0001.800
-02.4038	-00.0259	0001.801
-02.4013	-00.0256	0001.802
-02.3998	-00.0256	0001.803
-02.3973	-00.0256	0001.804
-02.3955	-00.0256	0001.805
-02.3934	-00.0259	0001.806
-02.3915	-00.0256	0001.807
-02.3900	-00.0256	0001.808
-02.3879	-00.0259	0001.809
-02.3864	-00.0256	0001.810
-02.3839	-00.0259	0001.811
-02.3812	-00.0256	0001.812
-02.3803	-00.0259	0001.813
-02.3778	-00.0259	0001.814
-02.3757	-00.0253	0001.815
-02.3735	-00.0256	0001.816
-02.3720	-00.0262	0001.817
-02.3696	-00.0256	0001.818
-02.3681	-00.0259	0001.819
-02.3656	-00.0259	0001.820
-02.3635	-00.0256	0001.821
-02.3616	-00.0262	0001.822
-02.3598	-00.0256	0001.823
-02.3580	-00.0259	0001.824
-02.3552	-00.0256	0001.825
-02.3537	-00.0259	0001.826
-02.3516	-00.0256	0001.827
-02.3500	-00.0256	0001.828
-02.3473	-00.0256	0001.829
-02.3452	-00.0259	0001.830
-02.3436	-00.0256	0001.831
-02.3412	-00.0259	0001.832
-02.3400	-00.0253	0001.833
-02.3378	-00.0256	0001.834
-02.3357	-00.0259	0001.835
-02.3336	-00.0256	0001.836
-02.3320	-00.0256	0001.837
-02.3293	-00.0253	0001.838
-02.3272	-00.0259	0001.839
-02.3262	-00.0256	0001.840
-02.3232	-00.0259	0001.841
-02.3220	-00.0256	0001.842
-02.3198	-00.0259	0001.843
-02.3177	-00.0256	0001.844
-02.3156	-00.0256	0001.845
-02.3134	-00.0259	0001.846
-02.3122	-00.0259	0001.847
-02.3095	-00.0256	0001.848
-02.3082	-00.0253	0001.849
-02.3049	-00.0256	0001.850
-02.3040	-00.0256	0001.851
-02.3018	-00.0259	0001.852
-02.2997	-00.0253	0001.853
-02.2982	-00.0253	0001.854
-02.2954	-00.0259	0001.855
-02.2939	-00.0256	0001.856
-02.2918	-00.0256	0001.857
-02.2902	-00.0256	0001.858
-02.2878	-00.0253	0001.859
-02.2860	-00.0253	0001.860
-02.2838	-00.0253	0001.861
-02.2817	-00.0256	0001.862
-02.2792	-00.0253	0001.863
-02.2783	-00.0253	0001.864
-02.2753	-00.0256	0001.865
-02.2741	-00.0253	0001.866
-02.2716	-00.0256	0001.867
-02.2695	-00.0259	0001.868
-02.2676	-00.0253	0001.869
-02.2655	-00.0253	0001.870
-02.2640	-00.0253	0001.871
-02.2615	-00.0253	0001.872
-02.2597	-00.0253	0001.873
-02.2579	-00.0256	0001.874
-02.2557	-00.0256	0001.875
-02.2539	-00.0256	0001.876
-02.2515	-00.0256	0001.877
-02.2499	-00.0253	0001.878
-02.2472	-00.0253	0001.879
-02.2457	-00.0253	0001.880
-02.2432	-00.0256	0001.881
-02.2414	-00.0253	0001.882
-02.2390	-00.0256	0001.883
-02.2377	-00.0256	0001.884
-02.2356	-00.0253	0001.885
-02.2335	-00.0250	0001.886
-02.2319	-00.0253	0001.887
-02.2295	-00.0253	0001.888
-02.2277	-00.0253	0001.889
-02.2255	-00.0253	0001.890
-02.2231	-00.0250	0001.891
-02.2213	-00.0253	0001.892
-02.2197	-00.0250	0001.893
-02.2176	-00.0256	0001.894
-02.2155	-00.0253	0001.895
-02.2127	-00.0253	0001.896
-02.2112	-00.0253	0001.897
-02.2103	-00.0256	0001.898
-02.2072	-00.0253	0001.899
-02.2054	-00.0253	0001.900
-02.2039	-00.0256	0001.901
-02.2017	-00.0253	0001.902
-02.1993	-00.0253	0001.903
-02.1981	-00.0256	0001.904
-02.1956	-00.0256	0001.905
-02.1929	-00.0256	0001.906
-02.1914	-00.0256	0001.907
-02.1892	-00.0253	0001.908
-02.1877	-00.0253	0001.909
-02.1856	-00.0256	0001.910
-02.1834	-00.0253	0001.911
-02.1810	-00.0256	0001.912
-02.1801	-00.0250	0001.913
-02.1773	-00.0253	0001.914
-02.1755	-00.0250	0001.915
-02.1737	-00.0250	0001.916
-02.1715	-00.0253	0001.917
-02.1694	-00.0250	0001.918
-02.1672	-00.0250	0001.919
-02.1657	-00.0256	0001.920
-02.1636	-00.0253	0001.921
-02.1614	-00.0250	0001.922
-02.1590	-00.0247	0001.923
-02.1575	-00.0250	0001.924
-02.1556	-00.0253	0001.925
-02.1532	-00.0256	0001.926
-02.1523	-00.0250	0001.927
-02.1492	-00.0253	0001.928
-02.1477	-00.0250	0001.929
-02.1456	-00.0253	0001.930
-02.1437	-00.0250	0001.931
-02.1413	-00.0253	0001.932
-02.1395	-00.0250	0001.933
-02.1370	-00.0250	0001.934
-02.1361	-00.0250	0001.935
-02.1334	-00.0253	0001.936
-02.1309	-00.0250	0001.937
-02.1291	-00.0253	0001.938
-02.1273	-00.0250	0001.939
-02.1257	-00.0253	0001.940
-02.1233	-00.0253	0001.941
-02.1215	-00.0250	0001.942
-02.1193	-00.0253	0001.943
-02.1175	-00.0253	0001.944
-02.1151	-00.0253	0001.945
-02.1132	-00.0250	0001.946
-02.1114	-00.0253	0001.947
-02.1093	-00.0250	0001.948
-02.1074	-00.0250	0001.949
-02.1053	-00.0253	0001.950
-02.1035	-00.0247	0001.951
-02.1013	-00.0253	0001.952
-02.0995	-00.0250	0001.953
-02.0971	-00.0247	0001.954
-02.0949	-00.0250	0001.955
-02.0937	-00.0253	0001.956
-02.0906	-00.0247	0001.957
-02.0897	-00.0253	0001.958
-02.0867	-00.0253	0001.959
-02.0855	-00.0250	0001.960
-02.0830	-00.0250	0001.961
-02.0809	-00.0250	0001.962
-02.0797	-00.0250	0001.963
-02.0766	-00.0250	0001.964
-02.0757	-00.0250	0001.965
-02.0733	-00.0247	0001.966
-02.0717	-00.0250	0001.967
-02.0690	-00.0253	0001.968
-02.0671	-00.0247	0001.969
-02.0650	-00.0250	0001.970
-02.0629	-00.0247	0001.971
-02.0613	-00.0247	0001.972
-02.0595	-00.0250	0001.973
-02.0571	-00.0250	0001.974
-02.0556	-00.0250	0001.975
-02.0531	-00.0247	0001.976
-02.0510	-00.0250	0001.977
-02.0491	-00.0247	0001.978
-02.0473	-00.0247	0001.979
-02.0449	-00.0250	0001.980
-02.0433	-00.0247	0001.981
-02.0412	-00.0250	0001.982
-02.0394	-00.0250	0001.983
-02.0366	-00.0247	0001.984
-02.0357	-00.0247	0001.985
-02.0333	-00.0244	0001.986
-02.0311	-00.0253	0001.987
-02.0290	-00.0247	0001.988
-02.0275	-00.0244	0001.989
-02.0253	-00.0250	0001.990
-02.0229	-00.0253	0001.991
-02.0217	-00.0247	0001.992
-02.0198	-00.0247	0001.993
-02.0174	-00.0247	0001.994
-02.0153	-00.0247	0001.995
-02.0134	-00.0247	0001.996
-02.0113	-00.0247	0001.997
-02.0089	-00.0244	0001.998
-02.0079	-00.0244	0001.999
-02.0052	-00.0247	0002.000
-02.0037	-00.0247	0002.001
-02.0012	-00.0244	0002.002
-01.9997	-00.0250	0002.003
-01.9973	-00.0247	0002.004
-01.9954	-00.0247	0002.005
-01.9933	-00.0244	0002.006
-01.9915	-00.0247	0002.007
-01.9893	-00.0247	0002.008
-01.9872	-00.0247	0002.009
-01.9857	-00.0247	0002.010
-01.9829	-00.0247	0002.011
-01.9814	-00.0247	0002.012
-01.9793	-00.0247	0002.013
-01.9768	-00.0247	0002.014
-01.9750	-00.0244	0002.015
-01.9735	-00.0244	0002.016
-01.9713	-00.0244	0002.017
-01.9686	-00.0247	0002.018
-01.9667	-00.0247	0002.019
-01.9655	-00.0247	0002.020
-01.9631	-00.0244	0002.021
-01.9616	-00.0244	0002.022
-01.9591	-00.0244	0002.023
-01.9573	-00.0244	0002.024
-01.9555	-00.0247	0002.025
-01.9533	-00.0247	0002.026
-01.9509	-00.0247	0002.027
-01.9490	-00.0244	0002.028
-01.9469	-00.0247	0002.029
-01.9451	-00.0244	0002.030
-01.9429	-00.0250	0002.031
-01.9414	-00.0244	0002.032
-01.9393	-00.0247	0002.033
-01.9371	-00.0241	0002.034
-01.9347	-00.0247	0002.035
-01.9326	-00.0247	0002.036
-01.9313	-00.0244	0002.037
-01.9292	-00.0244	0002.038
-01.9274	-00.0244	0002.039
-01.9252	-00.0247	0002.040
-01.9231	-00.0241	0002.041
-01.9213	-00.0244	0002.042
-01.9191	-00.0247	0002.043
-01.9173	-00.0244	0002.044
-01.9149	-00.0244	0002.045
-01.9133	-00.0241	0002.046
-01.9109	-00.0244	0002.047
-01.9088	-00.0244	0002.048
-01.9072	-00.0244	0002.049
-01.9051	-00.0247	0002.050
-01.9033	-00.0241	0002.051
-01.9014	-00.0244	0002.052
-01.8990	-00.0247	0002.053
-01.8978	-00.0241	0002.054
-01.8959	-00.0244	0002.055
-01.8932	-00.0247	0002.056
-01.8911	-00.0244	0002.057
-01.8889	-00.0247	0002.058
-01.8871	-00.0241	0002.059
-01.8850	-00.0241	0002.060
-01.8828	-00.0241	0002.061
-01.8810	-00.0244	0002.062
-01.8789	-00.0244	0002.063
-01.8773	-00.0247	0002.064
-01.8746	-00.0241	0002.065
-01.8734	-00.0244	0002.066
-01.8709	-00.0244	0002.067
-01.8697	-00.0241	0002.068
-01.8670	-00.0241	0002.069
-01.8651	-00.0241	0002.070
-01.8630	-00.0244	0002.071
-01.8612	-00.0241	0002.072
-01.8593	-00.0244	0002.073
-01.8569	-00.0244	0002.074
-01.8547	-00.0244	0002.075
-01.8526	-00.0244	0002.076
-01.8508	-00.0241	0002.077
-01.8486	-00.0241	0002.078
-01.8471	-00.0244	0002.079
-01.8450	-00.0241	0002.080
-01.8428	-00.0241	0002.081
-01.8407	-00.0241	0002.082
-01.8389	-00.0241	0002.083
-01.8367	-00.0244	0002.084
-01.8343	-00.0241	0002.085
-01.8331	-00.0241	0002.086
-01.8309	-00.0241	0002.087
-01.8294	-00.0241	0002.088
-01.8270	-00.0241	0002.089
-01.8251	-00.0244	0002.090
-01.8233	-00.0241	0002.091
-01.8206	-00.0238	0002.092
-01.8190	-00.0241	0002.093
-01.8169	-00.0241	0002.094
-01.8148	-00.0241	0002.095
-01.8132	-00.0244	0002.096
-01.8108	-00.0238	0002.097
-01.8090	-00.0241	0002.098
-01.8068	-00.0241	0002.099
-01.8047	-00.0238	0002.100
-01.8026	-00.0241	0002.101
-01.8007	-00.0238	0002.102
-01.7989	-00.0241	0002.103
-01.7965	-00.0238	0002.104
-01.7949	-00.0238	0002.105
-01.7928	-00.0244	0002.106
-01.7907	-00.0241	0002.107
-01.7891	-00.0238	0002.108
-01.7870	-00.0238	0002.109
-01.7849	-00.0241	0002.110
-01.7836	-00.0241	0002.111
-01.7809	-00.0238	0002.112
-01.7785	-00.0238	0002.113
-01.7763	-00.0238	0002.114
-01.7751	-00.0235	0002.115
-01.7727	-00.0238	0002.116
-01.7711	-00.0238	0002.117
-01.7684	-00.0238	0002.118
-01.7672	-00.0241	0002.119
-01.7647	-00.0238	0002.120
-01.7626	-00.0238	0002.121
-01.7604	-00.0238	0002.122
-01.7592	-00.0241	0002.123
-01.7574	-00.0238	0002.124
-01.7546	-00.0241	0002.125
-01.7531	-00.0235	0002.126
-01.7507	-00.0235	0002.127
-01.7488	-00.0238	0002.128
-01.7467	-00.0241	0002.129
-01.7446	-00.0238	0002.130
-01.7427	-00.0238	0002.131
-01.7409	-00.0238	0002.132
-01.7388	-00.0238	0002.133
-01.7369	-00.0241	0002.134
-01.7351	-00.0238	0002.135
-01.7327	-00.0241	0002.136
-01.7308	-00.0235	0002.137
-01.7287	-00.0235	0002.138
-01.7266	-00.0238	0002.139
-01.7250	-00.0235	0002.140
-01.7226	-00.0241	0002.141
-01.7208	-00.0235	0002.142
-01.7186	-00.0235	0002.143
-01.7168	-00.0238	0002.144
-01.7153	-00.0241	0002.145
-01.7134	-00.0235	0002.146
-01.7107	-00.0232	0002.147
-01.7086	-00.0238	0002.148
-01.7070	-00.0238	0002.149
-01.7043	-00.0241	0002.150
-01.7031	-00.0238	0002.151
-01.7003	-00.0238	0002.152
-01.6988	-00.0238	0002.153
-01.6967	-00.0235	0002.154
-01.6951	-00.0235	0002.155
-01.6933	-00.0238	0002.156
-01.6909	-00.0241	0002.157
-01.6890	-00.0238	0002.158
-01.6866	-00.0235	0002.159
-01.6848	-00.0235	0002.160
-01.6823	-00.0235	0002.161
-01.6811	-00.0235	0002.162
-01.6790	-00.0235	0002.163
-01.6771	-00.0235	0002.164
-01.6750	-00.0235	0002.165
-01.6729	-00.0235	0002.166
-01.6713	-00.0235	0002.167
-01.6683	-00.0235	0002.168
-01.6668	-00.0232	0002.169
-01.6649	-00.0238	0002.170
-01.6628	-00.0241	0002.171
-01.6610	-00.0229	0002.172
-01.6582	-00.0235	0002.173
-01.6567	-00.0232	0002.174
-01.6549	-00.0238	0002.175
-01.6524	-00.0235	0002.176
-01.6503	-00.0232	0002.177
-01.6488	-00.0235	0002.178
-01.6466	-00.0232	0002.179
-01.6448	-00.0235	0002.180
-01.6423	-00.0229	0002.181
-01.6411	-00.0232	0002.182
-01.6381	-00.0232	0002.183
-01.6365	-00.0235	0002.184
-01.6347	-00.0235	0002.185
-01.6326	-00.0232	0002.186
-01.6304	-00.0238	0002.187
-01.6286	-00.0235	0002.188
-01.6268	-00.0232	0002.189
-01.6246	-00.0235	0002.190
-01.6228	-00.0235	0002.191
-01.6210	-00.0235	0002.192
-01.6188	-00.0232	0002.193
-01.6167	-00.0235	0002.194
-01.6146	-00.0235	0002.195
-01.6127	-00.0235	0002.196
-01.6103	-00.0232	0002.197
-01.6088	-00.0235	0002.198
-01.6066	-00.0229	0002.199
-01.6042	-00.0232	0002.200
-01.6027	-00.0232	0002.201
-01.6008	-00.0235	0002.202
-01.5990	-00.0238	0002.203
-01.5969	-00.0232	0002.204
-01.5950	-00.0232	0002.205
-01.5923	-00.0232	0002.206
-01.5905	-00.0232	0002.207
-01.5883	-00.0235	0002.208
-01.5868	-00.0232	0002.209
-01.5844	-00.0232	0002.210
-01.5825	-00.0232	0002.211
-01.5807	-00.0232	0002.212
-01.5786	-00.0235	0002.213
-01.5767	-00.0229	0002.214
-01.5749	-00.0229	0002.215
-01.5725	-00.0229	0002.216
-01.5700	-00.0232	0002.217
-01.5688	-00.0235	0002.218
-01.5664	-00.0232	0002.219
-01.5648	-00.0232	0002.220
-01.5624	-00.0232	0002.221
-01.5609	-00.0232	0002.222
-01.5584	-00.0232	0002.223
-01.5566	-00.0232	0002.224
-01.5545	-00.0232	0002.225
-01.5526	-00.0229	0002.226
-01.5502	-00.0232	0002.227
-01.5487	-00.0229	0002.228
-01.5465	-00.0229	0002.229
-01.5444	-00.0229	0002.230
-01.5425	-00.0229	0002.231
-01.5404	-00.0229	0002.232
-01.5383	-00.0232	0002.233
-01.5368	-00.0232	0002.234
-01.5346	-00.0232	0002.235
-01.5325	-00.0229	0002.236
-01.5303	-00.0225	0002.237
-01.5285	-00.0229	0002.238
-01.5264	-00.0232	0002.239
-01.5242	-00.0225	0002.240
-01.5224	-00.0229	0002.241
-01.5200	-00.0229	0002.242
-01.5191	-00.0225	0002.243
-01.5160	-00.0229	0002.244
-01.5142	-00.0222	0002.245
-01.5123	-00.0229	0002.246
-01.5102	-00.0222	0002.247
-01.5084	-00.0225	0002.248
-01.5065	-00.0225	0002.249
-01.5047	-00.0229	0002.250
-01.5023	-00.0229	0002.251
-01.5001	-00.0229	0002.252
-01.4980	-00.0229	0002.253
-01.4965	-00.0229	0002.254
-01.4943	-00.0229	0002.255
-01.4925	-00.0225	0002.256
-01.4904	-00.0229	0002.257
-01.4882	-00.0229	0002.258
-01.4867	-00.0225	0002.259
-01.4846	-00.0229	0002.260
-01.4824	-00.0222	0002.261
-01.4803	-00.0229	0002.262
-01.4785	-00.0229	0002.263
-01.4760	-00.0225	0002.264
-01.4742	-00.0225	0002.265
-01.4717	-00.0229	0002.266
-01.4708	-00.0225	0002.267
-01.4687	-00.0232	0002.268
-01.4666	-00.0225	0002.269
-01.4644	-00.0229	0002.270
-01.4620	-00.0225	0002.271
-01.4605	-00.0229	0002.272
-01.4583	-00.0229	0002.273
-01.4562	-00.0225	0002.274
-01.4544	-00.0222	0002.275
-01.4522	-00.0225	0002.276
-01.4504	-00.0225	0002.277
-01.4486	-00.0225	0002.278
-01.4461	-00.0229	0002.279
-01.4443	-00.0225	0002.280
-01.4418	-00.0229	0002.281
-01.4403	-00.0225	0002.282
-01.4379	-00.0229	0002.283
-01.4360	-00.0219	0002.284
-01.4345	-00.0225	0002.285
-01.4324	-00.0225	0002.286
-01.4299	-00.0225	0002.287
-01.4281	-00.0222	0002.288
-01.4260	-00.0225	0002.289
-01.4238	-00.0222	0002.290
-01.4211	-00.0229	0002.291
-01.4208	-00.0222	0002.292
-01.4180	-00.0225	0002.293
-01.4165	-00.0222	0002.294
-01.4138	-00.0225	0002.295
-01.4125	-00.0225	0002.296
-01.4101	-00.0222	0002.297
-01.4080	-00.0222	0002.298
-01.4064	-00.0225	0002.299
-01.4040	-00.0222	0002.300
-01.4028	-00.0222	0002.301
-01.4000	-00.0225	0002.302
-01.3982	-00.0222	0002.303
-01.3967	-00.0222	0002.304
-01.3945	-00.0222	0002.305
-01.3921	-00.0222	0002.306
-01.3906	-00.0222	0002.307
-01.3884	-00.0229	0002.308
-01.3863	-00.0222	0002.309
-01.3842	-00.0222	0002.310
-01.3823	-00.0216	0002.311
-01.3802	-00.0222	0002.312
-01.3784	-00.0219	0002.313
-01.3762	-00.0222	0002.314
-01.3738	-00.0219	0002.315
-01.3723	-00.0222	0002.316
-01.3704	-00.0225	0002.317
-01.3683	-00.0225	0002.318
-01.3665	-00.0225	0002.319
-01.3640	-00.0222	0002.320
-01.3619	-00.0219	0002.321
-01.3604	-00.0219	0002.322
-01.3585	-00.0222	0002.323
-01.3564	-00.0222	0002.324
-01.3543	-00.0219	0002.325
-01.3521	-00.0216	0002.326
-01.3503	-00.0219	0002.327
-01.3485	-00.0222	0002.328
-01.3463	-00.0219	0002.329
-01.3445	-00.0219	0002.330
-01.3420	-00.0222	0002.331
-01.3405	-00.0216	0002.332
-01.3384	-00.0219	0002.333
-01.3363	-00.0219	0002.334
-01.3347	-00.0216	0002.335
-01.3323	-00.0219	0002.336
-01.3298	-00.0219	0002.337
-01.3274	-00.0219	0002.338
-01.3262	-00.0219	0002.339
-01.3243	-00.0216	0002.340
-01.3219	-00.0219	0002.341
-01.3204	-00.0219	0002.342
-01.3182	-00.0216	0002.343
-01.3164	-00.0219	0002.344
-01.3146	-00.0216	0002.345
-01.3121	-00.0219	0002.346
-01.3100	-00.0219	0002.347
-01.3082	-00.0219	0002.348
-01.3060	-00.0216	0002.349
-01.3039	-00.0219	0002.350
-01.3018	-00.0216	0002.351
-01.2999	-00.0216	0002.352
-01.2981	-00.0219	0002.353
-01.2963	-00.0213	0002.354
-01.2941	-00.0219	0002.355
-01.2923	-00.0222	0002.356
-01.2896	-00.0210	0002.357
-01.2880	-00.0216	0002.358
-01.2862	-00.0219	0002.359
-01.2838	-00.0216	0002.360
-01.2825	-00.0216	0002.361
-01.2798	-00.0219	0002.362
-01.2786	-00.0219	0002.363
-01.2761	-00.0219	0002.364
-01.2743	-00.0213	0002.365
-01.2719	-00.0219	0002.366
-01.2694	-00.0216	0002.367
-01.2682	-00.0216	0002.368
-01.2661	-00.0216	0002.369
-01.2645	-00.0216	0002.370
-01.2618	-00.0216	0002.371
-01.2603	-00.0210	0002.372
-01.2581	-00.0219	0002.373
-01.2563	-00.0216	0002.374
-01.2545	-00.0213	0002.375
-01.2520	-00.0216	0002.376
-01.2502	-00.0216	0002.377
-01.2481	-00.0213	0002.378
-01.2459	-00.0213	0002.379
-01.2438	-00.0219	0002.380
-01.2416	-00.0216	0002.381
-01.2401	-00.0216	0002.382
-01.2383	-00.0216	0002.383
-01.2355	-00.0216	0002.384
-01.2340	-00.0213	0002.385
-01.2322	-00.0213	0002.386
-01.2300	-00.0216	0002.387
-01.2279	-00.0216	0002.388
-01.2261	-00.0210	0002.389
-01.2243	-00.0213	0002.390
-01.2221	-00.0213	0002.391
-01.2194	-00.0213	0002.392
-01.2181	-00.0213	0002.393
-01.2157	-00.0213	0002.394
-01.2139	-00.0213	0002.395
-01.2120	-00.0213	0002.396
-01.2102	-00.0213	0002.397
-01.2081	-00.0213	0002.398
-01.2059	-00.0216	0002.399
-01.2038	-00.0213	0002.400
-01.2017	-00.0213	0002.401
-01.1995	-00.0216	0002.402
-01.1980	-00.0213	0002.403
-01.1956	-00.0210	0002.404
-01.1940	-00.0216	0002.405
-01.1922	-00.0210	0002.406
-01.1901	-00.0213	0002.407
-01.1879	-00.0207	0002.408
-01.1855	-00.0213	0002.409
-01.1843	-00.0216	0002.410
-01.1818	-00.0216	0002.411
-01.1797	-00.0210	0002.412
-01.1779	-00.0210	0002.413
-01.1751	-00.0210	0002.414
-01.1739	-00.0213	0002.415
-01.1715	-00.0213	0002.416
-01.1699	-00.0207	0002.417
-01.1678	-00.0213	0002.418
-01.1663	-00.0210	0002.419
-01.1641	-00.0210	0002.420
-01.1617	-00.0210	0002.421
-01.1599	-00.0210	0002.422
-01.1580	-00.0210	0002.423
-01.1562	-00.0210	0002.424
-01.1538	-00.0210	0002.425
-01.1519	-00.0210	0002.426
-01.1498	-00.0210	0002.427
-01.1480	-00.0210	0002.428
-01.1458	-00.0210	0002.429
-01.1440	-00.0207	0002.430
-01.1419	-00.0210	0002.431
-01.1394	-00.0204	0002.432
-01.1376	-00.0210	0002.433
-01.1354	-00.0210	0002.434
-01.1336	-00.0207	0002.435
-01.1318	-00.0207	0002.436
-01.1296	-00.0210	0002.437
-01.1281	-00.0210	0002.438
-01.1260	-00.0207	0002.439
-01.1238	-00.0210	0002.440
-01.1217	-00.0210	0002.441
-01.1199	-00.0207	0002.442
-01.1174	-00.0210	0002.443
-01.1159	-00.0207	0002.444
-01.1138	-00.0210	0002.445
-01.1123	-00.0204	0002.446
-01.1095	-00.0207	0002.447
-01.1077	-00.0207	0002.448
-01.1055	-00.0210	0002.449
-01.1037	-00.0201	0002.450
-01.1016	-00.0210	0002.451
-01.0994	-00.0207	0002.452
-01.0976	-00.0210	0002.453
-01.0961	-00.0207	0002.454
-01.0936	-00.0204	0002.455
-01.0918	-00.0204	0002.456
-01.0897	-00.0204	0002.457
-01.0881	-00.0207	0002.458
-01.0857	-00.0207	0002.459
-01.0836	-00.0210	0002.460
-01.0817	-00.0207	0002.461
-01.0799	-00.0207	0002.462
-01.0778	-00.0213	0002.463
-01.0759	-00.0207	0002.464
-01.0738	-00.0210	0002.465
-01.0720	-00.0204	0002.466
-01.0701	-00.0210	0002.467
-01.0677	-00.0204	0002.468
-01.0659	-00.0207	0002.469
-01.0634	-00.0210	0002.470
-01.0622	-00.0204	0002.471
-01.0595	-00.0207	0002.472
-01.0582	-00.0207	0002.473
-01.0558	-00.0207	0002.474
-01.0540	-00.0204	0002.475
-01.0518	-00.0204	0002.476
-01.0494	-00.0204	0002.477
-01.0479	-00.0204	0002.478
-01.0457	-00.0207	0002.479
-01.0442	-00.0201	0002.480
-01.0421	-00.0207	0002.481
-01.0402	-00.0204	0002.482
-01.0381	-00.0201	0002.483
-01.0360	-00.0204	0002.484
-01.0332	-00.0201	0002.485
-01.0317	-00.0207	0002.486
-01.0299	-00.0201	0002.487
-01.0280	-00.0201	0002.488
-01.0259	-00.0201	0002.489
-01.0234	-00.0204	0002.490
-01.0216	-00.0204	0002.491
-01.0198	-00.0201	0002.492
-01.0176	-00.0204	0002.493
-01.0155	-00.0207	0002.494
-01.0140	-00.0204	0002.495
-01.0115	-00.0201	0002.496
-01.0097	-00.0207	0002.497
-01.0079	-00.0207	0002.498
-01.0048	-00.0201	0002.499
-01.0039	-00.0201	0002.500
-01.0018	-00.0204	0002.501
-00.9999	-00.0204	0002.502
-00.9978	-00.0201	0002.503
-00.9954	-00.0204	0002.504
-00.9935	-00.0204	0002.505
-00.9914	-00.0201	0002.506
-00.9902	-00.0198	0002.507
-00.9874	-00.0198	0002.508
-00.9862	-00.0198	0002.509
-00.9838	-00.0198	0002.510
-00.9816	-00.0198	0002.511
-00.9798	-00.0201	0002.512
-00.9777	-00.0198	0002.513
-00.9758	-00.0201	0002.514
-00.9734	-00.0198	0002.515
-00.9719	-00.0198	0002.516
-00.9694	-00.0195	0002.517
-00.9679	-00.0198	0002.518
-00.9658	-00.0201	0002.519
-00.9636	-00.0201	0002.520
-00.9612	-00.0195	0002.521
-00.9597	-00.0198	0002.522
-00.9572	-00.0198	0002.523
-00.9557	-00.0195	0002.524
-00.9536	-00.0201	0002.525
-00.9511	-00.0198	0002.526
-00.9496	-00.0198	0002.527
-00.9478	-00.0198	0002.528
-00.9456	-00.0195	0002.529
-00.9438	-00.0198	0002.530
-00.9417	-00.0198	0002.531
-00.9395	-00.0201	0002.532
-00.9374	-00.0195	0002.533
-00.9356	-00.0195	0002.534
-00.9337	-00.0198	0002.535
-00.9319	-00.0198	0002.536
-00.9291	-00.0201	0002.537
-00.9273	-00.0201	0002.538
-00.9258	-00.0198	0002.539
-00.9233	-00.0198	0002.540
-00.9215	-00.0195	0002.541
-00.9194	-00.0195	0002.542
-00.9175	-00.0195	0002.543
-00.9160	-00.0195	0002.544
-00.9139	-00.0195	0002.545
-00.9114	-00.0198	0002.546
-00.9096	-00.0198	0002.547
-00.9078	-00.0198	0002.548
-00.9060	-00.0192	0002.549
-00.9029	-00.0192	0002.550
-00.9014	-00.0195	0002.551
-00.8995	-00.0195	0002.552
-00.8974	-00.0195	0002.553
-00.8956	-00.0195	0002.554
-00.8937	-00.0195	0002.555
-00.8916	-00.0195	0002.556
-00.8892	-00.0192	0002.557
-00.8876	-00.0198	0002.558
-00.8855	-00.0192	0002.559
-00.8834	-00.0192	0002.560
-00.8815	-00.0195	0002.561
-00.8794	-00.0192	0002.562
-00.8773	-00.0192	0002.563
-00.8754	-00.0195	0002.564
-00.8739	-00.0189	0002.565
-00.8715	-00.0192	0002.566
-00.8693	-00.0192	0002.567
-00.8675	-00.0192	0002.568
-00.8657	-00.0192	0002.569
-00.8635	-00.0189	0002.570
-00.8611	-00.0192	0002.571
-00.8599	-00.0189	0002.572
-00.8571	-00.0195	0002.573
-00.8556	-00.0192	0002.574
-00.8532	-00.0192	0002.575
-00.8516	-00.0192	0002.576
-00.8498	-00.0189	0002.577
-00.8477	-00.0192	0002.578
-00.8452	-00.0189	0002.579
-00.8431	-00.0195	0002.580
-00.8413	-00.0192	0002.581
-00.8397	-00.0192	0002.582
-00.8376	-00.0189	0002.583
-00.8352	-00.0192	0002.584
-00.8339	-00.0189	0002.585
-00.8315	-00.0192	0002.586
-00.8294	-00.0186	0002.587
-00.8272	-00.0189	0002.588
-00.8254	-00.0189	0002.589
-00.8233	-00.0192	0002.590
-00.8211	-00.0186	0002.591
-00.8196	-00.0189	0002.592
-00.8178	-00.0192	0002.593
-00.8150	-00.0186	0002.594
-00.8135	-00.0189	0002.595
-00.8113	-00.0189	0002.596
-00.8098	-00.0186	0002.597
-00.8071	-00.0189	0002.598
-00.8056	-00.0183	0002.599
-00.8031	-00.0189	0002.600
-00.8013	-00.0189	0002.601
-00.7991	-00.0189	0002.602
-00.7973	-00.0189	0002.603
-00.7952	-00.0186	0002.604
-00.7936	-00.0189	0002.605
-00.7915	-00.0186	0002.606
-00.7900	-00.0186	0002.607
-00.7875	-00.0186	0002.608
-00.7851	-00.0189	0002.609
-00.7833	-00.0186	0002.610
-00.7814	-00.0186	0002.611
-00.7796	-00.0186	0002.612
-00.7775	-00.0189	0002.613
-00.7756	-00.0183	0002.614
-00.7735	-00.0189	0002.615
-00.7714	-00.0186	0002.616
-00.7689	-00.0186	0002.617
-00.7674	-00.0186	0002.618
-00.7656	-00.0186	0002.619
-00.7640	-00.0186	0002.620
-00.7616	-00.0183	0002.621
-00.7595	-00.0189	0002.622
-00.7573	-00.0186	0002.623
-00.7552	-00.0186	0002.624
-00.7537	-00.0183	0002.625
-00.7515	-00.0189	0002.626
-00.7491	-00.0186	0002.627
-00.7473	-00.0186	0002.628
-00.7457	-00.0186	0002.629
-00.7436	-00.0186	0002.630
-00.7415	-00.0183	0002.631
-00.7393	-00.0186	0002.632
-00.7372	-00.0186	0002.633
-00.7351	-00.0183	0002.634
-00.7332	-00.0186	0002.635
-00.7314	-00.0183	0002.636
-00.7293	-00.0183	0002.637
-00.7274	-00.0183	0002.638
-00.7256	-00.0183	0002.639
-00.7235	-00.0183	0002.640
-00.7216	-00.0180	0002.641
-00.7195	-00.0177	0002.642
-00.7170	-00.0180	0002.643
-00.7155	-00.0183	0002.644
-00.7131	-00.0183	0002.645
-00.7119	-00.0180	0002.646
-00.7094	-00.0180	0002.647
-00.7076	-00.0177	0002.648
-00.7058	-00.0183	0002.649
-00.7033	-00.0183	0002.650
-00.7012	-00.0180	0002.651
-00.6997	-00.0180	0002.652
-00.6972	-00.0180	0002.653
-00.6954	-00.0180	0002.654
-00.6939	-00.0180	0002.655
-00.6911	-00.0177	0002.656
-00.6893	-00.0186	0002.657
-00.6868	-00.0180	0002.658
-00.6856	-00.0180	0002.659
-00.6838	-00.0177	0002.660
-00.6813	-00.0183	0002.661
-00.6795	-00.0180	0002.662
-00.6771	-00.0180	0002.663
-00.6749	-00.0177	0002.664
-00.6731	-00.0174	0002.665
-00.6713	-00.0180	0002.666
-00.6691	-00.0177	0002.667
-00.6673	-00.0180	0002.668
-00.6655	-00.0177	0002.669
-00.6630	-00.0183	0002.670
-00.6609	-00.0180	0002.671
-00.6594	-00.0180	0002.672
-00.6569	-00.0180	0002.673
-00.6551	-00.0174	0002.674
-00.6533	-00.0177	0002.675
-00.6514	-00.0180	0002.676
-00.6496	-00.0177	0002.677
-00.6469	-00.0177	0002.678
-00.6450	-00.0180	0002.679
-00.6435	-00.0177	0002.680
-00.6411	-00.0174	0002.681
-00.6392	-00.0177	0002.682
-00.6371	-00.0177	0002.683
-00.6356	-00.0177	0002.684
-00.6331	-00.0180	0002.685
-00.6310	-00.0177	0002.686
-00.6292	-00.0171	0002.687
-00.6273	-00.0174	0002.688
-00.6249	-00.0174	0002.689
-00.6234	-00.0177	0002.690
-00.6215	-00.0174	0002.691
-00.6194	-00.0174	0002.692
-00.6173	-00.0174	0002.693
-00.6148	-00.0171	0002.694
-00.6136	-00.0177	0002.695
-00.6112	-00.0177	0002.696
-00.6093	-00.0177	0002.697
-00.6066	-00.0180	0002.698
-00.6054	-00.0174	0002.699
-00.6032	-00.0177	0002.700
-00.6011	-00.0171	0002.701
-00.5993	-00.0174	0002.702
-00.5971	-00.0171	0002.703
-00.5953	-00.0174	0002.704
-00.5928	-00.0171	0002.705
-00.5913	-00.0171	0002.706
-00.5889	-00.0174	0002.707
-00.5873	-00.0174	0002.708
-00.5852	-00.0174	0002.709
-00.5834	-00.0164	0002.710
-00.5812	-00.0174	0002.711
-00.5791	-00.0167	0002.712
-00.5773	-00.0174	0002.713
-00.5751	-00.0167	0002.714
-00.5733	-00.0174	0002.715
-00.5715	-00.0174	0002.716
-00.5690	-00.0171	0002.717
-00.5669	-00.0171	0002.718
-00.5651	-00.0164	0002.719
-00.5629	-00.0171	0002.720
-00.5608	-00.0171	0002.721
-00.5587	-00.0167	0002.722
-00.5571	-00.0164	0002.723
-00.5550	-00.0174	0002.724
-00.5535	-00.0171	0002.725
-00.5510	-00.0167	0002.726
-00.5486	-00.0167	0002.727
-00.5474	-00.0171	0002.728
-00.5449	-00.0171	0002.729
-00.5431	-00.0167	0002.730
-00.5410	-00.0171	0002.731
-00.5388	-00.0167	0002.732
-00.5376	-00.0167	0002.733
-00.5349	-00.0167	0002.734
-00.5330	-00.0164	0002.735
-00.5312	-00.0164	0002.736
-00.5291	-00.0167	0002.737
-00.5272	-00.0171	0002.738
-00.5248	-00.0167	0002.739
-00.5230	-00.0167	0002.740
-00.5208	-00.0164	0002.741
-00.5193	-00.0167	0002.742
-00.5169	-00.0167	0002.743
-00.5150	-00.0167	0002.744
-00.5132	-00.0161	0002.745
-00.5111	-00.0164	0002.746
-00.5086	-00.0164	0002.747
-00.5068	-00.0167	0002.748
-00.5050	-00.0164	0002.749
-00.5025	-00.0164	0002.750
-00.5007	-00.0167	0002.751
-00.4988	-00.0164	0002.752
-00.4973	-00.0161	0002.753
-00.4949	-00.0161	0002.754
-00.4931	-00.0164	0002.755
-00.4906	-00.0161	0002.756
-00.4891	-00.0161	0002.757
-00.4873	-00.0164	0002.758
-00.4851	-00.0164	0002.759
-00.4830	-00.0161	0002.760
-00.4805	-00.0161	0002.761
-00.4787	-00.0161	0002.762
-00.4772	-00.0161	0002.763
-00.4754	-00.0161	0002.764
-00.4726	-00.0161	0002.765
-00.4708	-00.0164	0002.766
-00.4696	-00.0164	0002.767
-00.4665	-00.0161	0002.768
-00.4647	-00.0164	0002.769
-00.4628	-00.0164	0002.770
-00.4607	-00.0161	0002.771
-00.4586	-00.0161	0002.772
-00.4570	-00.0161	0002.773
-00.4552	-00.0155	0002.774
-00.4531	-00.0158	0002.775
-00.4506	-00.0158	0002.776
-00.4491	-00.0158	0002.777
-00.4470	-00.0161	0002.778
-00.4451	-00.0164	0002.779
-00.4430	-00.0158	0002.780
-00.4406	-00.0158	0002.781
-00.4396	-00.0161	0002.782
-00.4366	-00.0161	0002.783
-00.4348	-00.0164	0002.784
-00.4329	-00.0155	0002.785
-00.4305	-00.0158	0002.786
-00.4293	-00.0161	0002.787
-00.4271	-00.0155	0002.788
-00.4244	-00.0155	0002.789
-00.4232	-00.0158	0002.790
-00.4207	-00.0155	0002.791
-00.4189	-00.0158	0002.792
-00.4168	-00.0161	0002.793
-00.4146	-00.0158	0002.794
-00.4128	-00.0158	0002.795
-00.4110	-00.0158	0002.796
-00.4085	-00.0158	0002.797
-00.4070	-00.0158	0002.798
-00.4052	-00.0158	0002.799
-00.4030	-00.0155	0002.800
-00.4009	-00.0158	0002.801
-00.3994	-00.0155	0002.802
-00.3972	-00.0155	0002.803
-00.3951	-00.0155	0002.804
-00.3930	-00.0155	0002.805
-00.3905	-00.0152	0002.806
-00.3887	-00.0155	0002.807
-00.3872	-00.0158	0002.808
-00.3847	-00.0152	0002.809
-00.3829	-00.0152	0002.810
-00.3811	-00.0155	0002.811
-00.3786	-00.0152	0002.812
-00.3771	-00.0152	0002.813
-00.3746	-00.0152	0002.814
-00.3728	-00.0152	0002.815
-00.3707	-00.0152	0002.816
-00.3685	-00.0152	0002.817
-00.3670	-00.0155	0002.818
-00.3649	-00.0155	0002.819
-00.3630	-00.0152	0002.820
-00.3603	-00.0149	0002.821
-00.3591	-00.0155	0002.822
-00.3572	-00.0152	0002.823
-00.3548	-00.0149	0002.824
-00.3530	-00.0149	0002.825
-00.3508	-00.0152	0002.826
-00.3484	-00.0155	0002.827
-00.3469	-00.0149	0002.828
-00.3444	-00.0146	0002.829
-00.3426	-00.0152	0002.830
-00.3414	-00.0152	0002.831
-00.3386	-00.0149	0002.832
-00.3368	-00.0143	0002.833
-00.3350	-00.0155	0002.834
-00.3328	-00.0146	0002.835
-00.3310	-00.0149	0002.836
-00.3292	-00.0149	0002.837
-00.3270	-00.0149	0002.838
-00.3246	-00.0152	0002.839
-00.3228	-00.0149	0002.840
-00.3206	-00.0146	0002.841
-00.3182	-00.0149	0002.842
-00.3170	-00.0140	0002.843
-00.3145	-00.0149	0002.844
-00.3130	-00.0146	0002.845
-00.3109	-00.0149	0002.846
-00.3084	-00.0146	0002.847
-00.3072	-00.0149	0002.848
-00.3045	-00.0149	0002.849
-00.3029	-00.0146	0002.850
-00.3005	-00.0146	0002.851
-00.2983	-00.0143	0002.852
-00.2971	-00.0143	0002.853
-00.2944	-00.0143	0002.854
-00.2929	-00.0146	0002.855
-00.2913	-00.0146	0002.856
-00.2886	-00.0143	0002.857
-00.2868	-00.0143	0002.858
-00.2843	-00.0146	0002.859
-00.2828	-00.0146	0002.860
-00.2806	-00.0140	0002.861
-00.2785	-00.0143	0002.862
-00.2767	-00.0143	0002.863
-00.2739	-00.0140	0002.864
-00.2727	-00.0146	0002.865
-00.2700	-00.0143	0002.866
-00.2687	-00.0143	0002.867
-00.2663	-00.0140	0002.868
-00.2648	-00.0137	0002.869
-00.2626	-00.0143	0002.870
-00.2608	-00.0143	0002.871
-00.2587	-00.0143	0002.872
-00.2565	-00.0140	0002.873
-00.2544	-00.0143	0002.874
-00.2526	-00.0137	0002.875
-00.2504	-00.0143	0002.876
-00.2489	-00.0143	0002.877
-00.2465	-00.0143	0002.878
-00.2446	-00.0143	0002.879
-00.2422	-00.0140	0002.880
-00.2410	-00.0137	0002.881
-00.2382	-00.0131	0002.882
-00.2367	-00.0137	0002.883
-00.2343	-00.0140	0002.884
-00.2324	-00.0140	0002.885
-00.2306	-00.0137	0002.886
-00.2285	-00.0137	0002.887
-00.2266	-00.0137	0002.888
-00.2242	-00.0137	0002.889
-00.2224	-00.0140	0002.890
-00.2205	-00.0140	0002.891
-00.2181	-00.0137	0002.892
-00.2163	-00.0137	0002.893
-00.2147	-00.0137	0002.894
-00.2126	-00.0137	0002.895
-00.2108	-00.0137	0002.896
-00.2083	-00.0137	0002.897
-00.2062	-00.0137	0002.898
-00.2047	-00.0137	0002.899
-00.2025	-00.0137	0002.900
-00.2007	-00.0137	0002.901
-00.1986	-00.0134	0002.902
-00.1964	-00.0137	0002.903
-00.1946	-00.0134	0002.904
-00.1921	-00.0131	0002.905
-00.1906	-00.0137	0002.906
-00.1888	-00.0134	0002.907
-00.1863	-00.0134	0002.908
-00.1845	-00.0134	0002.909
-00.1827	-00.0134	0002.910
-00.1806	-00.0131	0002.911
-00.1784	-00.0131	0002.912
-00.1766	-00.0131	0002.913
-00.1744	-00.0134	0002.914
-00.1726	-00.0134	0002.915
-00.1702	-00.0131	0002.916
-00.1686	-00.0131	0002.917
-00.1662	-00.0131	0002.918
-00.1647	-00.0134	0002.919
-00.1622	-00.0131	0002.920
-00.1604	-00.0131	0002.921
-00.1583	-00.0131	0002.922
-00.1567	-00.0134	0002.923
-00.1543	-00.0131	0002.924
-00.1528	-00.0131	0002.925
-00.1503	-00.0131	0002.926
-00.1488	-00.0128	0002.927
-00.1467	-00.0131	0002.928
-00.1448	-00.0131	0002.929
-00.1430	-00.0128	0002.930
-00.1409	-00.0128	0002.931
-00.1387	-00.0131	0002.932
-00.1363	-00.0128	0002.933
-00.1348	-00.0131	0002.934
-00.1323	-00.0128	0002.935
-00.1305	-00.0131	0002.936
-00.1281	-00.0131	0002.937
-00.1265	-00.0128	0002.938
-00.1244	-00.0128	0002.939
-00.1226	-00.0131	0002.940
-00.1207	-00.0128	0002.941
-00.1186	-00.0131	0002.942
-00.1165	-00.0128	0002.943
-00.1146	-00.0125	0002.944
-00.1125	-00.0131	0002.945
-00.1107	-00.0131	0002.946
-00.1085	-00.0125	0002.947
-00.1064	-00.0128	0002.948
-00.1046	-00.0128	0002.949
-00.1030	-00.0128	0002.950
-00.1006	-00.0125	0002.951
-00.0988	-00.0125	0002.952
-00.0960	-00.0125	0002.953
-00.0945	-00.0122	0002.954
-00.0927	-00.0125	0002.955
-00.0902	-00.0122	0002.956
-00.0884	-00.0122	0002.957
-00.0863	-00.0125	0002.958
-00.0847	-00.0125	0002.959
-00.0823	-00.0122	0002.960
-00.0798	-00.0125	0002.961
-00.0783	-00.0125	0002.962
-00.0765	-00.0125	0002.963
-00.0747	-00.0119	0002.964
-00.0725	-00.0119	0002.965
-00.0701	-00.0122	0002.966
-00.0682	-00.0122	0002.967
-00.0664	-00.0122	0002.968
-00.0649	-00.0119	0002.969
-00.0624	-00.0119	0002.970
-00.0603	-00.0122	0002.971
-00.0582	-00.0119	0002.972
-00.0566	-00.0119	0002.973
-00.0539	-00.0122	0002.974
-00.0527	-00.0119	0002.975
-00.0505	-00.0119	0002.976
-00.0484	-00.0119	0002.977
-00.0466	-00.0119	0002.978
-00.0444	-00.0116	0002.979
-00.0423	-00.0116	0002.980
-00.0402	-00.0119	0002.981
-00.0383	-00.0116	0002.982
-00.0365	-00.0116	0002.983
-00.0344	-00.0119	0002.984
-00.0322	-00.0119	0002.985
-00.0307	-00.0116	0002.986
-00.0283	-00.0119	0002.987
-00.0267	-00.0116	0002.988
-00.0243	-00.0113	0002.989
-00.0225	-00.0116	0002.990
-00.0200	-00.0116	0002.991
-00.0182	-00.0113	0002.992
-00.0164	-00.0113	0002.993
-00.0136	-00.0116	0002.994
-00.0127	-00.0119	0002.995
-00.0103	-00.0116	0002.996
-00.0084	-00.0113	0002.997
-00.0066	-00.0113	0002.998
-00.0042	-00.0109	0002.999
