R,Ohm	C,pF	Temp,C
0000000000	0000100000	+025.00
Ch1,V	Ch2,V	Time,s
-00.0002	-00.0009	0000.000
-00.0002	-00.0012	0000.001
+00.0200	-00.0006	0000.002
+00.0392	-00.0003	0000.003
+00.0593	-00.0009	0000.004
+00.0801	-00.0003	0000.005
+00.1002	-00.0006	0000.006
+00.1197	-00.0003	0000.007
+00.1396	+00.0000	0000.008
+00.1597	-00.0003	0000.009
+00.1793	+00.0000	0000.010
+00.1997	+00.0000	0000.011
+00.2198	+00.0003	0000.012
+00.2400	+00.0000	0000.013
+00.2598	+00.0006	0000.014
+00.2800	+00.0006	0000.015
+00.3001	+00.0010	0000.016
+00.3199	+00.0010	0000.017
+00.3404	+00.0016	0000.018
+00.3599	+00.0016	0000.019
+00.3801	+00.0019	0000.020
+00.3999	+00.0022	0000.021
+00.4206	+00.0022	0000.022
+00.4402	+00.0028	0000.023
+00.4603	+00.0028	0000.024
+00.4805	+00.0031	0000.025
+00.5006	+00.0037	0000.026
+00.5201	+00.0037	0000.027
+00.5403	+00.0046	0000.028
+00.5604	+00.0049	0000.029
+00.5806	+00.0052	0000.030
+00.6007	+00.0058	0000.031
+00.6205	+00.0068	0000.032
+00.6401	+00.0071	0000.033
+00.6602	+00.0092	0000.034
+00.6807	+00.0107	0000.035
+00.7005	+00.0132	0000.036
+00.7209	+00.0171	0000.037
+00.7402	+00.0266	0000.038
+00.7606	+00.0351	0000.039
+00.7808	+00.0675	0000.040
+00.8006	+00.2021	0000.041
+00.8204	+00.2991	0000.042
+00.8409	+00.4184	0000.043
+00.8607	+00.5539	0000.044
+00.8805	+00.5805	0000.045
+00.9010	+00.5945	0000.046
+00.9208	+00.6040	0000.047
+00.9413	+00.6122	0000.048
+00.9611	+00.6186	0000.049
+00.9813	+00.6253	0000.050
+01.0008	+00.6360	0000.051
+01.0212	+00.6415	0000.052
+01.0414	+00.6485	0000.053
+01.0609	+00.6693	0000.054
+01.0810	+00.6726	0000.055
+01.1012	+00.6769	0000.056
+01.1213	+00.6797	0000.057
+01.1406	+00.6833	0000.058
+01.1613	+00.6864	0000.059
+01.1811	+00.6882	0000.060
+01.2016	+00.6903	0000.061
+01.2214	+00.6925	0000.062
+01.2416	+00.6943	0000.063
+01.2611	+00.6964	0000.064
+01.2815	+00.6977	0000.065
+01.3017	+00.6992	0000.066
+01.3218	+00.7010	0000.067
+01.3414	+00.7032	0000.068
+01.3615	+00.7050	0000.069
+01.3816	+00.7065	0000.070
+01.4018	+00.7080	0000.071
+01.4213	+00.7093	0000.072
+01.4415	+00.7099	0000.073
+01.4619	+00.7117	0000.074
+01.4817	+00.7126	0000.075
+01.5022	+00.7138	0000.076
+01.5217	+00.7151	0000.077
+01.5419	+00.7154	0000.078
+01.5620	+00.7166	0000.079
+01.5821	+00.7178	0000.080
+01.6020	+00.7184	0000.081
+01.6221	+00.7187	0000.082
+01.6420	+00.7199	0000.083
+01.6618	+00.7206	0000.084
+01.6816	+00.7215	0000.085
+01.7024	+00.7221	0000.086
+01.7222	+00.7227	0000.087
+01.7421	+00.7233	0000.088
+01.7616	+00.7239	0000.089
+01.7823	+00.7248	0000.090
+01.8022	+00.7254	0000.091
+01.8223	+00.7260	0000.092
+01.8425	+00.7264	0000.093
+01.8626	+00.7279	0000.094
+01.8827	+00.7279	0000.095
+01.9023	+00.7288	0000.096
+01.9224	+00.7294	0000.097
+01.9419	+00.7297	0000.098
+01.9627	+00.7306	0000.099
+01.9819	+00.7309	0000.100
+02.0027	+00.7318	0000.101
+02.0222	+00.7322	0000.102
+02.0427	+00.7328	0000.103
+02.0622	+00.7328	0000.104
+02.0826	+00.7334	0000.105
+02.1022	+00.7337	0000.106
+02.1232	+00.7340	0000.107
+02.1428	+00.7340	0000.108
+02.1626	+00.7349	0000.109
+02.1818	+00.7349	0000.110
+02.2023	+00.7358	0000.111
+02.2227	+00.7358	0000.112
+02.2422	+00.7361	0000.113
+02.2636	+00.7364	0000.114
+02.2822	+00.7364	0000.115
+02.3027	+00.7376	0000.116
+02.3222	+00.7373	0000.117
+02.3423	+00.7376	0000.118
+02.3628	+00.7376	0000.119
+02.3832	+00.7383	0000.120
+02.4031	+00.7386	0000.121
+02.4229	+00.7389	0000.122
+02.4427	+00.7392	0000.123
+02.4632	+00.7398	0000.124
+02.4827	+00.7398	0000.125
+02.5032	+00.7404	0000.126
+02.5230	+00.7401	0000.127
+02.5431	+00.7404	0000.128
+02.5630	+00.7410	0000.129
+02.5831	+00.7407	0000.130
+02.6033	+00.7416	0000.131
+02.6231	+00.7416	0000.132
+02.6432	+00.7416	0000.133
+02.6628	+00.7416	0000.134
+02.6835	+00.7422	0000.135
+02.7034	+00.7428	0000.136
+02.7235	+00.7428	0000.137
+02.7436	+00.7425	0000.138
+02.7638	+00.7431	0000.139
+02.7833	+00.7434	0000.140
+02.8035	+00.7437	0000.141
+02.8239	+00.7437	0000.142
+02.8431	+00.7441	0000.143
+02.8639	+00.7447	0000.144
+02.8837	+00.7453	0000.145
+02.9039	+00.7447	0000.146
+02.9231	+00.7450	0000.147
+02.9432	+00.7453	0000.148
+02.9634	+00.7456	0000.149
+02.9838	+00.7456	0000.150
+03.0040	+00.7459	0000.151
+02.9838	+00.7456	0000.152
+02.9637	+00.7459	0000.153
+02.9432	+00.7456	0000.154
+02.9246	+00.7456	0000.155
+02.9045	+00.7456	0000.156
+02.8837	+00.7456	0000.157
+02.8645	+00.7456	0000.158
+02.8447	+00.7456	0000.159
+02.8239	+00.7456	0000.160
+02.8041	+00.7453	0000.161
+02.7836	+00.7456	0000.162
+02.7638	+00.7450	0000.163
+02.7439	+00.7453	0000.164
+02.7244	+00.7450	0000.165
+02.7037	+00.7450	0000.166
+02.6835	+00.7450	0000.167
+02.6640	+00.7450	0000.168
+02.6429	+00.7450	0000.169
+02.6231	+00.7447	0000.170
+02.6036	+00.7444	0000.171
+02.5834	+00.7447	0000.172
+02.5636	+00.7441	0000.173
+02.5434	+00.7444	0000.174
+02.5236	+00.7441	0000.175
+02.5038	+00.7441	0000.176
+02.4830	+00.7444	0000.177
+02.4629	+00.7441	0000.178
+02.4430	+00.7437	0000.179
+02.4232	+00.7441	0000.180
+02.4031	+00.7444	0000.181
+02.3838	+00.7437	0000.182
+02.3628	+00.7441	0000.183
+02.3436	+00.7431	0000.184
+02.3225	+00.7434	0000.185
+02.3030	+00.7431	0000.186
+02.2828	+00.7428	0000.187
+02.2627	+00.7431	0000.188
+02.2429	+00.7428	0000.189
+02.2227	+00.7425	0000.190
+02.2026	+00.7431	0000.191
+02.1830	+00.7425	0000.192
+02.1629	+00.7425	0000.193
+02.1431	+00.7422	0000.194
+02.1226	+00.7419	0000.195
+02.1022	+00.7425	0000.196
+02.0826	+00.7419	0000.197
+02.0628	+00.7419	0000.198
+02.0424	+00.7416	0000.199
+02.0225	+00.7416	0000.200
+02.0030	+00.7419	0000.201
+01.9825	+00.7413	0000.202
+01.9630	+00.7413	0000.203
+01.9426	+00.7416	0000.204
+01.9224	+00.7413	0000.205
+01.9029	+00.7413	0000.206
+01.8827	+00.7410	0000.207
+01.8623	+00.7413	0000.208
+01.8428	+00.7407	0000.209
+01.8223	+00.7407	0000.210
+01.8019	+00.7410	0000.211
+01.7823	+00.7404	0000.212
+01.7619	+00.7401	0000.213
+01.7421	+00.7401	0000.214
+01.7225	+00.7398	0000.215
+01.7024	+00.7398	0000.216
+01.6822	+00.7395	0000.217
+01.6621	+00.7398	0000.218
+01.6420	+00.7395	0000.219
+01.6224	+00.7392	0000.220
+01.6020	+00.7392	0000.221
+01.5825	+00.7386	0000.222
+01.5623	+00.7389	0000.223
+01.5425	+00.7392	0000.224
+01.5220	+00.7389	0000.225
+01.5019	+00.7389	0000.226
+01.4820	+00.7389	0000.227
+01.4616	+00.7383	0000.228
+01.4418	+00.7383	0000.229
+01.4219	+00.7380	0000.230
+01.4021	+00.7386	0000.231
+01.3819	+00.7376	0000.232
+01.3621	+00.7376	0000.233
+01.3420	+00.7376	0000.234
+01.3221	+00.7376	0000.235
+01.3023	+00.7373	0000.236
+01.2815	+00.7370	0000.237
+01.2620	+00.7373	0000.238
+01.2416	+00.7370	0000.239
+01.2214	+00.7367	0000.240
+01.2016	+00.7364	0000.241
+01.1814	+00.7364	0000.242
+01.1613	+00.7367	0000.243
+01.1415	+00.7361	0000.244
+01.1213	+00.7361	0000.245
+01.1015	+00.7361	0000.246
+01.0810	+00.7358	0000.247
+01.0612	+00.7358	0000.248
+01.0414	+00.7355	0000.249
+01.0221	+00.7349	0000.250
+01.0011	+00.7349	0000.251
+00.9806	+00.7349	0000.252
+00.9608	+00.7349	0000.253
+00.9416	+00.7349	0000.254
+00.9211	+00.7343	0000.255
+00.9010	+00.7343	0000.256
+00.8809	+00.7343	0000.257
+00.8610	+00.7340	0000.258
+00.8412	+00.7337	0000.259
+00.8210	+00.7334	0000.260
+00.8006	+00.7337	0000.261
+00.7814	+00.7334	0000.262
+00.7609	+00.7331	0000.263
+00.7411	+00.7331	0000.264
+00.7209	+00.7328	0000.265
+00.7011	+00.7328	0000.266
+00.6807	+00.7322	0000.267
+00.6608	+00.7322	0000.268
+00.6407	+00.7318	0000.269
+00.6205	+00.7312	0000.270
+00.6004	+00.7309	0000.271
+00.5809	+00.7309	0000.272
+00.5607	+00.7309	0000.273
+00.5409	+00.7309	0000.274
+00.5210	+00.7303	0000.275
+00.5006	+00.7303	0000.276
+00.4805	+00.7300	0000.277
+00.4606	+00.7297	0000.278
+00.4405	+00.7297	0000.279
+00.4206	+00.7294	0000.280
+00.4002	+00.7288	0000.281
+00.3801	+00.7285	0000.282
+00.3602	+00.7285	0000.283
+00.3410	+00.7276	0000.284
+00.3199	+00.7276	0000.285
+00.3001	+00.7270	0000.286
+00.2803	+00.7270	0000.287
+00.2601	+00.7264	0000.288
+00.2406	+00.7260	0000.289
+00.2201	+00.7254	0000.290
+00.2003	+00.7248	0000.291
+00.1802	+00.7248	0000.292
+00.1600	+00.7239	0000.293
+00.1399	+00.7236	0000.294
+00.1204	+00.7227	0000.295
+00.0999	+00.7221	0000.296
+00.0801	+00.7218	0000.297
+00.0599	+00.7212	0000.298
+00.0395	+00.7203	0000.299
