R,Ohm	C,pF	Temp,C
0000000000	0000100000	+025.00
Ch1,V	Ch2,V	Time,s
-00.0002	-00.0009	0000.000
-00.0002	-00.0009	0000.001
-00.0081	-00.0009	0000.002
-00.0161	-00.0012	0000.003
-00.0240	-00.0009	0000.004
-00.0322	-00.0006	0000.005
-00.0399	-00.0012	0000.006
-00.0481	-00.0009	0000.007
-00.0563	-00.0009	0000.008
-00.0640	-00.0012	0000.009
-00.0722	-00.0012	0000.010
-00.0808	-00.0015	0000.011
-00.0884	-00.0015	0000.012
-00.0957	-00.0015	0000.013
-00.1043	-00.0015	0000.014
-00.1119	-00.0018	0000.015
-00.1204	-00.0015	0000.016
-00.1284	-00.0018	0000.017
-00.1363	-00.0018	0000.018
-00.1439	-00.0021	0000.019
-00.1525	-00.0018	0000.020
-00.1604	-00.0021	0000.021
-00.1680	-00.0021	0000.022
-00.1763	-00.0024	0000.023
-00.1842	-00.0027	0000.024
-00.1921	-00.0027	0000.025
-00.2004	-00.0027	0000.026
-00.2080	-00.0030	0000.027
-00.2160	-00.0030	0000.028
-00.2242	-00.0036	0000.029
-00.2324	-00.0039	0000.030
-00.2404	-00.0042	0000.031
-00.2480	-00.0039	0000.032
-00.2559	-00.0045	0000.033
-00.2648	-00.0045	0000.034
-00.2727	-00.0052	0000.035
-00.2803	-00.0058	0000.036
-00.2883	-00.0058	0000.037
-00.2962	-00.0061	0000.038
-00.3045	-00.0067	0000.039
-00.3124	-00.0073	0000.040
-00.3203	-00.0076	0000.041
-00.3283	-00.0082	0000.042
-00.3362	-00.0088	0000.043
-00.3444	-00.0091	0000.044
-00.3527	-00.0100	0000.045
-00.3606	-00.0103	0000.046
-00.3682	-00.0125	0000.047
-00.3768	-00.0128	0000.048
-00.3844	-00.0140	0000.049
-00.3923	-00.0146	0000.050
-00.4000	-00.0158	0000.051
-00.4088	-00.0167	0000.052
-00.4168	-00.0180	0000.053
-00.4253	-00.0189	0000.054
-00.4323	-00.0204	0000.055
-00.4406	-00.0216	0000.056
-00.4488	-00.0229	0000.057
-00.4570	-00.0244	0000.058
-00.4647	-00.0268	0000.059
-00.4726	-00.0280	0000.060
-00.4805	-00.0305	0000.061
-00.4885	-00.0329	0000.062
-00.4967	-00.0348	0000.063
-00.5050	-00.0378	0000.064
-00.5129	-00.0402	0000.065
-00.5208	-00.0436	0000.066
-00.5291	-00.0467	0000.067
-00.5367	-00.0500	0000.068
-00.5449	-00.0549	0000.069
-00.5519	-00.0598	0000.070
-00.5608	-00.0644	0000.071
-00.5690	-00.0708	0000.072
-00.5767	-00.0787	0000.073
-00.5846	-00.0863	0000.074
-00.5928	-00.0964	0000.075
-00.6008	-00.1068	0000.076
-00.6090	-00.1245	0000.077
-00.6170	-00.1938	0000.078
-00.6246	-00.3314	0000.079
-00.6331	-00.4312	0000.080
-00.6408	-00.4770	0000.081
-00.6490	-00.5218	0000.082
-00.6569	-00.5539	0000.083
-00.6652	-00.5871	0000.084
-00.6731	-00.5993	0000.085
-00.6810	-00.6079	0000.086
-00.6893	-00.6155	0000.087
-00.6969	-00.6204	0000.088
-00.7051	-00.6268	0000.089
-00.7128	-00.6314	0000.090
-00.7213	-00.6356	0000.091
-00.7290	-00.6396	0000.092
-00.7369	-00.6436	0000.093
-00.7448	-00.6475	0000.094
-00.7531	-00.6509	0000.095
-00.7610	-00.6543	0000.096
-00.7692	-00.6564	0000.097
-00.7772	-00.6585	0000.098
-00.7851	-00.6613	0000.099
-00.7927	-00.6631	0000.100
-00.8013	-00.6649	0000.101
-00.8089	-00.6665	0000.102
-00.8171	-00.6683	0000.103
-00.8248	-00.6698	0000.104
-00.8333	-00.6717	0000.105
-00.8416	-00.6735	0000.106
-00.8489	-00.6747	0000.107
-00.8571	-00.6759	0000.108
-00.8651	-00.6771	0000.109
-00.8730	-00.6790	0000.110
-00.8815	-00.6799	0000.111
-00.8889	-00.6814	0000.112
-00.8971	-00.6817	0000.113
-00.9050	-00.6829	0000.114
-00.9136	-00.6842	0000.115
-00.9212	-00.6848	0000.116
-00.9295	-00.6851	0000.117
-00.9371	-00.6860	0000.118
-00.9453	-00.6869	0000.119
-00.9536	-00.6881	0000.120
-00.9612	-00.6891	0000.121
-00.9694	-00.6900	0000.122
-00.9774	-00.6906	0000.123
-00.9856	-00.6915	0000.124
-00.9932	-00.6924	0000.125
-01.0015	-00.6936	0000.126
-01.0091	-00.6939	0000.127
-01.0176	-00.6948	0000.128
-01.0256	-00.6958	0000.129
-01.0332	-00.6958	0000.130
-01.0418	-00.6967	0000.131
-01.0491	-00.6976	0000.132
-01.0582	-00.6982	0000.133
-01.0646	-00.6991	0000.134
-01.0729	-00.6994	0000.135
-01.0817	-00.7000	0000.136
-01.0894	-00.7003	0000.137
-01.0973	-00.7013	0000.138
-01.1052	-00.7016	0000.139
-01.1132	-00.7022	0000.140
-01.1214	-00.7031	0000.141
-01.1293	-00.7040	0000.142
-01.1379	-00.7040	0000.143
-01.1458	-00.7049	0000.144
-01.1538	-00.7055	0000.145
-01.1614	-00.7061	0000.146
-01.1690	-00.7068	0000.147
-01.1779	-00.7071	0000.148
-01.1855	-00.7077	0000.149
-01.1934	-00.7086	0000.150
-01.2017	-00.7089	0000.151
-01.2096	-00.7092	0000.152
-01.2175	-00.7095	0000.153
-01.2258	-00.7101	0000.154
-01.2337	-00.7107	0000.155
-01.2413	-00.7110	0000.156
-01.2505	-00.7113	0000.157
-01.2575	-00.7119	0000.158
-01.2658	-00.7122	0000.159
-01.2734	-00.7125	0000.160
-01.2813	-00.7132	0000.161
-01.2899	-00.7129	0000.162
-01.2978	-00.7141	0000.163
-01.3057	-00.7141	0000.164
-01.3137	-00.7144	0000.165
-01.3216	-00.7144	0000.166
-01.3295	-00.7150	0000.167
-01.3378	-00.7156	0000.168
-01.3460	-00.7156	0000.169
-01.3543	-00.7162	0000.170
-01.3619	-00.7168	0000.171
-01.3698	-00.7168	0000.172
-01.3781	-00.7171	0000.173
-01.3860	-00.7174	0000.174
-01.3942	-00.7183	0000.175
-01.4022	-00.7187	0000.176
-01.4098	-00.7180	0000.177
-01.4180	-00.7187	0000.178
-01.4260	-00.7193	0000.179
-01.4339	-00.7193	0000.180
-01.4418	-00.7190	0000.181
-01.4498	-00.7196	0000.182
-01.4580	-00.7199	0000.183
-01.4660	-00.7208	0000.184
-01.4742	-00.7211	0000.185
-01.4818	-00.7205	0000.186
-01.4907	-00.7217	0000.187
-01.4980	-00.7211	0000.188
-01.5065	-00.7211	0000.189
-01.5142	-00.7217	0000.190
-01.5218	-00.7223	0000.191
-01.5303	-00.7223	0000.192
-01.5383	-00.7226	0000.193
-01.5462	-00.7229	0000.194
-01.5535	-00.7229	0000.195
-01.5618	-00.7232	0000.196
-01.5706	-00.7232	0000.197
-01.5783	-00.7235	0000.198
-01.5859	-00.7238	0000.199
-01.5944	-00.7248	0000.200
-01.6024	-00.7241	0000.201
-01.6100	-00.7248	0000.202
-01.6176	-00.7251	0000.203
-01.6265	-00.7251	0000.204
-01.6344	-00.7248	0000.205
-01.6423	-00.7254	0000.206
-01.6506	-00.7260	0000.207
-01.6588	-00.7257	0000.208
-01.6665	-00.7260	0000.209
-01.6741	-00.7263	0000.210
-01.6823	-00.7266	0000.211
-01.6909	-00.7266	0000.212
-01.6985	-00.7269	0000.213
-01.7064	-00.7269	0000.214
-01.7144	-00.7272	0000.215
-01.7223	-00.7281	0000.216
-01.7302	-00.7278	0000.217
-01.7385	-00.7275	0000.218
-01.7467	-00.7275	0000.219
-01.7543	-00.7284	0000.220
-01.7626	-00.7281	0000.221
-01.7702	-00.7287	0000.222
-01.7788	-00.7290	0000.223
-01.7867	-00.7287	0000.224
-01.7943	-00.7293	0000.225
-01.8029	-00.7290	0000.226
-01.8105	-00.7290	0000.227
-01.8187	-00.7293	0000.228
-01.8267	-00.7296	0000.229
-01.8346	-00.7296	0000.230
-01.8425	-00.7299	0000.231
-01.8508	-00.7299	0000.232
-01.8584	-00.7299	0000.233
-01.8670	-00.7309	0000.234
-01.8746	-00.7306	0000.235
-01.8831	-00.7309	0000.236
-01.8905	-00.7312	0000.237
-01.8984	-00.7315	0000.238
-01.9066	-00.7315	0000.239
-01.9143	-00.7315	0000.240
-01.9231	-00.7315	0000.241
-01.9307	-00.7315	0000.242
-01.9387	-00.7321	0000.243
-01.9460	-00.7321	0000.244
-01.9551	-00.7321	0000.245
-01.9634	-00.7324	0000.246
-01.9707	-00.7327	0000.247
-01.9790	-00.7330	0000.248
-01.9872	-00.7327	0000.249
-01.9951	-00.7330	0000.250
-02.0034	-00.7333	0000.251
-02.0110	-00.7333	0000.252
-02.0189	-00.7333	0000.253
-02.0269	-00.7336	0000.254
-02.0351	-00.7339	0000.255
-02.0430	-00.7336	0000.256
-02.0513	-00.7339	0000.257
-02.0586	-00.7345	0000.258
-02.0671	-00.7345	0000.259
-02.0754	-00.7345	0000.260
-02.0830	-00.7345	0000.261
-02.0910	-00.7348	0000.262
-02.0995	-00.7348	0000.263
-02.1071	-00.7351	0000.264
-02.1151	-00.7354	0000.265
-02.1230	-00.7354	0000.266
-02.1312	-00.7354	0000.267
-02.1389	-00.7357	0000.268
-02.1477	-00.7357	0000.269
-02.1547	-00.7360	0000.270
-02.1630	-00.7360	0000.271
-02.1712	-00.7360	0000.272
-02.1791	-00.7364	0000.273
-02.1877	-00.7360	0000.274
-02.1956	-00.7367	0000.275
-02.2033	-00.7367	0000.276
-02.2109	-00.7373	0000.277
-02.2191	-00.7370	0000.278
-02.2274	-00.7367	0000.279
-02.2353	-00.7370	0000.280
-02.2435	-00.7373	0000.281
-02.2512	-00.7373	0000.282
-02.2594	-00.7376	0000.283
-02.2673	-00.7376	0000.284
-02.2747	-00.7373	0000.285
-02.2829	-00.7379	0000.286
-02.2918	-00.7382	0000.287
-02.2994	-00.7379	0000.288
-02.3073	-00.7382	0000.289
-02.3153	-00.7385	0000.290
-02.3235	-00.7385	0000.291
-02.3317	-00.7388	0000.292
-02.3397	-00.7391	0000.293
-02.3476	-00.7388	0000.294
-02.3543	-00.7388	0000.295
-02.3629	-00.7391	0000.296
-02.3717	-00.7394	0000.297
-02.3793	-00.7388	0000.298
-02.3876	-00.7391	0000.299
-02.3952	-00.7397	0000.300
-02.4038	-00.7394	0000.301
-02.4120	-00.7400	0000.302
-02.4193	-00.7388	0000.303
-02.4276	-00.7403	0000.304
-02.4352	-00.7397	0000.305
-02.4434	-00.7403	0000.306
-02.4520	-00.7406	0000.307
-02.4599	-00.7406	0000.308
-02.4669	-00.7400	0000.309
-02.4749	-00.7403	0000.310
-02.4837	-00.7409	0000.311
-02.4916	-00.7406	0000.312
-02.4999	-00.7409	0000.313
-02.5069	-00.7409	0000.314
-02.5158	-00.7412	0000.315
-02.5237	-00.7412	0000.316
-02.5319	-00.7409	0000.317
-02.5396	-00.7415	0000.318
-02.5472	-00.7418	0000.319
-02.5560	-00.7418	0000.320
-02.5634	-00.7418	0000.321
-02.5710	-00.7418	0000.322
-02.5798	-00.7418	0000.323
-02.5875	-00.7425	0000.324
-02.5957	-00.7425	0000.325
-02.6033	-00.7425	0000.326
-02.6119	-00.7425	0000.327
-02.6192	-00.7422	0000.328
-02.6281	-00.7425	0000.329
-02.6360	-00.7425	0000.330
-02.6433	-00.7425	0000.331
-02.6519	-00.7431	0000.332
-02.6595	-00.7431	0000.333
-02.6680	-00.7431	0000.334
-02.6757	-00.7431	0000.335
-02.6836	-00.7434	0000.336
-02.6918	-00.7434	0000.337
-02.6998	-00.7437	0000.338
-02.7074	-00.7437	0000.339
-02.7156	-00.7440	0000.340
-02.7236	-00.7440	0000.341
-02.7321	-00.7440	0000.342
-02.7398	-00.7443	0000.343
-02.7480	-00.7440	0000.344
-02.7556	-00.7440	0000.345
-02.7642	-00.7443	0000.346
-02.7724	-00.7443	0000.347
-02.7800	-00.7446	0000.348
-02.7877	-00.7446	0000.349
-02.7956	-00.7452	0000.350
-02.8038	-00.7446	0000.351
-02.8118	-00.7446	0000.352
-02.8200	-00.7446	0000.353
-02.8280	-00.7452	0000.354
-02.8365	-00.7449	0000.355
-02.8438	-00.7452	0000.356
-02.8524	-00.7452	0000.357
-02.8600	-00.7452	0000.358
-02.8682	-00.7458	0000.359
-02.8765	-00.7452	0000.360
-02.8838	-00.7455	0000.361
-02.8920	-00.7455	0000.362
-02.9000	-00.7458	0000.363
-02.9079	-00.7458	0000.364
-02.9161	-00.7461	0000.365
-02.9244	-00.7458	0000.366
-02.9323	-00.7464	0000.367
-02.9399	-00.7461	0000.368
-02.9485	-00.7464	0000.369
-02.9558	-00.7467	0000.370
-02.9631	-00.7467	0000.371
-02.9714	-00.7464	0000.372
-02.9799	-00.7467	0000.373
-02.9885	-00.7467	0000.374
-02.9955	-00.7470	0000.375
-03.0040	-00.7470	0000.376
-02.9958	-00.7470	0000.377
-02.9885	-00.7470	0000.378
-02.9805	-00.7473	0000.379
-02.9729	-00.7467	0000.380
-02.9644	-00.7473	0000.381
-02.9564	-00.7473	0000.382
-02.9482	-00.7476	0000.383
-02.9403	-00.7470	0000.384
-02.9326	-00.7473	0000.385
-02.9244	-00.7470	0000.386
-02.9161	-00.7473	0000.387
-02.9079	-00.7467	0000.388
-02.9000	-00.7470	0000.389
-02.8920	-00.7473	0000.390
-02.8841	-00.7467	0000.391
-02.8765	-00.7467	0000.392
-02.8682	-00.7467	0000.393
-02.8606	-00.7464	0000.394
-02.8521	-00.7473	0000.395
-02.8444	-00.7470	0000.396
-02.8362	-00.7467	0000.397
-02.8286	-00.7473	0000.398
-02.8206	-00.7470	0000.399
-02.8121	-00.7464	0000.400
-02.8045	-00.7464	0000.401
-02.7962	-00.7470	0000.402
-02.7886	-00.7470	0000.403
-02.7797	-00.7467	0000.404
-02.7715	-00.7467	0000.405
-02.7645	-00.7464	0000.406
-02.7571	-00.7467	0000.407
-02.7474	-00.7464	0000.408
-02.7398	-00.7467	0000.409
-02.7324	-00.7467	0000.410
-02.7239	-00.7464	0000.411
-02.7163	-00.7467	0000.412
-02.7083	-00.7467	0000.413
-02.6998	-00.7461	0000.414
-02.6921	-00.7464	0000.415
-02.6842	-00.7464	0000.416
-02.6766	-00.7464	0000.417
-02.6680	-00.7464	0000.418
-02.6601	-00.7461	0000.419
-02.6528	-00.7464	0000.420
-02.6439	-00.7464	0000.421
-02.6360	-00.7464	0000.422
-02.6281	-00.7461	0000.423
-02.6192	-00.7467	0000.424
-02.6119	-00.7458	0000.425
-02.6040	-00.7467	0000.426
-02.5954	-00.7464	0000.427
-02.5878	-00.7464	0000.428
-02.5808	-00.7461	0000.429
-02.5719	-00.7458	0000.430
-02.5643	-00.7461	0000.431
-02.5560	-00.7461	0000.432
-02.5484	-00.7452	0000.433
-02.5399	-00.7461	0000.434
-02.5319	-00.7458	0000.435
-02.5246	-00.7461	0000.436
-02.5158	-00.7458	0000.437
-02.5081	-00.7458	0000.438
-02.4999	-00.7458	0000.439
-02.4920	-00.7461	0000.440
-02.4843	-00.7452	0000.441
-02.4758	-00.7455	0000.442
-02.4685	-00.7458	0000.443
-02.4593	-00.7455	0000.444
-02.4520	-00.7455	0000.445
-02.4434	-00.7452	0000.446
-02.4358	-00.7455	0000.447
-02.4279	-00.7455	0000.448
-02.4193	-00.7449	0000.449
-02.4123	-00.7455	0000.450
-02.4035	-00.7455	0000.451
-02.3955	-00.7452	0000.452
-02.3873	-00.7452	0000.453
-02.3790	-00.7452	0000.454
-02.3720	-00.7449	0000.455
-02.3638	-00.7449	0000.456
-02.3555	-00.7446	0000.457
-02.3482	-00.7452	0000.458
-02.3397	-00.7449	0000.459
-02.3320	-00.7449	0000.460
-02.3241	-00.7449	0000.461
-02.3153	-00.7449	0000.462
-02.3076	-00.7449	0000.463
-02.2991	-00.7446	0000.464
-02.2918	-00.7446	0000.465
-02.2838	-00.7446	0000.466
-02.2753	-00.7446	0000.467
-02.2676	-00.7449	0000.468
-02.2600	-00.7443	0000.469
-02.2515	-00.7446	0000.470
-02.2432	-00.7443	0000.471
-02.2350	-00.7446	0000.472
-02.2277	-00.7446	0000.473
-02.2197	-00.7446	0000.474
-02.2109	-00.7446	0000.475
-02.2036	-00.7446	0000.476
-02.1950	-00.7446	0000.477
-02.1877	-00.7443	0000.478
-02.1798	-00.7440	0000.479
-02.1715	-00.7440	0000.480
-02.1630	-00.7440	0000.481
-02.1550	-00.7437	0000.482
-02.1480	-00.7440	0000.483
-02.1395	-00.7437	0000.484
-02.1312	-00.7440	0000.485
-02.1233	-00.7440	0000.486
-02.1157	-00.7440	0000.487
-02.1074	-00.7440	0000.488
-02.0992	-00.7443	0000.489
-02.0913	-00.7437	0000.490
-02.0833	-00.7437	0000.491
-02.0757	-00.7437	0000.492
-02.0671	-00.7437	0000.493
-02.0592	-00.7437	0000.494
-02.0510	-00.7437	0000.495
-02.0430	-00.7434	0000.496
-02.0354	-00.7437	0000.497
-02.0275	-00.7428	0000.498
-02.0192	-00.7437	0000.499
-02.0116	-00.7434	0000.500
-02.0028	-00.7431	0000.501
-01.9960	-00.7431	0000.502
-01.9875	-00.7431	0000.503
-01.9796	-00.7437	0000.504
-01.9707	-00.7431	0000.505
-01.9631	-00.7434	0000.506
-01.9551	-00.7428	0000.507
-01.9472	-00.7431	0000.508
-01.9390	-00.7428	0000.509
-01.9310	-00.7425	0000.510
-01.9231	-00.7428	0000.511
-01.9152	-00.7431	0000.512
-01.9066	-00.7425	0000.513
-01.8990	-00.7428	0000.514
-01.8914	-00.7428	0000.515
-01.8828	-00.7422	0000.516
-01.8749	-00.7425	0000.517
-01.8670	-00.7425	0000.518
-01.8590	-00.7422	0000.519
-01.8508	-00.7428	0000.520
-01.8428	-00.7422	0000.521
-01.8349	-00.7425	0000.522
-01.8273	-00.7425	0000.523
-01.8190	-00.7418	0000.524
-01.8111	-00.7422	0000.525
-01.8026	-00.7425	0000.526
-01.7949	-00.7418	0000.527
-01.7864	-00.7418	0000.528
-01.7785	-00.7422	0000.529
-01.7708	-00.7418	0000.530
-01.7632	-00.7418	0000.531
-01.7546	-00.7418	0000.532
-01.7467	-00.7415	0000.533
-01.7391	-00.7418	0000.534
-01.7308	-00.7415	0000.535
-01.7232	-00.7412	0000.536
-01.7150	-00.7415	0000.537
-01.7070	-00.7415	0000.538
-01.6988	-00.7418	0000.539
-01.6912	-00.7412	0000.540
-01.6820	-00.7412	0000.541
-01.6744	-00.7412	0000.542
-01.6665	-00.7409	0000.543
-01.6591	-00.7412	0000.544
-01.6506	-00.7412	0000.545
-01.6430	-00.7412	0000.546
-01.6344	-00.7409	0000.547
-01.6268	-00.7412	0000.548
-01.6188	-00.7409	0000.549
-01.6106	-00.7406	0000.550
-01.6024	-00.7409	0000.551
-01.5947	-00.7406	0000.552
-01.5868	-00.7406	0000.553
-01.5786	-00.7406	0000.554
-01.5706	-00.7406	0000.555
-01.5627	-00.7403	0000.556
-01.5545	-00.7403	0000.557
-01.5465	-00.7406	0000.558
-01.5383	-00.7400	0000.559
-01.5300	-00.7406	0000.560
-01.5227	-00.7406	0000.561
-01.5148	-00.7400	0000.562
-01.5065	-00.7400	0000.563
-01.4977	-00.7403	0000.564
-01.4907	-00.7400	0000.565
-01.4824	-00.7400	0000.566
-01.4742	-00.7400	0000.567
-01.4669	-00.7400	0000.568
-01.4583	-00.7400	0000.569
-01.4501	-00.7400	0000.570
-01.4418	-00.7394	0000.571
-01.4345	-00.7403	0000.572
-01.4266	-00.7397	0000.573
-01.4180	-00.7400	0000.574
-01.4101	-00.7394	0000.575
-01.4028	-00.7397	0000.576
-01.3945	-00.7394	0000.577
-01.3863	-00.7394	0000.578
-01.3778	-00.7391	0000.579
-01.3704	-00.7394	0000.580
-01.3619	-00.7394	0000.581
-01.3546	-00.7388	0000.582
-01.3460	-00.7391	0000.583
-01.3387	-00.7388	0000.584
-01.3305	-00.7391	0000.585
-01.3219	-00.7388	0000.586
-01.3143	-00.7388	0000.587
-01.3057	-00.7388	0000.588
-01.2984	-00.7388	0000.589
-01.2902	-00.7388	0000.590
-01.2822	-00.7391	0000.591
-01.2743	-00.7385	0000.592
-01.2667	-00.7385	0000.593
-01.2581	-00.7388	0000.594
-01.2496	-00.7385	0000.595
-01.2420	-00.7385	0000.596
-01.2337	-00.7388	0000.597
-01.2255	-00.7388	0000.598
-01.2181	-00.7382	0000.599
-01.2096	-00.7382	0000.600
-01.2023	-00.7382	0000.601
-01.1940	-00.7382	0000.602
-01.1855	-00.7373	0000.603
-01.1785	-00.7379	0000.604
-01.1696	-00.7382	0000.605
-01.1617	-00.7382	0000.606
-01.1538	-00.7379	0000.607
-01.1458	-00.7376	0000.608
-01.1379	-00.7376	0000.609
-01.1296	-00.7376	0000.610
-01.1217	-00.7373	0000.611
-01.1135	-00.7373	0000.612
-01.1061	-00.7373	0000.613
-01.0979	-00.7373	0000.614
-01.0897	-00.7376	0000.615
-01.0817	-00.7367	0000.616
-01.0735	-00.7370	0000.617
-01.0659	-00.7373	0000.618
-01.0579	-00.7367	0000.619
-01.0497	-00.7370	0000.620
-01.0421	-00.7370	0000.621
-01.0341	-00.7367	0000.622
-01.0256	-00.7370	0000.623
-01.0176	-00.7370	0000.624
-01.0097	-00.7367	0000.625
-01.0018	-00.7367	0000.626
-00.9932	-00.7370	0000.627
-00.9859	-00.7364	0000.628
-00.9780	-00.7360	0000.629
-00.9691	-00.7367	0000.630
-00.9615	-00.7360	0000.631
-00.9536	-00.7360	0000.632
-00.9456	-00.7364	0000.633
-00.9374	-00.7357	0000.634
-00.9295	-00.7360	0000.635
-00.9212	-00.7357	0000.636
-00.9133	-00.7360	0000.637
-00.9056	-00.7357	0000.638
-00.8980	-00.7351	0000.639
-00.8895	-00.7354	0000.640
-00.8812	-00.7354	0000.641
-00.8736	-00.7354	0000.642
-00.8654	-00.7354	0000.643
-00.8574	-00.7357	0000.644
-00.8495	-00.7351	0000.645
-00.8413	-00.7351	0000.646
-00.8336	-00.7351	0000.647
-00.8251	-00.7351	0000.648
-00.8171	-00.7351	0000.649
-00.8095	-00.7345	0000.650
-00.8013	-00.7348	0000.651
-00.7936	-00.7345	0000.652
-00.7854	-00.7342	0000.653
-00.7775	-00.7342	0000.654
-00.7692	-00.7348	0000.655
-00.7616	-00.7345	0000.656
-00.7537	-00.7345	0000.657
-00.7451	-00.7345	0000.658
-00.7375	-00.7342	0000.659
-00.7293	-00.7342	0000.660
-00.7213	-00.7342	0000.661
-00.7131	-00.7336	0000.662
-00.7051	-00.7339	0000.663
-00.6975	-00.7339	0000.664
-00.6896	-00.7336	0000.665
-00.6813	-00.7336	0000.666
-00.6728	-00.7339	0000.667
-00.6652	-00.7333	0000.668
-00.6575	-00.7336	0000.669
-00.6493	-00.7330	0000.670
-00.6408	-00.7330	0000.671
-00.6328	-00.7336	0000.672
-00.6255	-00.7330	0000.673
-00.6173	-00.7330	0000.674
-00.6093	-00.7333	0000.675
-00.6011	-00.7330	0000.676
-00.5928	-00.7330	0000.677
-00.5849	-00.7330	0000.678
-00.5773	-00.7324	0000.679
-00.5687	-00.7321	0000.680
-00.5611	-00.7327	0000.681
-00.5532	-00.7324	0000.682
-00.5446	-00.7327	0000.683
-00.5373	-00.7321	0000.684
-00.5294	-00.7318	0000.685
-00.5211	-00.7318	0000.686
-00.5129	-00.7318	0000.687
-00.5050	-00.7321	0000.688
-00.4970	-00.7321	0000.689
-00.4888	-00.7315	0000.690
-00.4805	-00.7315	0000.691
-00.4729	-00.7318	0000.692
-00.4647	-00.7315	0000.693
-00.4573	-00.7318	0000.694
-00.4488	-00.7312	0000.695
-00.4409	-00.7312	0000.696
-00.4326	-00.7312	0000.697
-00.4250	-00.7309	0000.698
-00.4174	-00.7312	0000.699
-00.4085	-00.7309	0000.700
-00.4009	-00.7306	0000.701
-00.3933	-00.7312	0000.702
-00.3847	-00.7302	0000.703
-00.3765	-00.7306	0000.704
-00.3691	-00.7309	0000.705
-00.3606	-00.7302	0000.706
-00.3530	-00.7302	0000.707
-00.3447	-00.7302	0000.708
-00.3371	-00.7296	0000.709
-00.3289	-00.7299	0000.710
-00.3206	-00.7299	0000.711
-00.3130	-00.7296	0000.712
-00.3048	-00.7296	0000.713
-00.2965	-00.7296	0000.714
-00.2883	-00.7296	0000.715
-00.2810	-00.7293	0000.716
-00.2727	-00.7296	0000.717
-00.2651	-00.7290	0000.718
-00.2568	-00.7287	0000.719
-00.2483	-00.7290	0000.720
-00.2407	-00.7284	0000.721
-00.2327	-00.7284	0000.722
-00.2245	-00.7284	0000.723
-00.2160	-00.7287	0000.724
-00.2089	-00.7284	0000.725
-00.2007	-00.7284	0000.726
-00.1925	-00.7284	0000.727
-00.1845	-00.7284	0000.728
-00.1766	-00.7278	0000.729
-00.1683	-00.7275	0000.730
-00.1607	-00.7281	0000.731
-00.1531	-00.7275	0000.732
-00.1442	-00.7278	0000.733
-00.1366	-00.7272	0000.734
-00.1287	-00.7275	0000.735
-00.1204	-00.7269	0000.736
-00.1125	-00.7275	0000.737
-00.1046	-00.7272	0000.738
-00.0969	-00.7269	0000.739
-00.0884	-00.7269	0000.740
-00.0808	-00.7266	0000.741
-00.0722	-00.7266	0000.742
-00.0646	-00.7263	0000.743
-00.0563	-00.7260	0000.744
-00.0484	-00.7260	0000.745
-00.0405	-00.7260	0000.746
-00.0322	-00.7257	0000.747
-00.0246	-00.7263	0000.748
-00.0164	-00.7254	0000.749
