R,Ohm	C,pF	Temp,C
0000000000	0000100000	+025.00
Ch1,V	Ch2,V	Time,s
-00.0002	-00.0006	0000.000
-00.0005	-00.0006	0000.001
-00.0075	-00.0009	0000.002
-00.0161	-00.0006	0000.003
-00.0240	-00.0009	0000.004
-00.0322	-00.0009	0000.005
-00.0402	-00.0009	0000.006
-00.0481	-00.0012	0000.007
-00.0563	-00.0012	0000.008
-00.0643	-00.0009	0000.009
-00.0719	-00.0012	0000.010
-00.0801	-00.0012	0000.011
-00.0884	-00.0012	0000.012
-00.0963	-00.0009	0000.013
-00.1043	-00.0012	0000.014
-00.1119	-00.0012	0000.015
-00.1204	-00.0015	0000.016
-00.1284	-00.0012	0000.017
-00.1360	-00.0015	0000.018
-00.1442	-00.0012	0000.019
-00.1528	-00.0018	0000.020
-00.1604	-00.0015	0000.021
-00.1680	-00.0018	0000.022
-00.1763	-00.0015	0000.023
-00.1845	-00.0018	0000.024
-00.1925	-00.0015	0000.025
-00.2004	-00.0015	0000.026
-00.2080	-00.0018	0000.027
-00.2163	-00.0018	0000.028
-00.2239	-00.0018	0000.029
-00.2327	-00.0021	0000.030
-00.2407	-00.0021	0000.031
-00.2480	-00.0021	0000.032
-00.2565	-00.0021	0000.033
-00.2645	-00.0018	0000.034
-00.2727	-00.0021	0000.035
-00.2800	-00.0021	0000.036
-00.2880	-00.0024	0000.037
-00.2965	-00.0024	0000.038
-00.3048	-00.0024	0000.039
-00.3124	-00.0024	0000.040
-00.3200	-00.0024	0000.041
-00.3283	-00.0024	0000.042
-00.3362	-00.0024	0000.043
-00.3444	-00.0027	0000.044
-00.3524	-00.0024	0000.045
-00.3603	-00.0030	0000.046
-00.3682	-00.0030	0000.047
-00.3768	-00.0030	0000.048
-00.3844	-00.0030	0000.049
-00.3923	-00.0027	0000.050
-00.4006	-00.0030	0000.051
-00.4085	-00.0027	0000.052
-00.4168	-00.0030	0000.053
-00.4247	-00.0030	0000.054
-00.4329	-00.0033	0000.055
-00.4409	-00.0030	0000.056
-00.4482	-00.0033	0000.057
-00.4567	-00.0036	0000.058
-00.4644	-00.0033	0000.059
-00.4726	-00.0033	0000.060
-00.4805	-00.0033	0000.061
-00.4891	-00.0033	0000.062
-00.4967	-00.0036	0000.063
-00.5046	-00.0036	0000.064
-00.5129	-00.0042	0000.065
-00.5205	-00.0036	0000.066
-00.5288	-00.0039	0000.067
-00.5370	-00.0036	0000.068
-00.5449	-00.0039	0000.069
-00.5526	-00.0039	0000.070
-00.5602	-00.0039	0000.071
-00.5687	-00.0042	0000.072
-00.5770	-00.0045	0000.073
-00.5849	-00.0045	0000.074
-00.5925	-00.0045	0000.075
-00.6011	-00.0045	0000.076
-00.6093	-00.0045	0000.077
-00.6170	-00.0045	0000.078
-00.6249	-00.0048	0000.079
-00.6328	-00.0045	0000.080
-00.6408	-00.0045	0000.081
-00.6487	-00.0045	0000.082
-00.6569	-00.0052	0000.083
-00.6652	-00.0045	0000.084
-00.6731	-00.0048	0000.085
-00.6810	-00.0048	0000.086
-00.6887	-00.0055	0000.087
-00.6972	-00.0052	0000.088
-00.7051	-00.0055	0000.089
-00.7125	-00.0055	0000.090
-00.7213	-00.0055	0000.091
-00.7293	-00.0055	0000.092
-00.7366	-00.0055	0000.093
-00.7448	-00.0058	0000.094
-00.7531	-00.0058	0000.095
-00.7613	-00.0058	0000.096
-00.7689	-00.0058	0000.097
-00.7772	-00.0055	0000.098
-00.7851	-00.0064	0000.099
-00.7930	-00.0061	0000.100
-00.8013	-00.0061	0000.101
-00.8089	-00.0061	0000.102
-00.8175	-00.0067	0000.103
-00.8248	-00.0064	0000.104
-00.8333	-00.0064	0000.105
-00.8416	-00.0064	0000.106
-00.8495	-00.0064	0000.107
-00.8568	-00.0067	0000.108
-00.8654	-00.0067	0000.109
-00.8736	-00.0070	0000.110
-00.8809	-00.0067	0000.111
-00.8892	-00.0067	0000.112
-00.8971	-00.0073	0000.113
-00.9053	-00.0067	0000.114
-00.9133	-00.0073	0000.115
-00.9212	-00.0073	0000.116
-00.9295	-00.0070	0000.117
-00.9371	-00.0070	0000.118
-00.9453	-00.0070	0000.119
-00.9533	-00.0070	0000.120
-00.9612	-00.0073	0000.121
-00.9694	-00.0076	0000.122
-00.9777	-00.0076	0000.123
-00.9853	-00.0079	0000.124
-00.9932	-00.0079	0000.125
-01.0012	-00.0082	0000.126
-01.0094	-00.0076	0000.127
-01.0173	-00.0079	0000.128
-01.0253	-00.0079	0000.129
-01.0338	-00.0079	0000.130
-01.0415	-00.0082	0000.131
-01.0494	-00.0082	0000.132
-01.0576	-00.0088	0000.133
-01.0656	-00.0082	0000.134
-01.0729	-00.0088	0000.135
-01.0811	-00.0085	0000.136
-01.0897	-00.0082	0000.137
-01.0979	-00.0088	0000.138
-01.1058	-00.0091	0000.139
-01.1135	-00.0082	0000.140
-01.1214	-00.0091	0000.141
-01.1296	-00.0085	0000.142
-01.1376	-00.0094	0000.143
-01.1452	-00.0091	0000.144
-01.1531	-00.0094	0000.145
-01.1617	-00.0091	0000.146
-01.1696	-00.0094	0000.147
-01.1776	-00.0091	0000.148
-01.1858	-00.0094	0000.149
-01.1934	-00.0091	0000.150
-01.2017	-00.0094	0000.151
-01.2090	-00.0097	0000.152
-01.2178	-00.0094	0000.153
-01.2255	-00.0094	0000.154
-01.2331	-00.0100	0000.155
-01.2420	-00.0094	0000.156
-01.2502	-00.0097	0000.157
-01.2578	-00.0100	0000.158
-01.2655	-00.0100	0000.159
-01.2731	-00.0100	0000.160
-01.2819	-00.0100	0000.161
-01.2896	-00.0100	0000.162
-01.2978	-00.0100	0000.163
-01.3060	-00.0103	0000.164
-01.3131	-00.0106	0000.165
-01.3219	-00.0106	0000.166
-01.3301	-00.0109	0000.167
-01.3378	-00.0106	0000.168
-01.3460	-00.0106	0000.169
-01.3540	-00.0109	0000.170
-01.3619	-00.0109	0000.171
-01.3701	-00.0103	0000.172
-01.3778	-00.0113	0000.173
-01.3857	-00.0109	0000.174
-01.3939	-00.0113	0000.175
-01.4022	-00.0109	0000.176
-01.4101	-00.0113	0000.177
-01.4171	-00.0113	0000.178
-01.4260	-00.0113	0000.179
-01.4342	-00.0113	0000.180
-01.4421	-00.0119	0000.181
-01.4498	-00.0116	0000.182
-01.4577	-00.0119	0000.183
-01.4663	-00.0119	0000.184
-01.4742	-00.0116	0000.185
-01.4821	-00.0119	0000.186
-01.4901	-00.0122	0000.187
-01.4983	-00.0122	0000.188
-01.5062	-00.0119	0000.189
-01.5145	-00.0122	0000.190
-01.5221	-00.0122	0000.191
-01.5297	-00.0125	0000.192
-01.5380	-00.0122	0000.193
-01.5459	-00.0125	0000.194
-01.5548	-00.0125	0000.195
-01.5621	-00.0128	0000.196
-01.5703	-00.0128	0000.197
-01.5786	-00.0131	0000.198
-01.5862	-00.0119	0000.199
-01.5941	-00.0128	0000.200
-01.6018	-00.0131	0000.201
-01.6100	-00.0131	0000.202
-01.6185	-00.0131	0000.203
-01.6265	-00.0134	0000.204
-01.6344	-00.0134	0000.205
-01.6420	-00.0134	0000.206
-01.6503	-00.0131	0000.207
-01.6588	-00.0134	0000.208
-01.6665	-00.0137	0000.209
-01.6744	-00.0140	0000.210
-01.6823	-00.0140	0000.211
-01.6903	-00.0140	0000.212
-01.6982	-00.0137	0000.213
-01.7064	-00.0140	0000.214
-01.7147	-00.0140	0000.215
-01.7220	-00.0140	0000.216
-01.7308	-00.0140	0000.217
-01.7385	-00.0143	0000.218
-01.7464	-00.0140	0000.219
-01.7540	-00.0140	0000.220
-01.7623	-00.0143	0000.221
-01.7708	-00.0143	0000.222
-01.7788	-00.0146	0000.223
-01.7864	-00.0143	0000.224
-01.7943	-00.0146	0000.225
-01.8023	-00.0146	0000.226
-01.8111	-00.0149	0000.227
-01.8187	-00.0152	0000.228
-01.8264	-00.0152	0000.229
-01.8346	-00.0146	0000.230
-01.8428	-00.0158	0000.231
-01.8505	-00.0149	0000.232
-01.8587	-00.0152	0000.233
-01.8670	-00.0155	0000.234
-01.8743	-00.0155	0000.235
-01.8831	-00.0155	0000.236
-01.8911	-00.0155	0000.237
-01.8981	-00.0158	0000.238
-01.9069	-00.0158	0000.239
-01.9146	-00.0161	0000.240
-01.9228	-00.0161	0000.241
-01.9307	-00.0158	0000.242
-01.9390	-00.0164	0000.243
-01.9469	-00.0161	0000.244
-01.9548	-00.0161	0000.245
-01.9628	-00.0161	0000.246
-01.9710	-00.0161	0000.247
-01.9786	-00.0164	0000.248
-01.9869	-00.0164	0000.249
-01.9954	-00.0167	0000.250
-02.0028	-00.0167	0000.251
-02.0110	-00.0161	0000.252
-02.0183	-00.0167	0000.253
-02.0266	-00.0167	0000.254
-02.0351	-00.0171	0000.255
-02.0424	-00.0174	0000.256
-02.0510	-00.0174	0000.257
-02.0589	-00.0174	0000.258
-02.0675	-00.0167	0000.259
-02.0757	-00.0174	0000.260
-02.0833	-00.0177	0000.261
-02.0910	-00.0177	0000.262
-02.0992	-00.0174	0000.263
-02.1071	-00.0180	0000.264
-02.1154	-00.0177	0000.265
-02.1233	-00.0177	0000.266
-02.1312	-00.0180	0000.267
-02.1389	-00.0183	0000.268
-02.1477	-00.0180	0000.269
-02.1553	-00.0183	0000.270
-02.1627	-00.0183	0000.271
-02.1709	-00.0183	0000.272
-02.1791	-00.0183	0000.273
-02.1877	-00.0186	0000.274
-02.1950	-00.0183	0000.275
-02.2039	-00.0186	0000.276
-02.2112	-00.0189	0000.277
-02.2188	-00.0189	0000.278
-02.2268	-00.0189	0000.279
-02.2353	-00.0192	0000.280
-02.2435	-00.0192	0000.281
-02.2509	-00.0189	0000.282
-02.2591	-00.0195	0000.283
-02.2676	-00.0189	0000.284
-02.2750	-00.0192	0000.285
-02.2829	-00.0192	0000.286
-02.2911	-00.0195	0000.287
-02.2997	-00.0195	0000.288
-02.3073	-00.0192	0000.289
-02.3153	-00.0195	0000.290
-02.3232	-00.0201	0000.291
-02.3317	-00.0198	0000.292
-02.3394	-00.0204	0000.293
-02.3479	-00.0198	0000.294
-02.3552	-00.0201	0000.295
-02.3626	-00.0201	0000.296
-02.3714	-00.0204	0000.297
-02.3790	-00.0201	0000.298
-02.3873	-00.0207	0000.299
-02.3955	-00.0207	0000.300
-02.4038	-00.0210	0000.301
-02.4117	-00.0204	0000.302
-02.4196	-00.0204	0000.303
-02.4273	-00.0207	0000.304
-02.4349	-00.0207	0000.305
-02.4434	-00.0213	0000.306
-02.4517	-00.0207	0000.307
-02.4599	-00.0210	0000.308
-02.4672	-00.0207	0000.309
-02.4755	-00.0213	0000.310
-02.4837	-00.0213	0000.311
-02.4916	-00.0216	0000.312
-02.4993	-00.0210	0000.313
-02.5072	-00.0213	0000.314
-02.5151	-00.0216	0000.315
-02.5237	-00.0219	0000.316
-02.5316	-00.0216	0000.317
-02.5399	-00.0216	0000.318
-02.5475	-00.0219	0000.319
-02.5566	-00.0216	0000.320
-02.5637	-00.0219	0000.321
-02.5713	-00.0222	0000.322
-02.5795	-00.0222	0000.323
-02.5875	-00.0225	0000.324
-02.5960	-00.0222	0000.325
-02.6036	-00.0225	0000.326
-02.6122	-00.0225	0000.327
-02.6207	-00.0222	0000.328
-02.6281	-00.0222	0000.329
-02.6357	-00.0225	0000.330
-02.6436	-00.0229	0000.331
-02.6516	-00.0229	0000.332
-02.6604	-00.0232	0000.333
-02.6680	-00.0232	0000.334
-02.6763	-00.0229	0000.335
-02.6836	-00.0235	0000.336
-02.6921	-00.0232	0000.337
-02.6992	-00.0235	0000.338
-02.7077	-00.0232	0000.339
-02.7156	-00.0241	0000.340
-02.7239	-00.0235	0000.341
-02.7318	-00.0238	0000.342
-02.7401	-00.0238	0000.343
-02.7480	-00.0235	0000.344
-02.7556	-00.0241	0000.345
-02.7636	-00.0238	0000.346
-02.7718	-00.0241	0000.347
-02.7797	-00.0238	0000.348
-02.7880	-00.0241	0000.349
-02.7962	-00.0244	0000.350
-02.8038	-00.0241	0000.351
-02.8118	-00.0244	0000.352
-02.8197	-00.0244	0000.353
-02.8276	-00.0247	0000.354
-02.8356	-00.0244	0000.355
-02.8441	-00.0247	0000.356
-02.8524	-00.0247	0000.357
-02.8600	-00.0253	0000.358
-02.8679	-00.0250	0000.359
-02.8756	-00.0253	0000.360
-02.8838	-00.0256	0000.361
-02.8920	-00.0256	0000.362
-02.9003	-00.0253	0000.363
-02.9082	-00.0253	0000.364
-02.9161	-00.0256	0000.365
-02.9250	-00.0256	0000.366
-02.9323	-00.0259	0000.367
-02.9409	-00.0256	0000.368
-02.9479	-00.0259	0000.369
-02.9561	-00.0259	0000.370
-02.9641	-00.0259	0000.371
-02.9723	-00.0256	0000.372
-02.9802	-00.0262	0000.373
-02.9882	-00.0262	0000.374
-02.9961	-00.0262	0000.375
-03.0046	-00.0265	0000.376
-02.9961	-00.0265	0000.377
-02.9885	-00.0262	0000.378
-02.9805	-00.0265	0000.379
-02.9729	-00.0265	0000.380
-02.9650	-00.0268	0000.381
-02.9564	-00.0265	0000.382
-02.9485	-00.0265	0000.383
-02.9406	-00.0265	0000.384
-02.9329	-00.0268	0000.385
-02.9250	-00.0268	0000.386
-02.9168	-00.0265	0000.387
-02.9082	-00.0265	0000.388
-02.9000	-00.0268	0000.389
-02.8923	-00.0262	0000.390
-02.8841	-00.0268	0000.391
-02.8762	-00.0265	0000.392
-02.8688	-00.0262	0000.393
-02.8603	-00.0262	0000.394
-02.8524	-00.0268	0000.395
-02.8438	-00.0265	0000.396
-02.8362	-00.0259	0000.397
-02.8283	-00.0262	0000.398
-02.8206	-00.0265	0000.399
-02.8127	-00.0262	0000.400
-02.8041	-00.0265	0000.401
-02.7965	-00.0259	0000.402
-02.7883	-00.0265	0000.403
-02.7806	-00.0265	0000.404
-02.7718	-00.0262	0000.405
-02.7642	-00.0259	0000.406
-02.7562	-00.0256	0000.407
-02.7483	-00.0262	0000.408
-02.7398	-00.0259	0000.409
-02.7324	-00.0259	0000.410
-02.7239	-00.0262	0000.411
-02.7166	-00.0259	0000.412
-02.7080	-00.0259	0000.413
-02.7001	-00.0262	0000.414
-02.6918	-00.0259	0000.415
-02.6842	-00.0259	0000.416
-02.6760	-00.0259	0000.417
-02.6680	-00.0259	0000.418
-02.6607	-00.0259	0000.419
-02.6516	-00.0259	0000.420
-02.6439	-00.0259	0000.421
-02.6363	-00.0259	0000.422
-02.6281	-00.0256	0000.423
-02.6198	-00.0259	0000.424
-02.6125	-00.0256	0000.425
-02.6043	-00.0256	0000.426
-02.5963	-00.0256	0000.427
-02.5878	-00.0256	0000.428
-02.5798	-00.0256	0000.429
-02.5722	-00.0259	0000.430
-02.5643	-00.0256	0000.431
-02.5560	-00.0250	0000.432
-02.5475	-00.0253	0000.433
-02.5402	-00.0253	0000.434
-02.5316	-00.0256	0000.435
-02.5246	-00.0262	0000.436
-02.5164	-00.0253	0000.437
-02.5075	-00.0253	0000.438
-02.5005	-00.0256	0000.439
-02.4916	-00.0256	0000.440
-02.4840	-00.0253	0000.441
-02.4752	-00.0250	0000.442
-02.4675	-00.0256	0000.443
-02.4599	-00.0250	0000.444
-02.4520	-00.0253	0000.445
-02.4440	-00.0253	0000.446
-02.4355	-00.0250	0000.447
-02.4282	-00.0250	0000.448
-02.4196	-00.0253	0000.449
-02.4117	-00.0250	0000.450
-02.4031	-00.0250	0000.451
-02.3958	-00.0250	0000.452
-02.3876	-00.0253	0000.453
-02.3790	-00.0247	0000.454
-02.3717	-00.0247	0000.455
-02.3635	-00.0253	0000.456
-02.3558	-00.0250	0000.457
-02.3476	-00.0250	0000.458
-02.3397	-00.0247	0000.459
-02.3314	-00.0247	0000.460
-02.3235	-00.0247	0000.461
-02.3153	-00.0244	0000.462
-02.3082	-00.0247	0000.463
-02.2997	-00.0247	0000.464
-02.2921	-00.0241	0000.465
-02.2841	-00.0241	0000.466
-02.2756	-00.0247	0000.467
-02.2680	-00.0244	0000.468
-02.2594	-00.0247	0000.469
-02.2512	-00.0247	0000.470
-02.2435	-00.0241	0000.471
-02.2353	-00.0241	0000.472
-02.2277	-00.0244	0000.473
-02.2194	-00.0247	0000.474
-02.2109	-00.0241	0000.475
-02.2033	-00.0238	0000.476
-02.1959	-00.0244	0000.477
-02.1874	-00.0244	0000.478
-02.1798	-00.0244	0000.479
-02.1712	-00.0241	0000.480
-02.1633	-00.0244	0000.481
-02.1553	-00.0238	0000.482
-02.1477	-00.0238	0000.483
-02.1392	-00.0238	0000.484
-02.1312	-00.0238	0000.485
-02.1230	-00.0241	0000.486
-02.1151	-00.0238	0000.487
-02.1074	-00.0241	0000.488
-02.0992	-00.0238	0000.489
-02.0913	-00.0238	0000.490
-02.0833	-00.0238	0000.491
-02.0751	-00.0238	0000.492
-02.0678	-00.0235	0000.493
-02.0589	-00.0235	0000.494
-02.0510	-00.0235	0000.495
-02.0433	-00.0235	0000.496
-02.0351	-00.0232	0000.497
-02.0269	-00.0232	0000.498
-02.0195	-00.0235	0000.499
-02.0110	-00.0232	0000.500
-02.0028	-00.0235	0000.501
-01.9957	-00.0238	0000.502
-01.9872	-00.0235	0000.503
-01.9790	-00.0235	0000.504
-01.9710	-00.0235	0000.505
-01.9637	-00.0232	0000.506
-01.9555	-00.0229	0000.507
-01.9472	-00.0232	0000.508
-01.9393	-00.0232	0000.509
-01.9307	-00.0235	0000.510
-01.9231	-00.0232	0000.511
-01.9143	-00.0232	0000.512
-01.9069	-00.0235	0000.513
-01.8990	-00.0229	0000.514
-01.8908	-00.0229	0000.515
-01.8825	-00.0229	0000.516
-01.8749	-00.0229	0000.517
-01.8673	-00.0225	0000.518
-01.8590	-00.0229	0000.519
-01.8508	-00.0225	0000.520
-01.8428	-00.0232	0000.521
-01.8352	-00.0225	0000.522
-01.8270	-00.0225	0000.523
-01.8190	-00.0229	0000.524
-01.8111	-00.0225	0000.525
-01.8029	-00.0225	0000.526
-01.7946	-00.0225	0000.527
-01.7867	-00.0225	0000.528
-01.7788	-00.0229	0000.529
-01.7711	-00.0222	0000.530
-01.7626	-00.0225	0000.531
-01.7550	-00.0229	0000.532
-01.7467	-00.0222	0000.533
-01.7388	-00.0219	0000.534
-01.7308	-00.0219	0000.535
-01.7226	-00.0222	0000.536
-01.7147	-00.0219	0000.537
-01.7067	-00.0216	0000.538
-01.6991	-00.0222	0000.539
-01.6906	-00.0219	0000.540
-01.6820	-00.0219	0000.541
-01.6747	-00.0216	0000.542
-01.6668	-00.0219	0000.543
-01.6594	-00.0216	0000.544
-01.6509	-00.0216	0000.545
-01.6426	-00.0216	0000.546
-01.6344	-00.0216	0000.547
-01.6268	-00.0213	0000.548
-01.6188	-00.0219	0000.549
-01.6103	-00.0216	0000.550
-01.6030	-00.0213	0000.551
-01.5947	-00.0210	0000.552
-01.5868	-00.0213	0000.553
-01.5786	-00.0216	0000.554
-01.5703	-00.0210	0000.555
-01.5624	-00.0216	0000.556
-01.5551	-00.0210	0000.557
-01.5462	-00.0207	0000.558
-01.5386	-00.0213	0000.559
-01.5300	-00.0207	0000.560
-01.5224	-00.0210	0000.561
-01.5151	-00.0213	0000.562
-01.5062	-00.0210	0000.563
-01.4983	-00.0210	0000.564
-01.4901	-00.0204	0000.565
-01.4827	-00.0210	0000.566
-01.4742	-00.0207	0000.567
-01.4663	-00.0207	0000.568
-01.4580	-00.0204	0000.569
-01.4504	-00.0207	0000.570
-01.4418	-00.0207	0000.571
-01.4339	-00.0207	0000.572
-01.4266	-00.0207	0000.573
-01.4183	-00.0204	0000.574
-01.4104	-00.0201	0000.575
-01.4019	-00.0204	0000.576
-01.3942	-00.0198	0000.577
-01.3860	-00.0198	0000.578
-01.3781	-00.0198	0000.579
-01.3701	-00.0198	0000.580
-01.3625	-00.0201	0000.581
-01.3540	-00.0204	0000.582
-01.3457	-00.0198	0000.583
-01.3381	-00.0198	0000.584
-01.3305	-00.0198	0000.585
-01.3222	-00.0195	0000.586
-01.3140	-00.0195	0000.587
-01.3063	-00.0195	0000.588
-01.2981	-00.0198	0000.589
-01.2902	-00.0195	0000.590
-01.2828	-00.0195	0000.591
-01.2740	-00.0198	0000.592
-01.2661	-00.0195	0000.593
-01.2581	-00.0195	0000.594
-01.2502	-00.0198	0000.595
-01.2423	-00.0192	0000.596
-01.2340	-00.0195	0000.597
-01.2261	-00.0192	0000.598
-01.2178	-00.0192	0000.599
-01.2105	-00.0186	0000.600
-01.2020	-00.0189	0000.601
-01.1937	-00.0192	0000.602
-01.1864	-00.0189	0000.603
-01.1779	-00.0192	0000.604
-01.1699	-00.0186	0000.605
-01.1617	-00.0186	0000.606
-01.1538	-00.0189	0000.607
-01.1458	-00.0186	0000.608
-01.1379	-00.0186	0000.609
-01.1296	-00.0186	0000.610
-01.1217	-00.0186	0000.611
-01.1138	-00.0186	0000.612
-01.1058	-00.0183	0000.613
-01.0976	-00.0186	0000.614
-01.0900	-00.0180	0000.615
-01.0817	-00.0183	0000.616
-01.0738	-00.0186	0000.617
-01.0662	-00.0177	0000.618
-01.0579	-00.0183	0000.619
-01.0500	-00.0180	0000.620
-01.0415	-00.0177	0000.621
-01.0335	-00.0177	0000.622
-01.0259	-00.0180	0000.623
-01.0183	-00.0180	0000.624
-01.0097	-00.0174	0000.625
-01.0018	-00.0183	0000.626
-00.9932	-00.0177	0000.627
-00.9859	-00.0177	0000.628
-00.9777	-00.0180	0000.629
-00.9694	-00.0171	0000.630
-00.9618	-00.0174	0000.631
-00.9530	-00.0167	0000.632
-00.9459	-00.0171	0000.633
-00.9377	-00.0171	0000.634
-00.9295	-00.0174	0000.635
-00.9212	-00.0171	0000.636
-00.9139	-00.0171	0000.637
-00.9053	-00.0171	0000.638
-00.8977	-00.0167	0000.639
-00.8895	-00.0167	0000.640
-00.8818	-00.0167	0000.641
-00.8736	-00.0164	0000.642
-00.8654	-00.0167	0000.643
-00.8577	-00.0167	0000.644
-00.8492	-00.0167	0000.645
-00.8413	-00.0161	0000.646
-00.8333	-00.0164	0000.647
-00.8257	-00.0164	0000.648
-00.8171	-00.0164	0000.649
-00.8092	-00.0161	0000.650
-00.8013	-00.0161	0000.651
-00.7936	-00.0161	0000.652
-00.7851	-00.0158	0000.653
-00.7772	-00.0158	0000.654
-00.7695	-00.0155	0000.655
-00.7616	-00.0155	0000.656
-00.7537	-00.0158	0000.657
-00.7454	-00.0155	0000.658
-00.7372	-00.0155	0000.659
-00.7296	-00.0155	0000.660
-00.7210	-00.0149	0000.661
-00.7134	-00.0152	0000.662
-00.7048	-00.0158	0000.663
-00.6975	-00.0149	0000.664
-00.6896	-00.0152	0000.665
-00.6813	-00.0149	0000.666
-00.6728	-00.0149	0000.667
-00.6655	-00.0149	0000.668
-00.6569	-00.0146	0000.669
-00.6490	-00.0143	0000.670
-00.6414	-00.0149	0000.671
-00.6331	-00.0143	0000.672
-00.6252	-00.0143	0000.673
-00.6173	-00.0149	0000.674
-00.6093	-00.0143	0000.675
-00.6011	-00.0143	0000.676
-00.5931	-00.0140	0000.677
-00.5849	-00.0146	0000.678
-00.5770	-00.0140	0000.679
-00.5700	-00.0143	0000.680
-00.5611	-00.0137	0000.681
-00.5532	-00.0140	0000.682
-00.5452	-00.0137	0000.683
-00.5370	-00.0134	0000.684
-00.5291	-00.0137	0000.685
-00.5211	-00.0137	0000.686
-00.5126	-00.0134	0000.687
-00.5046	-00.0134	0000.688
-00.4970	-00.0131	0000.689
-00.4891	-00.0128	0000.690
-00.4805	-00.0134	0000.691
-00.4729	-00.0125	0000.692
-00.4653	-00.0128	0000.693
-00.4567	-00.0131	0000.694
-00.4494	-00.0125	0000.695
-00.4409	-00.0125	0000.696
-00.4332	-00.0125	0000.697
-00.4247	-00.0128	0000.698
-00.4171	-00.0128	0000.699
-00.4085	-00.0125	0000.700
-00.4006	-00.0122	0000.701
-00.3926	-00.0113	0000.702
-00.3850	-00.0125	0000.703
-00.3768	-00.0119	0000.704
-00.3688	-00.0119	0000.705
-00.3603	-00.0119	0000.706
-00.3536	-00.0116	0000.707
-00.3453	-00.0116	0000.708
-00.3365	-00.0119	0000.709
-00.3286	-00.0113	0000.710
-00.3203	-00.0116	0000.711
-00.3127	-00.0116	0000.712
-00.3051	-00.0109	0000.713
-00.2968	-00.0113	0000.714
-00.2883	-00.0109	0000.715
-00.2810	-00.0106	0000.716
-00.2724	-00.0113	0000.717
-00.2648	-00.0113	0000.718
-00.2559	-00.0106	0000.719
-00.2489	-00.0106	0000.720
-00.2410	-00.0103	0000.721
-00.2327	-00.0103	0000.722
-00.2245	-00.0103	0000.723
-00.2169	-00.0103	0000.724
-00.2086	-00.0103	0000.725
-00.2001	-00.0097	0000.726
-00.1925	-00.0100	0000.727
-00.1845	-00.0097	0000.728
-00.1760	-00.0097	0000.729
-00.1686	-00.0097	0000.730
-00.1604	-00.0091	0000.731
-00.1525	-00.0094	0000.732
-00.1448	-00.0088	0000.733
-00.1366	-00.0091	0000.734
-00.1287	-00.0088	0000.735
-00.1204	-00.0088	0000.736
-00.1125	-00.0091	0000.737
-00.1043	-00.0088	0000.738
-00.0963	-00.0085	0000.739
-00.0887	-00.0085	0000.740
-00.0801	-00.0085	0000.741
-00.0722	-00.0082	0000.742
-00.0643	-00.0085	0000.743
-00.0563	-00.0082	0000.744
-00.0484	-00.0079	0000.745
-00.0408	-00.0076	0000.746
-00.0322	-00.0076	0000.747
-00.0243	-00.0076	0000.748
-00.0164	-00.0076	0000.749
