R,Ohm	C,pF	Temp,C
0000000000	0000100000	+025.00
Ch1,V	Ch2,V	Time,s
-00.0008	-00.0012	0000.000
-00.0002	-00.0009	0000.001
+00.0077	-00.0009	0000.002
+00.0157	-00.0006	0000.003
+00.0239	-00.0006	0000.004
+00.0315	-00.0006	0000.005
+00.0395	-00.0003	0000.006
+00.0477	-00.0003	0000.007
+00.0554	-00.0003	0000.008
+00.0633	-00.0006	0000.009
+00.0712	-00.0009	0000.010
+00.0798	-00.0006	0000.011
+00.0874	-00.0003	0000.012
+00.0956	-00.0003	0000.013
+00.1039	-00.0003	0000.014
+00.1115	-00.0003	0000.015
+00.1197	-00.0006	0000.016
+00.1280	-00.0006	0000.017
+00.1356	-00.0003	0000.018
+00.1435	-00.0003	0000.019
+00.1518	+00.0000	0000.020
+00.1597	-00.0003	0000.021
+00.1677	+00.0000	0000.022
+00.1756	-00.0003	0000.023
+00.1835	+00.0000	0000.024
+00.1921	+00.0000	0000.025
+00.1997	+00.0000	0000.026
+00.2076	-00.0003	0000.027
+00.2156	+00.0003	0000.028
+00.2235	+00.0000	0000.029
+00.2314	+00.0003	0000.030
+00.2397	+00.0010	0000.031
+00.2479	+00.0003	0000.032
+00.2555	+00.0006	0000.033
+00.2638	+00.0003	0000.034
+00.2723	+00.0006	0000.035
+00.2800	+00.0006	0000.036
+00.2879	+00.0003	0000.037
+00.2958	+00.0006	0000.038
+00.3044	+00.0003	0000.039
+00.3120	+00.0010	0000.040
+00.3196	+00.0006	0000.041
+00.3282	+00.0006	0000.042
+00.3355	+00.0006	0000.043
+00.3440	+00.0006	0000.044
+00.3520	+00.0010	0000.045
+00.3599	+00.0010	0000.046
+00.3679	+00.0013	0000.047
+00.3761	+00.0013	0000.048
+00.3846	+00.0013	0000.049
+00.3923	+00.0013	0000.050
+00.3999	+00.0016	0000.051
+00.4084	+00.0013	0000.052
+00.4161	+00.0013	0000.053
+00.4243	+00.0013	0000.054
+00.4325	+00.0016	0000.055
+00.4402	+00.0019	0000.056
+00.4478	+00.0016	0000.057
+00.4567	+00.0019	0000.058
+00.4643	+00.0016	0000.059
+00.4719	+00.0019	0000.060
+00.4808	+00.0019	0000.061
+00.4884	+00.0019	0000.062
+00.4966	+00.0022	0000.063
+00.5043	+00.0022	0000.064
+00.5119	+00.0022	0000.065
+00.5201	+00.0028	0000.066
+00.5284	+00.0022	0000.067
+00.5363	+00.0025	0000.068
+00.5445	+00.0025	0000.069
+00.5525	+00.0028	0000.070
+00.5607	+00.0025	0000.071
+00.5687	+00.0031	0000.072
+00.5766	+00.0025	0000.073
+00.5845	+00.0028	0000.074
+00.5918	+00.0031	0000.075
+00.6007	+00.0031	0000.076
+00.6086	+00.0034	0000.077
+00.6169	+00.0034	0000.078
+00.6242	+00.0034	0000.079
+00.6321	+00.0031	0000.080
+00.6407	+00.0031	0000.081
+00.6483	+00.0034	0000.082
+00.6565	+00.0040	0000.083
+00.6642	+00.0043	0000.084
+00.6724	+00.0040	0000.085
+00.6807	+00.0043	0000.086
+00.6886	+00.0043	0000.087
+00.6965	+00.0049	0000.088
+00.7048	+00.0046	0000.089
+00.7127	+00.0061	0000.090
+00.7206	+00.0064	0000.091
+00.7286	+00.0068	0000.092
+00.7371	+00.0071	0000.093
+00.7444	+00.0089	0000.094
+00.7530	+00.0101	0000.095
+00.7609	+00.0107	0000.096
+00.7682	+00.0110	0000.097
+00.7768	+00.0119	0000.098
+00.7844	+00.0122	0000.099
+00.7927	+00.0138	0000.100
+00.8009	+00.0147	0000.101
+00.8085	+00.0159	0000.102
+00.8165	+00.0171	0000.103
+00.8247	+00.0183	0000.104
+00.8335	+00.0260	0000.105
+00.8406	+00.0318	0000.106
+00.8488	+00.0388	0000.107
+00.8564	+00.0440	0000.108
+00.8647	+00.0550	0000.109
+00.8723	+00.0693	0000.110
+00.8809	+00.1166	0000.111
+00.8885	+00.1490	0000.112
+00.8967	+00.3165	0000.113
+00.9053	+00.5829	0000.114
+00.9129	+00.6073	0000.115
+00.9208	+00.6183	0000.116
+00.9288	+00.6256	0000.117
+00.9367	+00.6311	0000.118
+00.9446	+00.6357	0000.119
+00.9529	+00.6397	0000.120
+00.9605	+00.6424	0000.121
+00.9687	+00.6464	0000.122
+00.9773	+00.6485	0000.123
+00.9855	+00.6504	0000.124
+00.9929	+00.6522	0000.125
+01.0008	+00.6543	0000.126
+01.0090	+00.6559	0000.127
+01.0173	+00.6577	0000.128
+01.0252	+00.6592	0000.129
+01.0331	+00.6607	0000.130
+01.0411	+00.6626	0000.131
+01.0496	+00.6644	0000.132
+01.0569	+00.6665	0000.133
+01.0652	+00.6708	0000.134
+01.0734	+00.6723	0000.135
+01.0814	+00.6742	0000.136
+01.0887	+00.6763	0000.137
+01.0972	+00.6974	0000.138
+01.1055	+00.6998	0000.139
+01.1131	+00.7013	0000.140
+01.1210	+00.7035	0000.141
+01.1293	+00.7044	0000.142
+01.1369	+00.7053	0000.143
+01.1454	+00.7065	0000.144
+01.1531	+00.7077	0000.145
+01.1616	+00.7087	0000.146
+01.1689	+00.7096	0000.147
+01.1772	+00.7108	0000.148
+01.1854	+00.7111	0000.149
+01.1930	+00.7117	0000.150
+01.2013	+00.7126	0000.151
+01.2095	+00.7135	0000.152
+01.2172	+00.7145	0000.153
+01.2254	+00.7148	0000.154
+01.2333	+00.7154	0000.155
+01.2416	+00.7163	0000.156
+01.2495	+00.7166	0000.157
+01.2571	+00.7169	0000.158
+01.2648	+00.7178	0000.159
+01.2733	+00.7190	0000.160
+01.2819	+00.7193	0000.161
+01.2895	+00.7199	0000.162
+01.2977	+00.7206	0000.163
+01.3057	+00.7209	0000.164
+01.3136	+00.7212	0000.165
+01.3215	+00.7224	0000.166
+01.3301	+00.7227	0000.167
+01.3371	+00.7230	0000.168
+01.3459	+00.7236	0000.169
+01.3536	+00.7239	0000.170
+01.3615	+00.7245	0000.171
+01.3697	+00.7248	0000.172
+01.3771	+00.7254	0000.173
+01.3859	+00.7260	0000.174
+01.3932	+00.7276	0000.175
+01.4021	+00.7297	0000.176
+01.4097	+00.7306	0000.177
+01.4174	+00.7309	0000.178
+01.4253	+00.7322	0000.179
+01.4335	+00.7325	0000.180
+01.4412	+00.7334	0000.181
+01.4494	+00.7337	0000.182
+01.4579	+00.7343	0000.183
+01.4656	+00.7352	0000.184
+01.4735	+00.7358	0000.185
+01.4814	+00.7367	0000.186
+01.4897	+00.7376	0000.187
+01.4979	+00.7386	0000.188
+01.5059	+00.7389	0000.189
+01.5138	+00.7398	0000.190
+01.5220	+00.7401	0000.191
+01.5300	+00.7404	0000.192
+01.5379	+00.7407	0000.193
+01.5458	+00.7416	0000.194
+01.5541	+00.7419	0000.195
+01.5614	+00.7425	0000.196
+01.5696	+00.7428	0000.197
+01.5782	+00.7431	0000.198
+01.5858	+00.7434	0000.199
+01.5940	+00.7437	0000.200
+01.6017	+00.7444	0000.201
+01.6108	+00.7444	0000.202
+01.6179	+00.7450	0000.203
+01.6258	+00.7453	0000.204
+01.6340	+00.7453	0000.205
+01.6417	+00.7456	0000.206
+01.6502	+00.7465	0000.207
+01.6581	+00.7465	0000.208
+01.6661	+00.7468	0000.209
+01.6740	+00.7471	0000.210
+01.6813	+00.7474	0000.211
+01.6905	+00.7474	0000.212
+01.6975	+00.7477	0000.213
+01.7060	+00.7483	0000.214
+01.7134	+00.7483	0000.215
+01.7222	+00.7483	0000.216
+01.7302	+00.7486	0000.217
+01.7381	+00.7495	0000.218
+01.7457	+00.7499	0000.219
+01.7537	+00.7499	0000.220
+01.7625	+00.7502	0000.221
+01.7704	+00.7502	0000.222
+01.7778	+00.7505	0000.223
+01.7857	+00.7511	0000.224
+01.7939	+00.7508	0000.225
+01.8019	+00.7517	0000.226
+01.8104	+00.7517	0000.227
+01.8187	+00.7523	0000.228
+01.8263	+00.7526	0000.229
+01.8348	+00.7523	0000.230
+01.8425	+00.7526	0000.231
+01.8504	+00.7529	0000.232
+01.8580	+00.7535	0000.233
+01.8663	+00.7532	0000.234
+01.8742	+00.7535	0000.235
+01.8818	+00.7541	0000.236
+01.8904	+00.7538	0000.237
+01.8983	+00.7544	0000.238
+01.9062	+00.7544	0000.239
+01.9142	+00.7550	0000.240
+01.9224	+00.7547	0000.241
+01.9300	+00.7557	0000.242
+01.9386	+00.7557	0000.243
+01.9462	+00.7560	0000.244
+01.9548	+00.7560	0000.245
+01.9624	+00.7566	0000.246
+01.9706	+00.7566	0000.247
+01.9783	+00.7566	0000.248
+01.9865	+00.7569	0000.249
+01.9944	+00.7572	0000.250
+02.0030	+00.7578	0000.251
+02.0106	+00.7578	0000.252
+02.0185	+00.7578	0000.253
+02.0265	+00.7584	0000.254
+02.0344	+00.7584	0000.255
+02.0424	+00.7587	0000.256
+02.0503	+00.7590	0000.257
+02.0585	+00.7590	0000.258
+02.0668	+00.7596	0000.259
+02.0744	+00.7599	0000.260
+02.0826	+00.7599	0000.261
+02.0897	+00.7599	0000.262
+02.0988	+00.7602	0000.263
+02.1064	+00.7605	0000.264
+02.1147	+00.7605	0000.265
+02.1223	+00.7608	0000.266
+02.1309	+00.7615	0000.267
+02.1388	+00.7615	0000.268
+02.1470	+00.7615	0000.269
+02.1547	+00.7618	0000.270
+02.1626	+00.7618	0000.271
+02.1705	+00.7621	0000.272
+02.1788	+00.7627	0000.273
+02.1870	+00.7627	0000.274
+02.1952	+00.7630	0000.275
+02.2026	+00.7627	0000.276
+02.2108	+00.7633	0000.277
+02.2190	+00.7636	0000.278
+02.2267	+00.7639	0000.279
+02.2346	+00.7636	0000.280
+02.2429	+00.7642	0000.281
+02.2511	+00.7645	0000.282
+02.2593	+00.7645	0000.283
+02.2673	+00.7651	0000.284
+02.2749	+00.7648	0000.285
+02.2828	+00.7651	0000.286
+02.2914	+00.7657	0000.287
+02.2990	+00.7654	0000.288
+02.3069	+00.7660	0000.289
+02.3152	+00.7657	0000.290
+02.3231	+00.7663	0000.291
+02.3307	+00.7663	0000.292
+02.3390	+00.7666	0000.293
+02.3472	+00.7666	0000.294
+02.3552	+00.7666	0000.295
+02.3628	+00.7669	0000.296
+02.3710	+00.7676	0000.297
+02.3790	+00.7676	0000.298
+02.3869	+00.7676	0000.299
+02.3948	+00.7679	0000.300
+02.4034	+00.7679	0000.301
+02.4107	+00.7685	0000.302
+02.4189	+00.7682	0000.303
+02.4275	+00.7685	0000.304
+02.4351	+00.7688	0000.305
+02.4430	+00.7688	0000.306
+02.4519	+00.7694	0000.307
+02.4589	+00.7694	0000.308
+02.4675	+00.7694	0000.309
+02.4751	+00.7697	0000.310
+02.4827	+00.7700	0000.311
+02.4907	+00.7700	0000.312
+02.4989	+00.7703	0000.313
+02.5071	+00.7703	0000.314
+02.5154	+00.7709	0000.315
+02.5230	+00.7706	0000.316
+02.5309	+00.7706	0000.317
+02.5395	+00.7712	0000.318
+02.5474	+00.7715	0000.319
+02.5550	+00.7715	0000.320
+02.5627	+00.7712	0000.321
+02.5712	+00.7721	0000.322
+02.5785	+00.7718	0000.323
+02.5877	+00.7721	0000.324
+02.5953	+00.7724	0000.325
+02.6033	+00.7724	0000.326
+02.6109	+00.7724	0000.327
+02.6194	+00.7727	0000.328
+02.6271	+00.7727	0000.329
+02.6356	+00.7730	0000.330
+02.6442	+00.7730	0000.331
+02.6515	+00.7727	0000.332
+02.6600	+00.7737	0000.333
+02.6677	+00.7737	0000.334
+02.6759	+00.7740	0000.335
+02.6835	+00.7737	0000.336
+02.6912	+00.7740	0000.337
+02.6994	+00.7740	0000.338
+02.7070	+00.7740	0000.339
+02.7156	+00.7743	0000.340
+02.7238	+00.7746	0000.341
+02.7311	+00.7749	0000.342
+02.7397	+00.7749	0000.343
+02.7476	+00.7749	0000.344
+02.7555	+00.7749	0000.345
+02.7635	+00.7752	0000.346
+02.7720	+00.7749	0000.347
+02.7790	+00.7755	0000.348
+02.7873	+00.7755	0000.349
+02.7952	+00.7758	0000.350
+02.8038	+00.7758	0000.351
+02.8111	+00.7758	0000.352
+02.8190	+00.7761	0000.353
+02.8279	+00.7764	0000.354
+02.8358	+00.7761	0000.355
+02.8447	+00.7764	0000.356
+02.8517	+00.7767	0000.357
+02.8599	+00.7767	0000.358
+02.8675	+00.7767	0000.359
+02.8761	+00.7773	0000.360
+02.8840	+00.7770	0000.361
+02.8923	+00.7767	0000.362
+02.9002	+00.7773	0000.363
+02.9078	+00.7773	0000.364
+02.9155	+00.7773	0000.365
+02.9246	+00.7779	0000.366
+02.9325	+00.7779	0000.367
+02.9399	+00.7779	0000.368
+02.9478	+00.7776	0000.369
+02.9557	+00.7779	0000.370
+02.9643	+00.7782	0000.371
+02.9722	+00.7785	0000.372
+02.9802	+00.7782	0000.373
+02.9875	+00.7785	0000.374
+02.9957	+00.7785	0000.375
+03.0040	+00.7788	0000.376
+03.0116	+00.7792	0000.377
+03.0201	+00.7795	0000.378
+03.0284	+00.7792	0000.379
+03.0360	+00.7792	0000.380
+03.0449	+00.7792	0000.381
+03.0516	+00.7795	0000.382
+03.0598	+00.7792	0000.383
+03.0677	+00.7798	0000.384
+03.0760	+00.7795	0000.385
+03.0839	+00.7798	0000.386
+03.0922	+00.7801	0000.387
+03.1004	+00.7798	0000.388
+03.1089	+00.7801	0000.389
+03.1169	+00.7798	0000.390
+03.1242	+00.7807	0000.391
+03.1318	+00.7804	0000.392
+03.1398	+00.7807	0000.393
+03.1483	+00.7804	0000.394
+03.1559	+00.7807	0000.395
+03.1645	+00.7804	0000.396
+03.1724	+00.7810	0000.397
+03.1800	+00.7810	0000.398
+03.1886	+00.7813	0000.399
+03.1959	+00.7810	0000.400
+03.2042	+00.7813	0000.401
+03.2121	+00.7813	0000.402
+03.2200	+00.7816	0000.403
+03.2292	+00.7813	0000.404
+03.2362	+00.7816	0000.405
+03.2444	+00.7816	0000.406
+03.2518	+00.7822	0000.407
+03.2606	+00.7819	0000.408
+03.2682	+00.7822	0000.409
+03.2765	+00.7822	0000.410
+03.2844	+00.7819	0000.411
+03.2927	+00.7825	0000.412
+03.3003	+00.7825	0000.413
+03.3088	+00.7822	0000.414
+03.3162	+00.7828	0000.415
+03.3250	+00.7828	0000.416
+03.3323	+00.7825	0000.417
+03.3406	+00.7825	0000.418
+03.3482	+00.7828	0000.419
+03.3561	+00.7828	0000.420
+03.3641	+00.7831	0000.421
+03.3729	+00.7831	0000.422
+03.3805	+00.7828	0000.423
+03.3879	+00.7834	0000.424
+03.3961	+00.7837	0000.425
+03.4037	+00.7834	0000.426
+03.4126	+00.7837	0000.427
+03.4211	+00.7837	0000.428
+03.4282	+00.7834	0000.429
+03.4367	+00.7834	0000.430
+03.4446	+00.7837	0000.431
+03.4529	+00.7840	0000.432
+03.4608	+00.7840	0000.433
+03.4687	+00.7837	0000.434
+03.4770	+00.7840	0000.435
+03.4849	+00.7840	0000.436
+03.4925	+00.7843	0000.437
+03.5017	+00.7843	0000.438
+03.5084	+00.7843	0000.439
+03.5170	+00.7843	0000.440
+03.5258	+00.7853	0000.441
+03.5328	+00.7846	0000.442
+03.5405	+00.7849	0000.443
+03.5487	+00.7843	0000.444
+03.5563	+00.7846	0000.445
+03.5652	+00.7849	0000.446
+03.5725	+00.7849	0000.447
+03.5814	+00.7853	0000.448
+03.5884	+00.7853	0000.449
+03.5972	+00.7856	0000.450
+03.6045	+00.7849	0000.451
+03.6125	+00.7849	0000.452
+03.6204	+00.7853	0000.453
+03.6287	+00.7859	0000.454
+03.6363	+00.7856	0000.455
+03.6448	+00.7856	0000.456
+03.6528	+00.7856	0000.457
+03.6604	+00.7856	0000.458
+03.6692	+00.7856	0000.459
+03.6772	+00.7856	0000.460
+03.6845	+00.7859	0000.461
+03.6930	+00.7862	0000.462
+03.7010	+00.7862	0000.463
+03.7086	+00.7862	0000.464
+03.7172	+00.7862	0000.465
+03.7248	+00.7859	0000.466
+03.7327	+00.7865	0000.467
+03.7413	+00.7868	0000.468
+03.7492	+00.7865	0000.469
+03.7568	+00.7865	0000.470
+03.7648	+00.7865	0000.471
+03.7733	+00.7868	0000.472
+03.7819	+00.7871	0000.473
+03.7892	+00.7871	0000.474
+03.7965	+00.7871	0000.475
+03.8054	+00.7868	0000.476
+03.8136	+00.7871	0000.477
+03.8215	+00.7871	0000.478
+03.8285	+00.7874	0000.479
+03.8374	+00.7877	0000.480
+03.8453	+00.7871	0000.481
+03.8530	+00.7874	0000.482
+03.8621	+00.7871	0000.483
+03.8694	+00.7874	0000.484
+03.8771	+00.7874	0000.485
+03.8856	+00.7880	0000.486
+03.8935	+00.7880	0000.487
+03.9015	+00.7877	0000.488
+03.9097	+00.7880	0000.489
+03.9170	+00.7877	0000.490
+03.9253	+00.7877	0000.491
+03.9341	+00.7883	0000.492
+03.9405	+00.7883	0000.493
+03.9494	+00.7883	0000.494
+03.9570	+00.7883	0000.495
+03.9656	+00.7886	0000.496
+03.9732	+00.7883	0000.497
+03.9817	+00.7889	0000.498
+03.9897	+00.7886	0000.499
+03.9976	+00.7886	0000.500
+04.0049	+00.7886	0000.501
+03.9979	+00.7883	0000.502
+03.9903	+00.7886	0000.503
+03.9817	+00.7886	0000.504
+03.9738	+00.7886	0000.505
+03.9656	+00.7889	0000.506
+03.9579	+00.7886	0000.507
+03.9488	+00.7889	0000.508
+03.9418	+00.7883	0000.509
+03.9338	+00.7892	0000.510
+03.9256	+00.7889	0000.511
+03.9183	+00.7883	0000.512
+03.9091	+00.7889	0000.513
+03.9021	+00.7889	0000.514
+03.8939	+00.7889	0000.515
+03.8859	+00.7886	0000.516
+03.8783	+00.7886	0000.517
+03.8707	+00.7886	0000.518
+03.8618	+00.7889	0000.519
+03.8527	+00.7886	0000.520
+03.8459	+00.7889	0000.521
+03.8374	+00.7889	0000.522
+03.8292	+00.7886	0000.523
+03.8212	+00.7883	0000.524
+03.8130	+00.7889	0000.525
+03.8050	+00.7886	0000.526
+03.7977	+00.7886	0000.527
+03.7895	+00.7880	0000.528
+03.7815	+00.7886	0000.529
+03.7727	+00.7883	0000.530
+03.7651	+00.7883	0000.531
+03.7565	+00.7886	0000.532
+03.7495	+00.7883	0000.533
+03.7413	+00.7886	0000.534
+03.7330	+00.7883	0000.535
+03.7254	+00.7883	0000.536
+03.7178	+00.7886	0000.537
+03.7092	+00.7883	0000.538
+03.7013	+00.7886	0000.539
+03.6930	+00.7880	0000.540
+03.6854	+00.7886	0000.541
+03.6775	+00.7883	0000.542
+03.6695	+00.7883	0000.543
+03.6604	+00.7883	0000.544
+03.6540	+00.7880	0000.545
+03.6448	+00.7880	0000.546
+03.6378	+00.7883	0000.547
+03.6290	+00.7883	0000.548
+03.6210	+00.7883	0000.549
+03.6134	+00.7880	0000.550
+03.6058	+00.7883	0000.551
+03.5975	+00.7880	0000.552
+03.5884	+00.7880	0000.553
+03.5807	+00.7880	0000.554
+03.5734	+00.7877	0000.555
+03.5652	+00.7880	0000.556
+03.5575	+00.7877	0000.557
+03.5493	+00.7877	0000.558
+03.5411	+00.7880	0000.559
+03.5328	+00.7880	0000.560
+03.5252	+00.7874	0000.561
+03.5173	+00.7877	0000.562
+03.5087	+00.7880	0000.563
+03.5011	+00.7877	0000.564
+03.4932	+00.7880	0000.565
+03.4855	+00.7883	0000.566
+03.4767	+00.7877	0000.567
+03.4694	+00.7877	0000.568
+03.4608	+00.7877	0000.569
+03.4535	+00.7874	0000.570
+03.4449	+00.7880	0000.571
+03.4361	+00.7874	0000.572
+03.4294	+00.7871	0000.573
+03.4208	+00.7871	0000.574
+03.4129	+00.7871	0000.575
+03.4043	+00.7874	0000.576
+03.3964	+00.7874	0000.577
+03.3885	+00.7871	0000.578
+03.3812	+00.7877	0000.579
+03.3723	+00.7874	0000.580
+03.3644	+00.7877	0000.581
+03.3567	+00.7874	0000.582
+03.3488	+00.7871	0000.583
+03.3409	+00.7871	0000.584
+03.3320	+00.7871	0000.585
+03.3247	+00.7871	0000.586
+03.3165	+00.7874	0000.587
+03.3091	+00.7868	0000.588
+03.3003	+00.7868	0000.589
+03.2917	+00.7874	0000.590
+03.2844	+00.7874	0000.591
+03.2765	+00.7868	0000.592
+03.2689	+00.7874	0000.593
+03.2609	+00.7868	0000.594
+03.2524	+00.7865	0000.595
+03.2447	+00.7868	0000.596
+03.2374	+00.7868	0000.597
+03.2286	+00.7868	0000.598
+03.2206	+00.7865	0000.599
+03.2121	+00.7868	0000.600
+03.2048	+00.7868	0000.601
+03.1965	+00.7868	0000.602
+03.1889	+00.7865	0000.603
+03.1807	+00.7865	0000.604
+03.1724	+00.7871	0000.605
+03.1639	+00.7865	0000.606
+03.1559	+00.7865	0000.607
+03.1486	+00.7859	0000.608
+03.1404	+00.7865	0000.609
+03.1334	+00.7862	0000.610
+03.1251	+00.7868	0000.611
+03.1163	+00.7865	0000.612
+03.1086	+00.7865	0000.613
+03.1001	+00.7865	0000.614
+03.0918	+00.7862	0000.615
+03.0842	+00.7862	0000.616
+03.0769	+00.7862	0000.617
+03.0684	+00.7865	0000.618
+03.0607	+00.7859	0000.619
+03.0525	+00.7862	0000.620
+03.0442	+00.7862	0000.621
+03.0372	+00.7862	0000.622
+03.0278	+00.7862	0000.623
+03.0204	+00.7859	0000.624
+03.0122	+00.7859	0000.625
+03.0043	+00.7859	0000.626
+02.9966	+00.7859	0000.627
+02.9881	+00.7859	0000.628
+02.9805	+00.7862	0000.629
+02.9725	+00.7862	0000.630
+02.9646	+00.7859	0000.631
+02.9557	+00.7856	0000.632
+02.9484	+00.7859	0000.633
+02.9402	+00.7856	0000.634
+02.9322	+00.7862	0000.635
+02.9243	+00.7856	0000.636
+02.9161	+00.7856	0000.637
+02.9084	+00.7856	0000.638
+02.9005	+00.7859	0000.639
+02.8917	+00.7856	0000.640
+02.8840	+00.7853	0000.641
+02.8755	+00.7856	0000.642
+02.8679	+00.7849	0000.643
+02.8605	+00.7856	0000.644
+02.8520	+00.7849	0000.645
+02.8440	+00.7853	0000.646
+02.8355	+00.7853	0000.647
+02.8282	+00.7853	0000.648
+02.8199	+00.7849	0000.649
+02.8117	+00.7849	0000.650
+02.8038	+00.7849	0000.651
+02.7961	+00.7853	0000.652
+02.7882	+00.7853	0000.653
+02.7797	+00.7849	0000.654
+02.7726	+00.7849	0000.655
+02.7638	+00.7853	0000.656
+02.7559	+00.7849	0000.657
+02.7482	+00.7849	0000.658
+02.7400	+00.7849	0000.659
+02.7317	+00.7849	0000.660
+02.7238	+00.7846	0000.661
+02.7162	+00.7849	0000.662
+02.7076	+00.7846	0000.663
+02.7000	+00.7846	0000.664
+02.6921	+00.7849	0000.665
+02.6841	+00.7846	0000.666
+02.6753	+00.7846	0000.667
+02.6680	+00.7849	0000.668
+02.6594	+00.7843	0000.669
+02.6521	+00.7846	0000.670
+02.6435	+00.7849	0000.671
+02.6359	+00.7840	0000.672
+02.6277	+00.7846	0000.673
+02.6194	+00.7846	0000.674
+02.6118	+00.7840	0000.675
+02.6036	+00.7846	0000.676
+02.5956	+00.7843	0000.677
+02.5877	+00.7840	0000.678
+02.5795	+00.7843	0000.679
+02.5715	+00.7843	0000.680
+02.5633	+00.7840	0000.681
+02.5554	+00.7843	0000.682
+02.5480	+00.7840	0000.683
+02.5395	+00.7840	0000.684
+02.5309	+00.7840	0000.685
+02.5236	+00.7837	0000.686
+02.5154	+00.7837	0000.687
+02.5074	+00.7837	0000.688
+02.4989	+00.7837	0000.689
+02.4919	+00.7843	0000.690
+02.4833	+00.7837	0000.691
+02.4757	+00.7834	0000.692
+02.4675	+00.7837	0000.693
+02.4589	+00.7837	0000.694
+02.4522	+00.7837	0000.695
+02.4434	+00.7840	0000.696
+02.4354	+00.7837	0000.697
+02.4278	+00.7834	0000.698
+02.4186	+00.7831	0000.699
+02.4113	+00.7834	0000.700
+02.4031	+00.7834	0000.701
+02.3954	+00.7834	0000.702
+02.3869	+00.7834	0000.703
+02.3787	+00.7834	0000.704
+02.3713	+00.7834	0000.705
+02.3637	+00.7834	0000.706
+02.3552	+00.7831	0000.707
+02.3472	+00.7831	0000.708
+02.3393	+00.7831	0000.709
+02.3307	+00.7831	0000.710
+02.3234	+00.7831	0000.711
+02.3152	+00.7834	0000.712
+02.3079	+00.7831	0000.713
+02.2993	+00.7831	0000.714
+02.2914	+00.7828	0000.715
+02.2828	+00.7828	0000.716
+02.2752	+00.7828	0000.717
+02.2663	+00.7828	0000.718
+02.2593	+00.7831	0000.719
+02.2508	+00.7828	0000.720
+02.2435	+00.7828	0000.721
+02.2352	+00.7822	0000.722
+02.2273	+00.7831	0000.723
+02.2197	+00.7825	0000.724
+02.2111	+00.7822	0000.725
+02.2029	+00.7825	0000.726
+02.1949	+00.7822	0000.727
+02.1867	+00.7822	0000.728
+02.1794	+00.7825	0000.729
+02.1702	+00.7825	0000.730
+02.1629	+00.7822	0000.731
+02.1553	+00.7825	0000.732
+02.1467	+00.7822	0000.733
+02.1391	+00.7825	0000.734
+02.1305	+00.7819	0000.735
+02.1229	+00.7822	0000.736
+02.1150	+00.7822	0000.737
+02.1070	+00.7825	0000.738
+02.0985	+00.7822	0000.739
+02.0906	+00.7822	0000.740
+02.0832	+00.7819	0000.741
+02.0750	+00.7819	0000.742
+02.0668	+00.7816	0000.743
+02.0588	+00.7819	0000.744
+02.0506	+00.7816	0000.745
+02.0427	+00.7816	0000.746
+02.0347	+00.7819	0000.747
+02.0268	+00.7813	0000.748
+02.0185	+00.7816	0000.749
+02.0106	+00.7813	0000.750
+02.0024	+00.7816	0000.751
+01.9950	+00.7816	0000.752
+01.9871	+00.7813	0000.753
+01.9783	+00.7819	0000.754
+01.9712	+00.7813	0000.755
+01.9624	+00.7813	0000.756
+01.9548	+00.7813	0000.757
+01.9468	+00.7810	0000.758
+01.9386	+00.7810	0000.759
+01.9304	+00.7813	0000.760
+01.9230	+00.7810	0000.761
+01.9148	+00.7810	0000.762
+01.9069	+00.7810	0000.763
+01.8986	+00.7810	0000.764
+01.8907	+00.7810	0000.765
+01.8827	+00.7807	0000.766
+01.8748	+00.7807	0000.767
+01.8669	+00.7804	0000.768
+01.8586	+00.7810	0000.769
+01.8510	+00.7807	0000.770
+01.8431	+00.7807	0000.771
+01.8348	+00.7801	0000.772
+01.8266	+00.7804	0000.773
+01.8187	+00.7807	0000.774
+01.8101	+00.7804	0000.775
+01.8022	+00.7804	0000.776
+01.7939	+00.7804	0000.777
+01.7863	+00.7807	0000.778
+01.7781	+00.7807	0000.779
+01.7710	+00.7804	0000.780
+01.7622	+00.7804	0000.781
+01.7540	+00.7798	0000.782
+01.7460	+00.7804	0000.783
+01.7384	+00.7804	0000.784
+01.7302	+00.7801	0000.785
+01.7219	+00.7801	0000.786
+01.7146	+00.7804	0000.787
+01.7060	+00.7801	0000.788
+01.6981	+00.7798	0000.789
+01.6911	+00.7798	0000.790
+01.6825	+00.7798	0000.791
+01.6740	+00.7798	0000.792
+01.6664	+00.7798	0000.793
+01.6581	+00.7795	0000.794
+01.6502	+00.7792	0000.795
+01.6423	+00.7795	0000.796
+01.6343	+00.7792	0000.797
+01.6261	+00.7795	0000.798
+01.6185	+00.7795	0000.799
+01.6105	+00.7792	0000.800
+01.6020	+00.7792	0000.801
+01.5940	+00.7792	0000.802
+01.5861	+00.7792	0000.803
+01.5785	+00.7792	0000.804
+01.5702	+00.7792	0000.805
+01.5620	+00.7788	0000.806
+01.5541	+00.7792	0000.807
+01.5464	+00.7795	0000.808
+01.5385	+00.7792	0000.809
+01.5300	+00.7792	0000.810
+01.5217	+00.7788	0000.811
+01.5144	+00.7788	0000.812
+01.5065	+00.7788	0000.813
+01.4976	+00.7785	0000.814
+01.4903	+00.7785	0000.815
+01.4814	+00.7785	0000.816
+01.4738	+00.7782	0000.817
+01.4662	+00.7788	0000.818
+01.4582	+00.7785	0000.819
+01.4500	+00.7782	0000.820
+01.4418	+00.7782	0000.821
+01.4338	+00.7779	0000.822
+01.4259	+00.7782	0000.823
+01.4177	+00.7779	0000.824
+01.4100	+00.7779	0000.825
+01.4018	+00.7782	0000.826
+01.3942	+00.7782	0000.827
+01.3862	+00.7782	0000.828
+01.3777	+00.7776	0000.829
+01.3704	+00.7779	0000.830
+01.3621	+00.7776	0000.831
+01.3539	+00.7776	0000.832
+01.3456	+00.7773	0000.833
+01.3377	+00.7779	0000.834
+01.3298	+00.7776	0000.835
+01.3215	+00.7779	0000.836
+01.3139	+00.7776	0000.837
+01.3057	+00.7773	0000.838
+01.2974	+00.7776	0000.839
+01.2898	+00.7773	0000.840
+01.2815	+00.7773	0000.841
+01.2742	+00.7773	0000.842
+01.2663	+00.7773	0000.843
+01.2577	+00.7770	0000.844
+01.2501	+00.7770	0000.845
+01.2416	+00.7770	0000.846
+01.2330	+00.7767	0000.847
+01.2257	+00.7767	0000.848
+01.2175	+00.7770	0000.849
+01.2095	+00.7767	0000.850
+01.2019	+00.7770	0000.851
+01.1943	+00.7764	0000.852
+01.1857	+00.7764	0000.853
+01.1775	+00.7767	0000.854
+01.1699	+00.7764	0000.855
+01.1619	+00.7767	0000.856
+01.1531	+00.7764	0000.857
+01.1454	+00.7764	0000.858
+01.1375	+00.7761	0000.859
+01.1293	+00.7764	0000.860
+01.1213	+00.7761	0000.861
+01.1131	+00.7761	0000.862
+01.1052	+00.7758	0000.863
+01.0978	+00.7761	0000.864
+01.0893	+00.7758	0000.865
+01.0814	+00.7758	0000.866
+01.0737	+00.7755	0000.867
+01.0655	+00.7761	0000.868
+01.0579	+00.7758	0000.869
+01.0496	+00.7755	0000.870
+01.0411	+00.7758	0000.871
+01.0331	+00.7755	0000.872
+01.0252	+00.7752	0000.873
+01.0173	+00.7749	0000.874
+01.0093	+00.7749	0000.875
+01.0011	+00.7755	0000.876
+00.9935	+00.7752	0000.877
+00.9852	+00.7752	0000.878
+00.9776	+00.7749	0000.879
+00.9694	+00.7749	0000.880
+00.9614	+00.7746	0000.881
+00.9538	+00.7746	0000.882
+00.9449	+00.7746	0000.883
+00.9370	+00.7749	0000.884
+00.9294	+00.7746	0000.885
+00.9208	+00.7743	0000.886
+00.9132	+00.7749	0000.887
+00.9050	+00.7746	0000.888
+00.8970	+00.7740	0000.889
+00.8888	+00.7743	0000.890
+00.8809	+00.7740	0000.891
+00.8732	+00.7737	0000.892
+00.8653	+00.7737	0000.893
+00.8567	+00.7737	0000.894
+00.8488	+00.7740	0000.895
+00.8415	+00.7737	0000.896
+00.8332	+00.7737	0000.897
+00.8247	+00.7734	0000.898
+00.8168	+00.7737	0000.899
+00.8085	+00.7737	0000.900
+00.8012	+00.7737	0000.901
+00.7933	+00.7730	0000.902
+00.7850	+00.7730	0000.903
+00.7771	+00.7730	0000.904
+00.7689	+00.7734	0000.905
+00.7612	+00.7730	0000.906
+00.7530	+00.7727	0000.907
+00.7450	+00.7727	0000.908
+00.7371	+00.7724	0000.909
+00.7292	+00.7727	0000.910
+00.7209	+00.7730	0000.911
+00.7136	+00.7724	0000.912
+00.7045	+00.7724	0000.913
+00.6968	+00.7724	0000.914
+00.6886	+00.7724	0000.915
+00.6813	+00.7718	0000.916
+00.6730	+00.7721	0000.917
+00.6642	+00.7721	0000.918
+00.6569	+00.7721	0000.919
+00.6489	+00.7727	0000.920
+00.6410	+00.7718	0000.921
+00.6327	+00.7715	0000.922
+00.6248	+00.7715	0000.923
+00.6169	+00.7715	0000.924
+00.6089	+00.7712	0000.925
+00.6007	+00.7715	0000.926
+00.5925	+00.7709	0000.927
+00.5845	+00.7712	0000.928
+00.5769	+00.7715	0000.929
+00.5687	+00.7709	0000.930
+00.5604	+00.7706	0000.931
+00.5522	+00.7703	0000.932
+00.5449	+00.7706	0000.933
+00.5369	+00.7706	0000.934
+00.5284	+00.7703	0000.935
+00.5207	+00.7700	0000.936
+00.5131	+00.7703	0000.937
+00.5049	+00.7700	0000.938
+00.4969	+00.7697	0000.939
+00.4887	+00.7694	0000.940
+00.4805	+00.7700	0000.941
+00.4725	+00.7700	0000.942
+00.4643	+00.7694	0000.943
+00.4567	+00.7691	0000.944
+00.4484	+00.7691	0000.945
+00.4402	+00.7694	0000.946
+00.4329	+00.7694	0000.947
+00.4246	+00.7688	0000.948
+00.4167	+00.7691	0000.949
+00.4081	+00.7688	0000.950
+00.4005	+00.7688	0000.951
+00.3926	+00.7688	0000.952
+00.3846	+00.7688	0000.953
+00.3764	+00.7688	0000.954
+00.3685	+00.7682	0000.955
+00.3602	+00.7682	0000.956
+00.3526	+00.7679	0000.957
+00.3447	+00.7679	0000.958
+00.3364	+00.7679	0000.959
+00.3282	+00.7679	0000.960
+00.3205	+00.7676	0000.961
+00.3126	+00.7676	0000.962
+00.3041	+00.7676	0000.963
+00.2958	+00.7669	0000.964
+00.2882	+00.7672	0000.965
+00.2800	+00.7669	0000.966
+00.2723	+00.7672	0000.967
+00.2644	+00.7672	0000.968
+00.2562	+00.7666	0000.969
+00.2479	+00.7666	0000.970
+00.2406	+00.7663	0000.971
+00.2324	+00.7660	0000.972
+00.2238	+00.7663	0000.973
+00.2162	+00.7663	0000.974
+00.2085	+00.7660	0000.975
+00.2003	+00.7660	0000.976
+00.1927	+00.7654	0000.977
+00.1838	+00.7654	0000.978
+00.1753	+00.7654	0000.979
+00.1680	+00.7651	0000.980
+00.1597	+00.7651	0000.981
+00.1524	+00.7648	0000.982
+00.1445	+00.7645	0000.983
+00.1359	+00.7648	0000.984
+00.1280	+00.7642	0000.985
+00.1200	+00.7639	0000.986
+00.1118	+00.7645	0000.987
+00.1039	+00.7642	0000.988
+00.0962	+00.7636	0000.989
+00.0880	+00.7639	0000.990
+00.0801	+00.7639	0000.991
+00.0715	+00.7636	0000.992
+00.0639	+00.7633	0000.993
+00.0560	+00.7633	0000.994
+00.0480	+00.7627	0000.995
+00.0401	+00.7627	0000.996
+00.0315	+00.7627	0000.997
+00.0239	+00.7627	0000.998
+00.0157	+00.7624	0000.999
