R,Ohm	C,pF	Temp,C
0000000000	0000100000	+025.00
Ch1,V	Ch2,V	Time,s
-00.0005	-00.0009	0000.000
-00.0002	-00.0006	0000.001
-00.0081	-00.0012	0000.002
-00.0161	-00.0009	0000.003
-00.0246	-00.0006	0000.004
-00.0325	-00.0012	0000.005
-00.0402	-00.0006	0000.006
-00.0481	-00.0009	0000.007
-00.0563	-00.0012	0000.008
-00.0640	-00.0009	0000.009
-00.0722	-00.0009	0000.010
-00.0801	-00.0009	0000.011
-00.0881	-00.0009	0000.012
-00.0963	-00.0012	0000.013
-00.1040	-00.0015	0000.014
-00.1116	-00.0012	0000.015
-00.1207	-00.0015	0000.016
-00.1284	-00.0006	0000.017
-00.1363	-00.0009	0000.018
-00.1445	-00.0009	0000.019
-00.1525	-00.0012	0000.020
-00.1604	-00.0009	0000.021
-00.1683	-00.0015	0000.022
-00.1760	-00.0012	0000.023
-00.1845	-00.0021	0000.024
-00.1925	-00.0015	0000.025
-00.2004	-00.0012	0000.026
-00.2080	-00.0018	0000.027
-00.2166	-00.0015	0000.028
-00.2239	-00.0015	0000.029
-00.2327	-00.0021	0000.030
-00.2407	-00.0015	0000.031
-00.2483	-00.0018	0000.032
-00.2562	-00.0018	0000.033
-00.2645	-00.0018	0000.034
-00.2724	-00.0024	0000.035
-00.2803	-00.0018	0000.036
-00.2883	-00.0021	0000.037
-00.2959	-00.0021	0000.038
-00.3048	-00.0021	0000.039
-00.3127	-00.0021	0000.040
-00.3206	-00.0024	0000.041
-00.3286	-00.0024	0000.042
-00.3365	-00.0024	0000.043
-00.3447	-00.0027	0000.044
-00.3527	-00.0021	0000.045
-00.3609	-00.0024	0000.046
-00.3685	-00.0024	0000.047
-00.3768	-00.0024	0000.048
-00.3850	-00.0021	0000.049
-00.3923	-00.0024	0000.050
-00.4009	-00.0027	0000.051
-00.4082	-00.0027	0000.052
-00.4171	-00.0027	0000.053
-00.4247	-00.0027	0000.054
-00.4329	-00.0024	0000.055
-00.4406	-00.0024	0000.056
-00.4485	-00.0030	0000.057
-00.4567	-00.0033	0000.058
-00.4650	-00.0027	0000.059
-00.4723	-00.0027	0000.060
-00.4802	-00.0030	0000.061
-00.4888	-00.0033	0000.062
-00.4970	-00.0033	0000.063
-00.5053	-00.0033	0000.064
-00.5126	-00.0036	0000.065
-00.5208	-00.0036	0000.066
-00.5288	-00.0036	0000.067
-00.5370	-00.0033	0000.068
-00.5446	-00.0036	0000.069
-00.5529	-00.0036	0000.070
-00.5605	-00.0039	0000.071
-00.5690	-00.0036	0000.072
-00.5770	-00.0036	0000.073
-00.5849	-00.0036	0000.074
-00.5928	-00.0039	0000.075
-00.6017	-00.0039	0000.076
-00.6087	-00.0045	0000.077
-00.6166	-00.0039	0000.078
-00.6252	-00.0042	0000.079
-00.6325	-00.0042	0000.080
-00.6414	-00.0042	0000.081
-00.6490	-00.0042	0000.082
-00.6569	-00.0048	0000.083
-00.6643	-00.0042	0000.084
-00.6728	-00.0039	0000.085
-00.6810	-00.0042	0000.086
-00.6887	-00.0048	0000.087
-00.6969	-00.0042	0000.088
-00.7048	-00.0048	0000.089
-00.7131	-00.0048	0000.090
-00.7213	-00.0045	0000.091
-00.7293	-00.0045	0000.092
-00.7369	-00.0045	0000.093
-00.7451	-00.0048	0000.094
-00.7534	-00.0048	0000.095
-00.7613	-00.0052	0000.096
-00.7692	-00.0048	0000.097
-00.7769	-00.0048	0000.098
-00.7851	-00.0052	0000.099
-00.7933	-00.0052	0000.100
-00.8016	-00.0055	0000.101
-00.8089	-00.0048	0000.102
-00.8171	-00.0058	0000.103
-00.8254	-00.0052	0000.104
-00.8336	-00.0048	0000.105
-00.8410	-00.0052	0000.106
-00.8495	-00.0058	0000.107
-00.8571	-00.0055	0000.108
-00.8654	-00.0058	0000.109
-00.8733	-00.0058	0000.110
-00.8812	-00.0058	0000.111
-00.8895	-00.0058	0000.112
-00.8974	-00.0055	0000.113
-00.9050	-00.0061	0000.114
-00.9133	-00.0061	0000.115
-00.9215	-00.0061	0000.116
-00.9291	-00.0061	0000.117
-00.9383	-00.0064	0000.118
-00.9453	-00.0061	0000.119
-00.9539	-00.0061	0000.120
-00.9612	-00.0064	0000.121
-00.9694	-00.0064	0000.122
-00.9771	-00.0064	0000.123
-00.9859	-00.0064	0000.124
-00.9932	-00.0064	0000.125
-01.0018	-00.0064	0000.126
-01.0091	-00.0070	0000.127
-01.0176	-00.0067	0000.128
-01.0256	-00.0073	0000.129
-01.0335	-00.0067	0000.130
-01.0415	-00.0070	0000.131
-01.0497	-00.0070	0000.132
-01.0573	-00.0067	0000.133
-01.0656	-00.0070	0000.134
-01.0738	-00.0067	0000.135
-01.0817	-00.0073	0000.136
-01.0897	-00.0073	0000.137
-01.0979	-00.0070	0000.138
-01.1055	-00.0070	0000.139
-01.1129	-00.0070	0000.140
-01.1217	-00.0076	0000.141
-01.1300	-00.0073	0000.142
-01.1379	-00.0076	0000.143
-01.1458	-00.0073	0000.144
-01.1538	-00.0076	0000.145
-01.1617	-00.0073	0000.146
-01.1696	-00.0076	0000.147
-01.1776	-00.0079	0000.148
-01.1858	-00.0076	0000.149
-01.1937	-00.0076	0000.150
-01.2023	-00.0079	0000.151
-01.2096	-00.0082	0000.152
-01.2181	-00.0079	0000.153
-01.2258	-00.0079	0000.154
-01.2334	-00.0082	0000.155
-01.2420	-00.0079	0000.156
-01.2499	-00.0079	0000.157
-01.2584	-00.0082	0000.158
-01.2658	-00.0082	0000.159
-01.2740	-00.0082	0000.160
-01.2819	-00.0082	0000.161
-01.2902	-00.0082	0000.162
-01.2978	-00.0085	0000.163
-01.3063	-00.0088	0000.164
-01.3140	-00.0085	0000.165
-01.3219	-00.0085	0000.166
-01.3301	-00.0091	0000.167
-01.3381	-00.0088	0000.168
-01.3454	-00.0085	0000.169
-01.3546	-00.0091	0000.170
-01.3622	-00.0088	0000.171
-01.3701	-00.0088	0000.172
-01.3781	-00.0091	0000.173
-01.3863	-00.0091	0000.174
-01.3942	-00.0088	0000.175
-01.4025	-00.0088	0000.176
-01.4101	-00.0091	0000.177
-01.4180	-00.0091	0000.178
-01.4266	-00.0094	0000.179
-01.4342	-00.0091	0000.180
-01.4418	-00.0097	0000.181
-01.4498	-00.0097	0000.182
-01.4583	-00.0094	0000.183
-01.4663	-00.0100	0000.184
-01.4742	-00.0097	0000.185
-01.4821	-00.0103	0000.186
-01.4901	-00.0100	0000.187
-01.4983	-00.0094	0000.188
-01.5062	-00.0097	0000.189
-01.5142	-00.0100	0000.190
-01.5224	-00.0097	0000.191
-01.5303	-00.0103	0000.192
-01.5383	-00.0103	0000.193
-01.5468	-00.0097	0000.194
-01.5548	-00.0106	0000.195
-01.5621	-00.0100	0000.196
-01.5709	-00.0097	0000.197
-01.5786	-00.0097	0000.198
-01.5868	-00.0103	0000.199
-01.5947	-00.0106	0000.200
-01.6021	-00.0100	0000.201
-01.6109	-00.0106	0000.202
-01.6188	-00.0106	0000.203
-01.6268	-00.0103	0000.204
-01.6344	-00.0103	0000.205
-01.6426	-00.0113	0000.206
-01.6509	-00.0106	0000.207
-01.6588	-00.0106	0000.208
-01.6668	-00.0109	0000.209
-01.6750	-00.0113	0000.210
-01.6826	-00.0109	0000.211
-01.6906	-00.0106	0000.212
-01.6985	-00.0109	0000.213
-01.7064	-00.0103	0000.214
-01.7147	-00.0116	0000.215
-01.7229	-00.0113	0000.216
-01.7305	-00.0116	0000.217
-01.7388	-00.0113	0000.218
-01.7467	-00.0109	0000.219
-01.7546	-00.0113	0000.220
-01.7626	-00.0113	0000.221
-01.7705	-00.0113	0000.222
-01.7788	-00.0113	0000.223
-01.7867	-00.0113	0000.224
-01.7946	-00.0116	0000.225
-01.8029	-00.0116	0000.226
-01.8108	-00.0116	0000.227
-01.8184	-00.0119	0000.228
-01.8267	-00.0119	0000.229
-01.8352	-00.0119	0000.230
-01.8428	-00.0119	0000.231
-01.8514	-00.0125	0000.232
-01.8593	-00.0119	0000.233
-01.8666	-00.0119	0000.234
-01.8749	-00.0122	0000.235
-01.8828	-00.0122	0000.236
-01.8908	-00.0125	0000.237
-01.8987	-00.0122	0000.238
-01.9072	-00.0122	0000.239
-01.9152	-00.0125	0000.240
-01.9231	-00.0125	0000.241
-01.9310	-00.0125	0000.242
-01.9390	-00.0119	0000.243
-01.9478	-00.0125	0000.244
-01.9551	-00.0131	0000.245
-01.9634	-00.0128	0000.246
-01.9713	-00.0125	0000.247
-01.9783	-00.0125	0000.248
-01.9872	-00.0128	0000.249
-01.9951	-00.0131	0000.250
-02.0034	-00.0128	0000.251
-02.0107	-00.0134	0000.252
-02.0192	-00.0134	0000.253
-02.0275	-00.0131	0000.254
-02.0351	-00.0128	0000.255
-02.0430	-00.0131	0000.256
-02.0513	-00.0128	0000.257
-02.0592	-00.0131	0000.258
-02.0675	-00.0134	0000.259
-02.0751	-00.0131	0000.260
-02.0827	-00.0137	0000.261
-02.0913	-00.0137	0000.262
-02.0992	-00.0137	0000.263
-02.1077	-00.0134	0000.264
-02.1151	-00.0140	0000.265
-02.1233	-00.0134	0000.266
-02.1312	-00.0143	0000.267
-02.1392	-00.0140	0000.268
-02.1474	-00.0140	0000.269
-02.1550	-00.0137	0000.270
-02.1636	-00.0140	0000.271
-02.1715	-00.0134	0000.272
-02.1798	-00.0137	0000.273
-02.1877	-00.0143	0000.274
-02.1953	-00.0140	0000.275
-02.2033	-00.0143	0000.276
-02.2109	-00.0140	0000.277
-02.2197	-00.0143	0000.278
-02.2277	-00.0140	0000.279
-02.2353	-00.0143	0000.280
-02.2432	-00.0146	0000.281
-02.2515	-00.0143	0000.282
-02.2594	-00.0149	0000.283
-02.2676	-00.0143	0000.284
-02.2750	-00.0146	0000.285
-02.2829	-00.0149	0000.286
-02.2915	-00.0146	0000.287
-02.2991	-00.0143	0000.288
-02.3076	-00.0149	0000.289
-02.3159	-00.0149	0000.290
-02.3238	-00.0149	0000.291
-02.3314	-00.0149	0000.292
-02.3394	-00.0152	0000.293
-02.3482	-00.0149	0000.294
-02.3552	-00.0152	0000.295
-02.3632	-00.0149	0000.296
-02.3720	-00.0155	0000.297
-02.3800	-00.0152	0000.298
-02.3876	-00.0155	0000.299
-02.3958	-00.0152	0000.300
-02.4038	-00.0155	0000.301
-02.4120	-00.0158	0000.302
-02.4193	-00.0158	0000.303
-02.4279	-00.0155	0000.304
-02.4364	-00.0155	0000.305
-02.4437	-00.0155	0000.306
-02.4526	-00.0152	0000.307
-02.4596	-00.0155	0000.308
-02.4675	-00.0155	0000.309
-02.4755	-00.0158	0000.310
-02.4840	-00.0164	0000.311
-02.4913	-00.0158	0000.312
-02.4996	-00.0164	0000.313
-02.5081	-00.0161	0000.314
-02.5158	-00.0161	0000.315
-02.5237	-00.0158	0000.316
-02.5322	-00.0164	0000.317
-02.5402	-00.0161	0000.318
-02.5478	-00.0161	0000.319
-02.5557	-00.0161	0000.320
-02.5634	-00.0164	0000.321
-02.5719	-00.0167	0000.322
-02.5798	-00.0161	0000.323
-02.5878	-00.0164	0000.324
-02.5960	-00.0171	0000.325
-02.6043	-00.0167	0000.326
-02.6122	-00.0167	0000.327
-02.6198	-00.0167	0000.328
-02.6281	-00.0167	0000.329
-02.6360	-00.0171	0000.330
-02.6439	-00.0167	0000.331
-02.6522	-00.0167	0000.332
-02.6607	-00.0171	0000.333
-02.6680	-00.0171	0000.334
-02.6754	-00.0167	0000.335
-02.6842	-00.0174	0000.336
-02.6918	-00.0174	0000.337
-02.7007	-00.0174	0000.338
-02.7080	-00.0177	0000.339
-02.7160	-00.0174	0000.340
-02.7239	-00.0171	0000.341
-02.7318	-00.0174	0000.342
-02.7401	-00.0177	0000.343
-02.7486	-00.0171	0000.344
-02.7559	-00.0177	0000.345
-02.7645	-00.0180	0000.346
-02.7727	-00.0174	0000.347
-02.7803	-00.0177	0000.348
-02.7886	-00.0180	0000.349
-02.7965	-00.0177	0000.350
-02.8041	-00.0177	0000.351
-02.8121	-00.0183	0000.352
-02.8203	-00.0177	0000.353
-02.8289	-00.0180	0000.354
-02.8365	-00.0180	0000.355
-02.8444	-00.0183	0000.356
-02.8524	-00.0180	0000.357
-02.8609	-00.0183	0000.358
-02.8679	-00.0183	0000.359
-02.8765	-00.0186	0000.360
-02.8844	-00.0183	0000.361
-02.8926	-00.0186	0000.362
-02.9006	-00.0183	0000.363
-02.9088	-00.0186	0000.364
-02.9161	-00.0186	0000.365
-02.9244	-00.0186	0000.366
-02.9329	-00.0189	0000.367
-02.9406	-00.0189	0000.368
-02.9482	-00.0189	0000.369
-02.9561	-00.0186	0000.370
-02.9650	-00.0189	0000.371
-02.9720	-00.0189	0000.372
-02.9808	-00.0192	0000.373
-02.9876	-00.0189	0000.374
-02.9964	-00.0189	0000.375
-03.0046	-00.0189	0000.376
-03.0123	-00.0192	0000.377
-03.0208	-00.0189	0000.378
-03.0278	-00.0195	0000.379
-03.0367	-00.0195	0000.380
-03.0440	-00.0198	0000.381
-03.0529	-00.0195	0000.382
-03.0602	-00.0195	0000.383
-03.0687	-00.0198	0000.384
-03.0764	-00.0201	0000.385
-03.0849	-00.0201	0000.386
-03.0925	-00.0198	0000.387
-03.1005	-00.0195	0000.388
-03.1084	-00.0192	0000.389
-03.1170	-00.0198	0000.390
-03.1249	-00.0201	0000.391
-03.1328	-00.0204	0000.392
-03.1408	-00.0201	0000.393
-03.1493	-00.0201	0000.394
-03.1566	-00.0201	0000.395
-03.1646	-00.0198	0000.396
-03.1725	-00.0201	0000.397
-03.1810	-00.0204	0000.398
-03.1884	-00.0204	0000.399
-03.1966	-00.0201	0000.400
-03.2045	-00.0204	0000.401
-03.2122	-00.0207	0000.402
-03.2210	-00.0207	0000.403
-03.2290	-00.0207	0000.404
-03.2369	-00.0207	0000.405
-03.2448	-00.0207	0000.406
-03.2524	-00.0204	0000.407
-03.2610	-00.0210	0000.408
-03.2689	-00.0210	0000.409
-03.2769	-00.0210	0000.410
-03.2848	-00.0210	0000.411
-03.2933	-00.0210	0000.412
-03.3013	-00.0207	0000.413
-03.3089	-00.0210	0000.414
-03.3168	-00.0216	0000.415
-03.3248	-00.0210	0000.416
-03.3333	-00.0213	0000.417
-03.3410	-00.0210	0000.418
-03.3489	-00.0210	0000.419
-03.3571	-00.0213	0000.420
-03.3641	-00.0213	0000.421
-03.3730	-00.0216	0000.422
-03.3812	-00.0216	0000.423
-03.3886	-00.0213	0000.424
-03.3974	-00.0225	0000.425
-03.4050	-00.0219	0000.426
-03.4127	-00.0219	0000.427
-03.4212	-00.0219	0000.428
-03.4291	-00.0219	0000.429
-03.4368	-00.0216	0000.430
-03.4450	-00.0216	0000.431
-03.4542	-00.0219	0000.432
-03.4618	-00.0219	0000.433
-03.4691	-00.0219	0000.434
-03.4768	-00.0219	0000.435
-03.4853	-00.0222	0000.436
-03.4935	-00.0222	0000.437
-03.5009	-00.0225	0000.438
-03.5100	-00.0229	0000.439
-03.5170	-00.0225	0000.440
-03.5253	-00.0225	0000.441
-03.5335	-00.0219	0000.442
-03.5415	-00.0229	0000.443
-03.5494	-00.0222	0000.444
-03.5576	-00.0225	0000.445
-03.5659	-00.0229	0000.446
-03.5735	-00.0229	0000.447
-03.5820	-00.0225	0000.448
-03.5894	-00.0229	0000.449
-03.5982	-00.0229	0000.450
-03.6058	-00.0232	0000.451
-03.6141	-00.0225	0000.452
-03.6220	-00.0232	0000.453
-03.6293	-00.0232	0000.454
-03.6379	-00.0232	0000.455
-03.6455	-00.0235	0000.456
-03.6538	-00.0232	0000.457
-03.6620	-00.0232	0000.458
-03.6696	-00.0235	0000.459
-03.6782	-00.0235	0000.460
-03.6855	-00.0232	0000.461
-03.6934	-00.0235	0000.462
-03.7011	-00.0235	0000.463
-03.7093	-00.0232	0000.464
-03.7178	-00.0238	0000.465
-03.7252	-00.0238	0000.466
-03.7337	-00.0238	0000.467
-03.7416	-00.0238	0000.468
-03.7496	-00.0238	0000.469
-03.7581	-00.0241	0000.470
-03.7658	-00.0238	0000.471
-03.7737	-00.0241	0000.472
-03.7819	-00.0241	0000.473
-03.7899	-00.0241	0000.474
-03.7981	-00.0241	0000.475
-03.8051	-00.0244	0000.476
-03.8140	-00.0244	0000.477
-03.8222	-00.0244	0000.478
-03.8298	-00.0244	0000.479
-03.8372	-00.0244	0000.480
-03.8457	-00.0247	0000.481
-03.8536	-00.0247	0000.482
-03.8616	-00.0247	0000.483
-03.8707	-00.0247	0000.484
-03.8771	-00.0247	0000.485
-03.8860	-00.0247	0000.486
-03.8948	-00.0247	0000.487
-03.9013	-00.0238	0000.488
-03.9098	-00.0250	0000.489
-03.9174	-00.0250	0000.490
-03.9260	-00.0253	0000.491
-03.9345	-00.0247	0000.492
-03.9421	-00.0253	0000.493
-03.9501	-00.0247	0000.494
-03.9586	-00.0247	0000.495
-03.9663	-00.0253	0000.496
-03.9742	-00.0253	0000.497
-03.9821	-00.0253	0000.498
-03.9898	-00.0253	0000.499
-03.9980	-00.0253	0000.500
-04.0059	-00.0259	0000.501
-03.9983	-00.0256	0000.502
-03.9901	-00.0256	0000.503
-03.9821	-00.0256	0000.504
-03.9748	-00.0247	0000.505
-03.9663	-00.0253	0000.506
-03.9577	-00.0256	0000.507
-03.9507	-00.0256	0000.508
-03.9421	-00.0253	0000.509
-03.9348	-00.0256	0000.510
-03.9260	-00.0259	0000.511
-03.9180	-00.0256	0000.512
-03.9110	-00.0253	0000.513
-03.9022	-00.0253	0000.514
-03.8942	-00.0256	0000.515
-03.8857	-00.0256	0000.516
-03.8787	-00.0253	0000.517
-03.8704	-00.0256	0000.518
-03.8625	-00.0253	0000.519
-03.8543	-00.0253	0000.520
-03.8454	-00.0253	0000.521
-03.8384	-00.0253	0000.522
-03.8301	-00.0253	0000.523
-03.8228	-00.0250	0000.524
-03.8137	-00.0256	0000.525
-03.8063	-00.0250	0000.526
-03.7984	-00.0253	0000.527
-03.7899	-00.0253	0000.528
-03.7822	-00.0253	0000.529
-03.7737	-00.0253	0000.530
-03.7661	-00.0253	0000.531
-03.7584	-00.0253	0000.532
-03.7499	-00.0253	0000.533
-03.7423	-00.0253	0000.534
-03.7343	-00.0253	0000.535
-03.7258	-00.0250	0000.536
-03.7178	-00.0256	0000.537
-03.7102	-00.0253	0000.538
-03.7011	-00.0250	0000.539
-03.6946	-00.0253	0000.540
-03.6867	-00.0253	0000.541
-03.6779	-00.0253	0000.542
-03.6702	-00.0250	0000.543
-03.6614	-00.0250	0000.544
-03.6535	-00.0247	0000.545
-03.6452	-00.0250	0000.546
-03.6385	-00.0247	0000.547
-03.6293	-00.0250	0000.548
-03.6217	-00.0253	0000.549
-03.6138	-00.0253	0000.550
-03.6058	-00.0253	0000.551
-03.5979	-00.0250	0000.552
-03.5897	-00.0253	0000.553
-03.5817	-00.0250	0000.554
-03.5741	-00.0247	0000.555
-03.5653	-00.0247	0000.556
-03.5576	-00.0247	0000.557
-03.5494	-00.0250	0000.558
-03.5421	-00.0250	0000.559
-03.5338	-00.0244	0000.560
-03.5262	-00.0250	0000.561
-03.5176	-00.0250	0000.562
-03.5097	-00.0253	0000.563
-03.5015	-00.0250	0000.564
-03.4932	-00.0250	0000.565
-03.4853	-00.0247	0000.566
-03.4777	-00.0247	0000.567
-03.4694	-00.0247	0000.568
-03.4615	-00.0244	0000.569
-03.4536	-00.0247	0000.570
-03.4453	-00.0244	0000.571
-03.4371	-00.0247	0000.572
-03.4291	-00.0247	0000.573
-03.4218	-00.0247	0000.574
-03.4133	-00.0247	0000.575
-03.4050	-00.0247	0000.576
-03.3971	-00.0244	0000.577
-03.3895	-00.0244	0000.578
-03.3812	-00.0247	0000.579
-03.3736	-00.0244	0000.580
-03.3651	-00.0247	0000.581
-03.3577	-00.0247	0000.582
-03.3495	-00.0241	0000.583
-03.3416	-00.0247	0000.584
-03.3330	-00.0241	0000.585
-03.3248	-00.0244	0000.586
-03.3175	-00.0244	0000.587
-03.3089	-00.0241	0000.588
-03.3013	-00.0247	0000.589
-03.2930	-00.0244	0000.590
-03.2848	-00.0244	0000.591
-03.2769	-00.0241	0000.592
-03.2692	-00.0244	0000.593
-03.2616	-00.0244	0000.594
-03.2534	-00.0241	0000.595
-03.2445	-00.0238	0000.596
-03.2372	-00.0241	0000.597
-03.2293	-00.0241	0000.598
-03.2213	-00.0238	0000.599
-03.2134	-00.0238	0000.600
-03.2051	-00.0241	0000.601
-03.1975	-00.0241	0000.602
-03.1893	-00.0241	0000.603
-03.1813	-00.0241	0000.604
-03.1734	-00.0238	0000.605
-03.1652	-00.0244	0000.606
-03.1575	-00.0238	0000.607
-03.1487	-00.0241	0000.608
-03.1414	-00.0241	0000.609
-03.1325	-00.0238	0000.610
-03.1258	-00.0238	0000.611
-03.1170	-00.0238	0000.612
-03.1093	-00.0241	0000.613
-03.1008	-00.0235	0000.614
-03.0928	-00.0238	0000.615
-03.0852	-00.0238	0000.616
-03.0770	-00.0238	0000.617
-03.0684	-00.0235	0000.618
-03.0608	-00.0238	0000.619
-03.0529	-00.0235	0000.620
-03.0446	-00.0238	0000.621
-03.0370	-00.0238	0000.622
-03.0288	-00.0238	0000.623
-03.0211	-00.0238	0000.624
-03.0129	-00.0238	0000.625
-03.0046	-00.0238	0000.626
-02.9970	-00.0232	0000.627
-02.9885	-00.0235	0000.628
-02.9805	-00.0235	0000.629
-02.9729	-00.0235	0000.630
-02.9647	-00.0235	0000.631
-02.9570	-00.0229	0000.632
-02.9494	-00.0232	0000.633
-02.9406	-00.0229	0000.634
-02.9329	-00.0235	0000.635
-02.9247	-00.0232	0000.636
-02.9165	-00.0235	0000.637
-02.9085	-00.0232	0000.638
-02.9009	-00.0229	0000.639
-02.8926	-00.0232	0000.640
-02.8847	-00.0232	0000.641
-02.8768	-00.0232	0000.642
-02.8685	-00.0232	0000.643
-02.8609	-00.0232	0000.644
-02.8530	-00.0232	0000.645
-02.8444	-00.0232	0000.646
-02.8368	-00.0229	0000.647
-02.8286	-00.0232	0000.648
-02.8206	-00.0229	0000.649
-02.8130	-00.0222	0000.650
-02.8041	-00.0229	0000.651
-02.7968	-00.0222	0000.652
-02.7886	-00.0229	0000.653
-02.7803	-00.0229	0000.654
-02.7727	-00.0229	0000.655
-02.7645	-00.0229	0000.656
-02.7568	-00.0229	0000.657
-02.7486	-00.0222	0000.658
-02.7407	-00.0225	0000.659
-02.7321	-00.0225	0000.660
-02.7251	-00.0225	0000.661
-02.7163	-00.0229	0000.662
-02.7089	-00.0225	0000.663
-02.7004	-00.0225	0000.664
-02.6921	-00.0229	0000.665
-02.6836	-00.0222	0000.666
-02.6763	-00.0222	0000.667
-02.6680	-00.0229	0000.668
-02.6610	-00.0222	0000.669
-02.6525	-00.0225	0000.670
-02.6442	-00.0229	0000.671
-02.6366	-00.0222	0000.672
-02.6284	-00.0222	0000.673
-02.6201	-00.0229	0000.674
-02.6119	-00.0222	0000.675
-02.6040	-00.0225	0000.676
-02.5960	-00.0219	0000.677
-02.5878	-00.0222	0000.678
-02.5798	-00.0216	0000.679
-02.5716	-00.0229	0000.680
-02.5637	-00.0222	0000.681
-02.5563	-00.0219	0000.682
-02.5484	-00.0222	0000.683
-02.5405	-00.0213	0000.684
-02.5319	-00.0219	0000.685
-02.5240	-00.0222	0000.686
-02.5164	-00.0222	0000.687
-02.5081	-00.0219	0000.688
-02.4999	-00.0219	0000.689
-02.4920	-00.0216	0000.690
-02.4843	-00.0219	0000.691
-02.4758	-00.0219	0000.692
-02.4678	-00.0216	0000.693
-02.4602	-00.0216	0000.694
-02.4520	-00.0219	0000.695
-02.4437	-00.0219	0000.696
-02.4361	-00.0216	0000.697
-02.4282	-00.0216	0000.698
-02.4202	-00.0213	0000.699
-02.4117	-00.0219	0000.700
-02.4035	-00.0219	0000.701
-02.3958	-00.0216	0000.702
-02.3879	-00.0219	0000.703
-02.3800	-00.0216	0000.704
-02.3717	-00.0216	0000.705
-02.3644	-00.0213	0000.706
-02.3555	-00.0216	0000.707
-02.3479	-00.0213	0000.708
-02.3400	-00.0213	0000.709
-02.3317	-00.0213	0000.710
-02.3241	-00.0216	0000.711
-02.3162	-00.0216	0000.712
-02.3079	-00.0216	0000.713
-02.2997	-00.0213	0000.714
-02.2915	-00.0213	0000.715
-02.2838	-00.0207	0000.716
-02.2759	-00.0210	0000.717
-02.2680	-00.0219	0000.718
-02.2597	-00.0210	0000.719
-02.2518	-00.0210	0000.720
-02.2435	-00.0210	0000.721
-02.2353	-00.0213	0000.722
-02.2280	-00.0210	0000.723
-02.2197	-00.0210	0000.724
-02.2118	-00.0216	0000.725
-02.2036	-00.0210	0000.726
-02.1959	-00.0207	0000.727
-02.1880	-00.0210	0000.728
-02.1795	-00.0204	0000.729
-02.1715	-00.0210	0000.730
-02.1636	-00.0210	0000.731
-02.1556	-00.0207	0000.732
-02.1477	-00.0213	0000.733
-02.1398	-00.0204	0000.734
-02.1312	-00.0204	0000.735
-02.1242	-00.0204	0000.736
-02.1157	-00.0204	0000.737
-02.1077	-00.0207	0000.738
-02.1001	-00.0210	0000.739
-02.0919	-00.0204	0000.740
-02.0833	-00.0207	0000.741
-02.0754	-00.0207	0000.742
-02.0675	-00.0207	0000.743
-02.0595	-00.0204	0000.744
-02.0513	-00.0207	0000.745
-02.0436	-00.0204	0000.746
-02.0357	-00.0204	0000.747
-02.0278	-00.0207	0000.748
-02.0195	-00.0201	0000.749
-02.0116	-00.0204	0000.750
-02.0031	-00.0198	0000.751
-01.9954	-00.0201	0000.752
-01.9875	-00.0204	0000.753
-01.9790	-00.0201	0000.754
-01.9722	-00.0201	0000.755
-01.9631	-00.0201	0000.756
-01.9558	-00.0201	0000.757
-01.9475	-00.0198	0000.758
-01.9399	-00.0198	0000.759
-01.9316	-00.0198	0000.760
-01.9237	-00.0201	0000.761
-01.9155	-00.0201	0000.762
-01.9069	-00.0201	0000.763
-01.8990	-00.0192	0000.764
-01.8911	-00.0198	0000.765
-01.8837	-00.0198	0000.766
-01.8755	-00.0198	0000.767
-01.8666	-00.0198	0000.768
-01.8590	-00.0195	0000.769
-01.8511	-00.0198	0000.770
-01.8435	-00.0195	0000.771
-01.8352	-00.0195	0000.772
-01.8267	-00.0198	0000.773
-01.8190	-00.0192	0000.774
-01.8108	-00.0195	0000.775
-01.8032	-00.0192	0000.776
-01.7949	-00.0189	0000.777
-01.7867	-00.0195	0000.778
-01.7788	-00.0198	0000.779
-01.7708	-00.0195	0000.780
-01.7629	-00.0192	0000.781
-01.7553	-00.0189	0000.782
-01.7470	-00.0192	0000.783
-01.7394	-00.0186	0000.784
-01.7315	-00.0192	0000.785
-01.7229	-00.0189	0000.786
-01.7150	-00.0189	0000.787
-01.7073	-00.0189	0000.788
-01.6991	-00.0189	0000.789
-01.6906	-00.0186	0000.790
-01.6829	-00.0189	0000.791
-01.6750	-00.0192	0000.792
-01.6671	-00.0186	0000.793
-01.6591	-00.0189	0000.794
-01.6512	-00.0192	0000.795
-01.6433	-00.0186	0000.796
-01.6347	-00.0183	0000.797
-01.6268	-00.0189	0000.798
-01.6191	-00.0186	0000.799
-01.6109	-00.0192	0000.800
-01.6027	-00.0183	0000.801
-01.5947	-00.0183	0000.802
-01.5871	-00.0192	0000.803
-01.5789	-00.0183	0000.804
-01.5703	-00.0186	0000.805
-01.5630	-00.0186	0000.806
-01.5548	-00.0180	0000.807
-01.5462	-00.0186	0000.808
-01.5392	-00.0183	0000.809
-01.5306	-00.0186	0000.810
-01.5221	-00.0180	0000.811
-01.5151	-00.0183	0000.812
-01.5068	-00.0180	0000.813
-01.4986	-00.0177	0000.814
-01.4904	-00.0180	0000.815
-01.4824	-00.0183	0000.816
-01.4745	-00.0177	0000.817
-01.4666	-00.0183	0000.818
-01.4583	-00.0177	0000.819
-01.4507	-00.0180	0000.820
-01.4425	-00.0174	0000.821
-01.4342	-00.0180	0000.822
-01.4272	-00.0180	0000.823
-01.4180	-00.0174	0000.824
-01.4101	-00.0174	0000.825
-01.4025	-00.0177	0000.826
-01.3945	-00.0174	0000.827
-01.3866	-00.0174	0000.828
-01.3781	-00.0174	0000.829
-01.3710	-00.0177	0000.830
-01.3625	-00.0180	0000.831
-01.3546	-00.0177	0000.832
-01.3466	-00.0177	0000.833
-01.3381	-00.0180	0000.834
-01.3301	-00.0174	0000.835
-01.3228	-00.0171	0000.836
-01.3140	-00.0171	0000.837
-01.3060	-00.0174	0000.838
-01.2984	-00.0171	0000.839
-01.2905	-00.0174	0000.840
-01.2825	-00.0174	0000.841
-01.2743	-00.0171	0000.842
-01.2661	-00.0171	0000.843
-01.2581	-00.0171	0000.844
-01.2502	-00.0167	0000.845
-01.2426	-00.0171	0000.846
-01.2340	-00.0167	0000.847
-01.2261	-00.0167	0000.848
-01.2181	-00.0167	0000.849
-01.2105	-00.0164	0000.850
-01.2023	-00.0167	0000.851
-01.1940	-00.0164	0000.852
-01.1861	-00.0164	0000.853
-01.1782	-00.0167	0000.854
-01.1702	-00.0167	0000.855
-01.1623	-00.0167	0000.856
-01.1538	-00.0161	0000.857
-01.1464	-00.0161	0000.858
-01.1379	-00.0164	0000.859
-01.1296	-00.0161	0000.860
-01.1217	-00.0158	0000.861
-01.1138	-00.0161	0000.862
-01.1058	-00.0161	0000.863
-01.0976	-00.0158	0000.864
-01.0900	-00.0158	0000.865
-01.0817	-00.0161	0000.866
-01.0741	-00.0161	0000.867
-01.0659	-00.0155	0000.868
-01.0570	-00.0161	0000.869
-01.0500	-00.0161	0000.870
-01.0418	-00.0161	0000.871
-01.0338	-00.0158	0000.872
-01.0259	-00.0155	0000.873
-01.0176	-00.0158	0000.874
-01.0097	-00.0158	0000.875
-01.0018	-00.0158	0000.876
-00.9938	-00.0155	0000.877
-00.9859	-00.0155	0000.878
-00.9777	-00.0155	0000.879
-00.9691	-00.0152	0000.880
-00.9615	-00.0158	0000.881
-00.9536	-00.0155	0000.882
-00.9456	-00.0152	0000.883
-00.9377	-00.0155	0000.884
-00.9298	-00.0155	0000.885
-00.9218	-00.0152	0000.886
-00.9136	-00.0158	0000.887
-00.9056	-00.0149	0000.888
-00.8974	-00.0152	0000.889
-00.8898	-00.0152	0000.890
-00.8812	-00.0149	0000.891
-00.8736	-00.0149	0000.892
-00.8657	-00.0146	0000.893
-00.8571	-00.0149	0000.894
-00.8495	-00.0149	0000.895
-00.8419	-00.0149	0000.896
-00.8336	-00.0143	0000.897
-00.8260	-00.0149	0000.898
-00.8175	-00.0146	0000.899
-00.8092	-00.0149	0000.900
-00.8010	-00.0146	0000.901
-00.7936	-00.0146	0000.902
-00.7854	-00.0146	0000.903
-00.7775	-00.0146	0000.904
-00.7698	-00.0140	0000.905
-00.7616	-00.0143	0000.906
-00.7537	-00.0143	0000.907
-00.7451	-00.0140	0000.908
-00.7375	-00.0143	0000.909
-00.7293	-00.0140	0000.910
-00.7216	-00.0140	0000.911
-00.7137	-00.0137	0000.912
-00.7051	-00.0140	0000.913
-00.6975	-00.0140	0000.914
-00.6896	-00.0137	0000.915
-00.6813	-00.0137	0000.916
-00.6728	-00.0137	0000.917
-00.6655	-00.0137	0000.918
-00.6575	-00.0140	0000.919
-00.6496	-00.0137	0000.920
-00.6417	-00.0134	0000.921
-00.6331	-00.0137	0000.922
-00.6255	-00.0134	0000.923
-00.6170	-00.0131	0000.924
-00.6096	-00.0131	0000.925
-00.6017	-00.0131	0000.926
-00.5931	-00.0131	0000.927
-00.5846	-00.0128	0000.928
-00.5770	-00.0134	0000.929
-00.5690	-00.0134	0000.930
-00.5611	-00.0134	0000.931
-00.5532	-00.0131	0000.932
-00.5446	-00.0128	0000.933
-00.5370	-00.0131	0000.934
-00.5294	-00.0131	0000.935
-00.5211	-00.0125	0000.936
-00.5129	-00.0131	0000.937
-00.5050	-00.0125	0000.938
-00.4973	-00.0125	0000.939
-00.4891	-00.0128	0000.940
-00.4805	-00.0128	0000.941
-00.4729	-00.0125	0000.942
-00.4653	-00.0122	0000.943
-00.4570	-00.0125	0000.944
-00.4488	-00.0122	0000.945
-00.4409	-00.0122	0000.946
-00.4329	-00.0125	0000.947
-00.4256	-00.0122	0000.948
-00.4171	-00.0119	0000.949
-00.4091	-00.0122	0000.950
-00.4006	-00.0119	0000.951
-00.3933	-00.0119	0000.952
-00.3850	-00.0119	0000.953
-00.3771	-00.0119	0000.954
-00.3691	-00.0119	0000.955
-00.3606	-00.0116	0000.956
-00.3527	-00.0116	0000.957
-00.3447	-00.0113	0000.958
-00.3368	-00.0116	0000.959
-00.3289	-00.0116	0000.960
-00.3212	-00.0116	0000.961
-00.3127	-00.0113	0000.962
-00.3051	-00.0116	0000.963
-00.2965	-00.0113	0000.964
-00.2886	-00.0113	0000.965
-00.2810	-00.0113	0000.966
-00.2727	-00.0109	0000.967
-00.2648	-00.0109	0000.968
-00.2562	-00.0109	0000.969
-00.2489	-00.0106	0000.970
-00.2404	-00.0109	0000.971
-00.2327	-00.0109	0000.972
-00.2245	-00.0106	0000.973
-00.2166	-00.0109	0000.974
-00.2080	-00.0103	0000.975
-00.2004	-00.0113	0000.976
-00.1931	-00.0106	0000.977
-00.1845	-00.0106	0000.978
-00.1766	-00.0103	0000.979
-00.1683	-00.0103	0000.980
-00.1607	-00.0103	0000.981
-00.1528	-00.0100	0000.982
-00.1442	-00.0100	0000.983
-00.1363	-00.0100	0000.984
-00.1284	-00.0106	0000.985
-00.1204	-00.0097	0000.986
-00.1122	-00.0097	0000.987
-00.1046	-00.0094	0000.988
-00.0963	-00.0097	0000.989
-00.0887	-00.0094	0000.990
-00.0808	-00.0094	0000.991
-00.0722	-00.0097	0000.992
-00.0640	-00.0094	0000.993
-00.0566	-00.0091	0000.994
-00.0484	-00.0091	0000.995
-00.0405	-00.0091	0000.996
-00.0325	-00.0094	0000.997
-00.0240	-00.0091	0000.998
-00.0164	-00.0094	0000.999
