R,Ohm	C,pF	Temp,C
0000000000	0000100000	+025.00
Ch1,V	Ch2,V	Time,s
-00.0005	-00.0006	0000.000
-00.0005	-00.0006	0000.001
-00.0039	-00.0015	0000.002
-00.0084	-00.0006	0000.003
-00.0118	-00.0006	0000.004
-00.0161	-00.0012	0000.005
-00.0200	-00.0009	0000.006
-00.0240	-00.0006	0000.007
-00.0283	-00.0009	0000.008
-00.0322	-00.0012	0000.009
-00.0359	-00.0009	0000.010
-00.0405	-00.0009	0000.011
-00.0441	-00.0009	0000.012
-00.0481	-00.0009	0000.013
-00.0521	-00.0012	0000.014
-00.0560	-00.0009	0000.015
-00.0603	-00.0009	0000.016
-00.0640	-00.0006	0000.017
-00.0676	-00.0009	0000.018
-00.0716	-00.0006	0000.019
-00.0768	-00.0009	0000.020
-00.0801	-00.0009	0000.021
-00.0841	-00.0012	0000.022
-00.0881	-00.0009	0000.023
-00.0920	-00.0006	0000.024
-00.0966	-00.0012	0000.025
-00.1003	-00.0015	0000.026
-00.1043	-00.0012	0000.027
-00.1082	-00.0012	0000.028
-00.1122	-00.0012	0000.029
-00.1162	-00.0012	0000.030
-00.1204	-00.0009	0000.031
-00.1244	-00.0012	0000.032
-00.1281	-00.0015	0000.033
-00.1320	-00.0012	0000.034
-00.1363	-00.0015	0000.035
-00.1403	-00.0012	0000.036
-00.1439	-00.0015	0000.037
-00.1482	-00.0015	0000.038
-00.1522	-00.0015	0000.039
-00.1564	-00.0006	0000.040
-00.1604	-00.0012	0000.041
-00.1644	-00.0015	0000.042
-00.1683	-00.0012	0000.043
-00.1717	-00.0015	0000.044
-00.1763	-00.0012	0000.045
-00.1796	-00.0015	0000.046
-00.1845	-00.0018	0000.047
-00.1885	-00.0015	0000.048
-00.1925	-00.0015	0000.049
-00.1964	-00.0018	0000.050
-00.2001	-00.0021	0000.051
-00.2040	-00.0018	0000.052
-00.2083	-00.0021	0000.053
-00.2120	-00.0015	0000.054
-00.2166	-00.0018	0000.055
-00.2205	-00.0021	0000.056
-00.2245	-00.0015	0000.057
-00.2285	-00.0018	0000.058
-00.2327	-00.0021	0000.059
-00.2367	-00.0015	0000.060
-00.2404	-00.0018	0000.061
-00.2443	-00.0018	0000.062
-00.2483	-00.0018	0000.063
-00.2523	-00.0024	0000.064
-00.2556	-00.0018	0000.065
-00.2605	-00.0018	0000.066
-00.2645	-00.0021	0000.067
-00.2681	-00.0018	0000.068
-00.2724	-00.0018	0000.069
-00.2767	-00.0021	0000.070
-00.2803	-00.0021	0000.071
-00.2843	-00.0021	0000.072
-00.2886	-00.0021	0000.073
-00.2929	-00.0021	0000.074
-00.2962	-00.0018	0000.075
-00.3005	-00.0021	0000.076
-00.3048	-00.0021	0000.077
-00.3084	-00.0024	0000.078
-00.3127	-00.0021	0000.079
-00.3167	-00.0018	0000.080
-00.3206	-00.0021	0000.081
-00.3249	-00.0021	0000.082
-00.3283	-00.0021	0000.083
-00.3325	-00.0021	0000.084
-00.3365	-00.0021	0000.085
-00.3405	-00.0024	0000.086
-00.3447	-00.0021	0000.087
-00.3484	-00.0027	0000.088
-00.3524	-00.0024	0000.089
-00.3566	-00.0024	0000.090
-00.3609	-00.0027	0000.091
-00.3646	-00.0024	0000.092
-00.3682	-00.0030	0000.093
-00.3725	-00.0027	0000.094
-00.3768	-00.0027	0000.095
-00.3804	-00.0021	0000.096
-00.3847	-00.0027	0000.097
-00.3890	-00.0030	0000.098
-00.3926	-00.0027	0000.099
-00.3963	-00.0024	0000.100
-00.4006	-00.0030	0000.101
-00.4049	-00.0027	0000.102
-00.4085	-00.0024	0000.103
-00.4128	-00.0030	0000.104
-00.4171	-00.0030	0000.105
-00.4210	-00.0027	0000.106
-00.4244	-00.0030	0000.107
-00.4280	-00.0030	0000.108
-00.4329	-00.0027	0000.109
-00.4369	-00.0030	0000.110
-00.4409	-00.0033	0000.111
-00.4445	-00.0027	0000.112
-00.4488	-00.0030	0000.113
-00.4528	-00.0030	0000.114
-00.4567	-00.0036	0000.115
-00.4610	-00.0036	0000.116
-00.4653	-00.0033	0000.117
-00.4689	-00.0030	0000.118
-00.4726	-00.0033	0000.119
-00.4766	-00.0033	0000.120
-00.4805	-00.0030	0000.121
-00.4845	-00.0033	0000.122
-00.4888	-00.0033	0000.123
-00.4927	-00.0036	0000.124
-00.4970	-00.0036	0000.125
-00.5004	-00.0033	0000.126
-00.5050	-00.0036	0000.127
-00.5086	-00.0033	0000.128
-00.5126	-00.0036	0000.129
-00.5165	-00.0036	0000.130
-00.5208	-00.0036	0000.131
-00.5245	-00.0042	0000.132
-00.5291	-00.0033	0000.133
-00.5324	-00.0039	0000.134
-00.5373	-00.0033	0000.135
-00.5410	-00.0033	0000.136
-00.5446	-00.0033	0000.137
-00.5492	-00.0039	0000.138
-00.5532	-00.0036	0000.139
-00.5565	-00.0036	0000.140
-00.5605	-00.0039	0000.141
-00.5648	-00.0036	0000.142
-00.5690	-00.0042	0000.143
-00.5733	-00.0039	0000.144
-00.5770	-00.0033	0000.145
-00.5806	-00.0039	0000.146
-00.5846	-00.0039	0000.147
-00.5889	-00.0039	0000.148
-00.5928	-00.0039	0000.149
-00.5968	-00.0042	0000.150
-00.6011	-00.0039	0000.151
-00.6047	-00.0039	0000.152
-00.6093	-00.0039	0000.153
-00.6127	-00.0039	0000.154
-00.6173	-00.0039	0000.155
-00.6209	-00.0039	0000.156
-00.6249	-00.0042	0000.157
-00.6285	-00.0042	0000.158
-00.6334	-00.0045	0000.159
-00.6371	-00.0045	0000.160
-00.6411	-00.0039	0000.161
-00.6450	-00.0039	0000.162
-00.6490	-00.0042	0000.163
-00.6533	-00.0042	0000.164
-00.6572	-00.0042	0000.165
-00.6609	-00.0042	0000.166
-00.6649	-00.0052	0000.167
-00.6685	-00.0045	0000.168
-00.6728	-00.0045	0000.169
-00.6771	-00.0042	0000.170
-00.6813	-00.0048	0000.171
-00.6850	-00.0045	0000.172
-00.6890	-00.0048	0000.173
-00.6929	-00.0045	0000.174
-00.6969	-00.0048	0000.175
-00.7009	-00.0048	0000.176
-00.7048	-00.0045	0000.177
-00.7088	-00.0045	0000.178
-00.7131	-00.0042	0000.179
-00.7174	-00.0045	0000.180
-00.7207	-00.0045	0000.181
-00.7256	-00.0048	0000.182
-00.7286	-00.0045	0000.183
-00.7332	-00.0052	0000.184
-00.7369	-00.0048	0000.185
-00.7409	-00.0048	0000.186
-00.7451	-00.0048	0000.187
-00.7491	-00.0052	0000.188
-00.7534	-00.0052	0000.189
-00.7573	-00.0048	0000.190
-00.7616	-00.0052	0000.191
-00.7647	-00.0052	0000.192
-00.7692	-00.0052	0000.193
-00.7732	-00.0055	0000.194
-00.7772	-00.0052	0000.195
-00.7811	-00.0052	0000.196
-00.7848	-00.0045	0000.197
-00.7888	-00.0048	0000.198
-00.7933	-00.0058	0000.199
-00.7970	-00.0055	0000.200
-00.8010	-00.0055	0000.201
-00.8049	-00.0052	0000.202
-00.8089	-00.0058	0000.203
-00.8129	-00.0055	0000.204
-00.8168	-00.0052	0000.205
-00.8214	-00.0052	0000.206
-00.8251	-00.0058	0000.207
-00.8290	-00.0055	0000.208
-00.8330	-00.0058	0000.209
-00.8370	-00.0058	0000.210
-00.8413	-00.0064	0000.211
-00.8446	-00.0052	0000.212
-00.8492	-00.0058	0000.213
-00.8532	-00.0061	0000.214
-00.8574	-00.0058	0000.215
-00.8611	-00.0058	0000.216
-00.8657	-00.0055	0000.217
-00.8693	-00.0058	0000.218
-00.8733	-00.0061	0000.219
-00.8773	-00.0055	0000.220
-00.8809	-00.0061	0000.221
-00.8852	-00.0064	0000.222
-00.8892	-00.0058	0000.223
-00.8931	-00.0061	0000.224
-00.8968	-00.0061	0000.225
-00.9017	-00.0058	0000.226
-00.9050	-00.0058	0000.227
-00.9090	-00.0061	0000.228
-00.9136	-00.0058	0000.229
-00.9172	-00.0058	0000.230
-00.9218	-00.0061	0000.231
-00.9249	-00.0064	0000.232
-00.9295	-00.0064	0000.233
-00.9334	-00.0064	0000.234
-00.9377	-00.0067	0000.235
-00.9417	-00.0061	0000.236
-00.9450	-00.0067	0000.237
-00.9496	-00.0061	0000.238
-00.9533	-00.0064	0000.239
-00.9575	-00.0064	0000.240
-00.9606	-00.0064	0000.241
-00.9655	-00.0067	0000.242
-00.9694	-00.0064	0000.243
-00.9740	-00.0067	0000.244
-00.9780	-00.0067	0000.245
-00.9813	-00.0064	0000.246
-00.9856	-00.0067	0000.247
-00.9896	-00.0070	0000.248
-00.9932	-00.0067	0000.249
-00.9972	-00.0070	0000.250
-01.0012	-00.0064	0000.251
-01.0054	-00.0067	0000.252
-01.0094	-00.0070	0000.253
-01.0134	-00.0070	0000.254
-01.0180	-00.0070	0000.255
-01.0216	-00.0067	0000.256
-01.0256	-00.0070	0000.257
-01.0295	-00.0067	0000.258
-01.0335	-00.0070	0000.259
-01.0375	-00.0070	0000.260
-01.0415	-00.0070	0000.261
-01.0454	-00.0070	0000.262
-01.0497	-00.0070	0000.263
-01.0540	-00.0073	0000.264
-01.0573	-00.0070	0000.265
-01.0616	-00.0067	0000.266
-01.0659	-00.0073	0000.267
-01.0695	-00.0073	0000.268
-01.0735	-00.0073	0000.269
-01.0775	-00.0073	0000.270
-01.0814	-00.0076	0000.271
-01.0857	-00.0073	0000.272
-01.0897	-00.0076	0000.273
-01.0936	-00.0073	0000.274
-01.0976	-00.0073	0000.275
-01.1019	-00.0076	0000.276
-01.1055	-00.0073	0000.277
-01.1092	-00.0076	0000.278
-01.1138	-00.0076	0000.279
-01.1174	-00.0073	0000.280
-01.1214	-00.0076	0000.281
-01.1260	-00.0073	0000.282
-01.1293	-00.0076	0000.283
-01.1336	-00.0073	0000.284
-01.1376	-00.0079	0000.285
-01.1412	-00.0076	0000.286
-01.1455	-00.0073	0000.287
-01.1492	-00.0076	0000.288
-01.1535	-00.0076	0000.289
-01.1577	-00.0079	0000.290
-01.1617	-00.0076	0000.291
-01.1660	-00.0073	0000.292
-01.1702	-00.0079	0000.293
-01.1739	-00.0076	0000.294
-01.1779	-00.0079	0000.295
-01.1815	-00.0076	0000.296
-01.1849	-00.0079	0000.297
-01.1898	-00.0079	0000.298
-01.1937	-00.0082	0000.299
-01.1977	-00.0082	0000.300
-01.2023	-00.0082	0000.301
-01.2059	-00.0082	0000.302
-01.2099	-00.0079	0000.303
-01.2136	-00.0079	0000.304
-01.2178	-00.0088	0000.305
-01.2215	-00.0082	0000.306
-01.2255	-00.0082	0000.307
-01.2294	-00.0082	0000.308
-01.2337	-00.0082	0000.309
-01.2380	-00.0082	0000.310
-01.2420	-00.0082	0000.311
-01.2459	-00.0076	0000.312
-01.2502	-00.0085	0000.313
-01.2539	-00.0082	0000.314
-01.2581	-00.0085	0000.315
-01.2618	-00.0082	0000.316
-01.2661	-00.0085	0000.317
-01.2700	-00.0085	0000.318
-01.2743	-00.0085	0000.319
-01.2780	-00.0085	0000.320
-01.2819	-00.0088	0000.321
-01.2856	-00.0085	0000.322
-01.2899	-00.0085	0000.323
-01.2935	-00.0088	0000.324
-01.2981	-00.0088	0000.325
-01.3018	-00.0088	0000.326
-01.3060	-00.0088	0000.327
-01.3097	-00.0088	0000.328
-01.3140	-00.0091	0000.329
-01.3182	-00.0082	0000.330
-01.3219	-00.0085	0000.331
-01.3259	-00.0091	0000.332
-01.3301	-00.0088	0000.333
-01.3344	-00.0091	0000.334
-01.3378	-00.0088	0000.335
-01.3420	-00.0091	0000.336
-01.3457	-00.0091	0000.337
-01.3500	-00.0088	0000.338
-01.3549	-00.0091	0000.339
-01.3576	-00.0088	0000.340
-01.3628	-00.0091	0000.341
-01.3665	-00.0091	0000.342
-01.3698	-00.0094	0000.343
-01.3738	-00.0094	0000.344
-01.3784	-00.0091	0000.345
-01.3817	-00.0094	0000.346
-01.3866	-00.0094	0000.347
-01.3903	-00.0094	0000.348
-01.3939	-00.0091	0000.349
-01.3979	-00.0094	0000.350
-01.4019	-00.0091	0000.351
-01.4061	-00.0094	0000.352
-01.4104	-00.0094	0000.353
-01.4138	-00.0097	0000.354
-01.4177	-00.0094	0000.355
-01.4220	-00.0097	0000.356
-01.4263	-00.0094	0000.357
-01.4296	-00.0097	0000.358
-01.4342	-00.0097	0000.359
-01.4379	-00.0097	0000.360
-01.4418	-00.0094	0000.361
-01.4464	-00.0097	0000.362
-01.4501	-00.0094	0000.363
-01.4537	-00.0097	0000.364
-01.4580	-00.0097	0000.365
-01.4617	-00.0097	0000.366
-01.4663	-00.0100	0000.367
-01.4705	-00.0097	0000.368
-01.4742	-00.0097	0000.369
-01.4782	-00.0100	0000.370
-01.4818	-00.0097	0000.371
-01.4864	-00.0100	0000.372
-01.4901	-00.0100	0000.373
-01.4943	-00.0103	0000.374
-01.4983	-00.0100	0000.375
-01.5023	-00.0097	0000.376
-01.5062	-00.0100	0000.377
-01.5099	-00.0100	0000.378
-01.5142	-00.0103	0000.379
-01.5184	-00.0103	0000.380
-01.5221	-00.0103	0000.381
-01.5258	-00.0103	0000.382
-01.5300	-00.0100	0000.383
-01.5340	-00.0100	0000.384
-01.5386	-00.0103	0000.385
-01.5422	-00.0100	0000.386
-01.5462	-00.0100	0000.387
-01.5502	-00.0106	0000.388
-01.5545	-00.0100	0000.389
-01.5581	-00.0106	0000.390
-01.5621	-00.0106	0000.391
-01.5660	-00.0103	0000.392
-01.5703	-00.0100	0000.393
-01.5743	-00.0106	0000.394
-01.5789	-00.0100	0000.395
-01.5825	-00.0106	0000.396
-01.5865	-00.0106	0000.397
-01.5905	-00.0106	0000.398
-01.5944	-00.0103	0000.399
-01.5987	-00.0109	0000.400
-01.6024	-00.0106	0000.401
-01.6063	-00.0106	0000.402
-01.6109	-00.0109	0000.403
-01.6143	-00.0109	0000.404
-01.6188	-00.0109	0000.405
-01.6225	-00.0106	0000.406
-01.6265	-00.0109	0000.407
-01.6304	-00.0109	0000.408
-01.6347	-00.0113	0000.409
-01.6384	-00.0109	0000.410
-01.6426	-00.0113	0000.411
-01.6463	-00.0109	0000.412
-01.6506	-00.0109	0000.413
-01.6549	-00.0109	0000.414
-01.6588	-00.0113	0000.415
-01.6625	-00.0109	0000.416
-01.6668	-00.0109	0000.417
-01.6704	-00.0113	0000.418
-01.6747	-00.0113	0000.419
-01.6784	-00.0113	0000.420
-01.6826	-00.0113	0000.421
-01.6866	-00.0113	0000.422
-01.6909	-00.0113	0000.423
-01.6945	-00.0116	0000.424
-01.6988	-00.0116	0000.425
-01.7025	-00.0116	0000.426
-01.7064	-00.0113	0000.427
-01.7107	-00.0113	0000.428
-01.7141	-00.0113	0000.429
-01.7186	-00.0116	0000.430
-01.7226	-00.0113	0000.431
-01.7269	-00.0116	0000.432
-01.7308	-00.0116	0000.433
-01.7342	-00.0119	0000.434
-01.7385	-00.0116	0000.435
-01.7424	-00.0116	0000.436
-01.7467	-00.0119	0000.437
-01.7504	-00.0116	0000.438
-01.7546	-00.0119	0000.439
-01.7586	-00.0119	0000.440
-01.7626	-00.0119	0000.441
-01.7669	-00.0119	0000.442
-01.7702	-00.0116	0000.443
-01.7748	-00.0119	0000.444
-01.7788	-00.0119	0000.445
-01.7827	-00.0119	0000.446
-01.7867	-00.0119	0000.447
-01.7910	-00.0119	0000.448
-01.7946	-00.0119	0000.449
-01.7986	-00.0122	0000.450
-01.8026	-00.0122	0000.451
-01.8068	-00.0122	0000.452
-01.8114	-00.0119	0000.453
-01.8145	-00.0119	0000.454
-01.8184	-00.0119	0000.455
-01.8227	-00.0122	0000.456
-01.8270	-00.0119	0000.457
-01.8312	-00.0122	0000.458
-01.8346	-00.0122	0000.459
-01.8389	-00.0122	0000.460
-01.8425	-00.0125	0000.461
-01.8465	-00.0122	0000.462
-01.8508	-00.0128	0000.463
-01.8547	-00.0125	0000.464
-01.8587	-00.0122	0000.465
-01.8630	-00.0128	0000.466
-01.8666	-00.0128	0000.467
-01.8706	-00.0128	0000.468
-01.8749	-00.0122	0000.469
-01.8789	-00.0125	0000.470
-01.8828	-00.0125	0000.471
-01.8868	-00.0131	0000.472
-01.8908	-00.0125	0000.473
-01.8947	-00.0128	0000.474
-01.8987	-00.0125	0000.475
-01.9033	-00.0128	0000.476
-01.9072	-00.0125	0000.477
-01.9109	-00.0131	0000.478
-01.9146	-00.0128	0000.479
-01.9194	-00.0128	0000.480
-01.9228	-00.0131	0000.481
-01.9271	-00.0128	0000.482
-01.9310	-00.0131	0000.483
-01.9344	-00.0131	0000.484
-01.9387	-00.0134	0000.485
-01.9429	-00.0131	0000.486
-01.9469	-00.0134	0000.487
-01.9512	-00.0131	0000.488
-01.9545	-00.0131	0000.489
-01.9588	-00.0134	0000.490
-01.9634	-00.0134	0000.491
-01.9670	-00.0137	0000.492
-01.9710	-00.0128	0000.493
-01.9750	-00.0134	0000.494
-01.9790	-00.0134	0000.495
-01.9829	-00.0128	0000.496
-01.9872	-00.0134	0000.497
-01.9918	-00.0134	0000.498
-01.9951	-00.0134	0000.499
-01.9991	-00.0134	0000.500
-02.0031	-00.0137	0000.501
-02.0073	-00.0137	0000.502
-02.0113	-00.0134	0000.503
-02.0150	-00.0137	0000.504
-02.0189	-00.0134	0000.505
-02.0232	-00.0134	0000.506
-02.0272	-00.0137	0000.507
-02.0311	-00.0137	0000.508
-02.0348	-00.0134	0000.509
-02.0388	-00.0143	0000.510
-02.0427	-00.0137	0000.511
-02.0470	-00.0137	0000.512
-02.0510	-00.0137	0000.513
-02.0552	-00.0137	0000.514
-02.0589	-00.0137	0000.515
-02.0632	-00.0137	0000.516
-02.0671	-00.0137	0000.517
-02.0714	-00.0137	0000.518
-02.0754	-00.0137	0000.519
-02.0797	-00.0143	0000.520
-02.0833	-00.0140	0000.521
-02.0873	-00.0140	0000.522
-02.0906	-00.0146	0000.523
-02.0943	-00.0140	0000.524
-02.0992	-00.0140	0000.525
-02.1032	-00.0140	0000.526
-02.1074	-00.0143	0000.527
-02.1111	-00.0140	0000.528
-02.1151	-00.0143	0000.529
-02.1193	-00.0140	0000.530
-02.1227	-00.0143	0000.531
-02.1273	-00.0146	0000.532
-02.1306	-00.0140	0000.533
-02.1355	-00.0143	0000.534
-02.1392	-00.0143	0000.535
-02.1434	-00.0143	0000.536
-02.1471	-00.0143	0000.537
-02.1514	-00.0143	0000.538
-02.1553	-00.0143	0000.539
-02.1587	-00.0140	0000.540
-02.1630	-00.0146	0000.541
-02.1672	-00.0140	0000.542
-02.1709	-00.0143	0000.543
-02.1755	-00.0143	0000.544
-02.1791	-00.0146	0000.545
-02.1837	-00.0152	0000.546
-02.1877	-00.0146	0000.547
-02.1907	-00.0146	0000.548
-02.1956	-00.0152	0000.549
-02.1990	-00.0146	0000.550
-02.2030	-00.0146	0000.551
-02.2072	-00.0149	0000.552
-02.2115	-00.0149	0000.553
-02.2152	-00.0149	0000.554
-02.2197	-00.0149	0000.555
-02.2234	-00.0149	0000.556
-02.2274	-00.0149	0000.557
-02.2310	-00.0152	0000.558
-02.2350	-00.0149	0000.559
-02.2396	-00.0155	0000.560
-02.2429	-00.0149	0000.561
-02.2472	-00.0149	0000.562
-02.2512	-00.0155	0000.563
-02.2554	-00.0149	0000.564
-02.2591	-00.0149	0000.565
-02.2634	-00.0152	0000.566
-02.2673	-00.0149	0000.567
-02.2719	-00.0155	0000.568
-02.2753	-00.0149	0000.569
-02.2792	-00.0152	0000.570
-02.2838	-00.0149	0000.571
-02.2875	-00.0152	0000.572
-02.2915	-00.0158	0000.573
-02.2957	-00.0155	0000.574
-02.2991	-00.0152	0000.575
-02.3037	-00.0155	0000.576
-02.3073	-00.0155	0000.577
-02.3116	-00.0152	0000.578
-02.3149	-00.0152	0000.579
-02.3195	-00.0155	0000.580
-02.3235	-00.0152	0000.581
-02.3275	-00.0155	0000.582
-02.3323	-00.0155	0000.583
-02.3357	-00.0155	0000.584
-02.3397	-00.0161	0000.585
-02.3433	-00.0158	0000.586
-02.3476	-00.0158	0000.587
-02.3519	-00.0158	0000.588
-02.3549	-00.0158	0000.589
-02.3595	-00.0155	0000.590
-02.3638	-00.0161	0000.591
-02.3671	-00.0155	0000.592
-02.3717	-00.0161	0000.593
-02.3757	-00.0152	0000.594
-02.3800	-00.0161	0000.595
-02.3833	-00.0161	0000.596
-02.3870	-00.0158	0000.597
-02.3922	-00.0161	0000.598
-02.3955	-00.0161	0000.599
-02.3995	-00.0158	0000.600
-02.4038	-00.0164	0000.601
-02.4074	-00.0161	0000.602
-02.4117	-00.0161	0000.603
-02.4160	-00.0161	0000.604
-02.4199	-00.0161	0000.605
-02.4236	-00.0161	0000.606
-02.4269	-00.0164	0000.607
-02.4315	-00.0161	0000.608
-02.4355	-00.0161	0000.609
-02.4401	-00.0167	0000.610
-02.4434	-00.0164	0000.611
-02.4477	-00.0164	0000.612
-02.4517	-00.0164	0000.613
-02.4559	-00.0161	0000.614
-02.4596	-00.0164	0000.615
-02.4639	-00.0167	0000.616
-02.4675	-00.0164	0000.617
-02.4718	-00.0167	0000.618
-02.4758	-00.0164	0000.619
-02.4797	-00.0167	0000.620
-02.4840	-00.0164	0000.621
-02.4877	-00.0164	0000.622
-02.4916	-00.0171	0000.623
-02.4953	-00.0171	0000.624
-02.4996	-00.0171	0000.625
-02.5035	-00.0167	0000.626
-02.5081	-00.0167	0000.627
-02.5118	-00.0167	0000.628
-02.5155	-00.0167	0000.629
-02.5200	-00.0167	0000.630
-02.5237	-00.0174	0000.631
-02.5280	-00.0167	0000.632
-02.5316	-00.0167	0000.633
-02.5356	-00.0171	0000.634
-02.5396	-00.0171	0000.635
-02.5441	-00.0174	0000.636
-02.5475	-00.0171	0000.637
-02.5518	-00.0167	0000.638
-02.5554	-00.0171	0000.639
-02.5603	-00.0174	0000.640
-02.5634	-00.0174	0000.641
-02.5676	-00.0171	0000.642
-02.5722	-00.0177	0000.643
-02.5762	-00.0174	0000.644
-02.5801	-00.0174	0000.645
-02.5844	-00.0174	0000.646
-02.5884	-00.0174	0000.647
-02.5917	-00.0174	0000.648
-02.5957	-00.0174	0000.649
-02.6003	-00.0174	0000.650
-02.6036	-00.0174	0000.651
-02.6082	-00.0171	0000.652
-02.6125	-00.0177	0000.653
-02.6159	-00.0174	0000.654
-02.6198	-00.0171	0000.655
-02.6244	-00.0177	0000.656
-02.6281	-00.0174	0000.657
-02.6314	-00.0180	0000.658
-02.6354	-00.0174	0000.659
-02.6397	-00.0180	0000.660
-02.6436	-00.0177	0000.661
-02.6482	-00.0180	0000.662
-02.6516	-00.0183	0000.663
-02.6555	-00.0177	0000.664
-02.6598	-00.0180	0000.665
-02.6641	-00.0180	0000.666
-02.6677	-00.0180	0000.667
-02.6720	-00.0180	0000.668
-02.6757	-00.0177	0000.669
-02.6796	-00.0180	0000.670
-02.6836	-00.0180	0000.671
-02.6879	-00.0177	0000.672
-02.6918	-00.0183	0000.673
-02.6961	-00.0183	0000.674
-02.7004	-00.0186	0000.675
-02.7047	-00.0183	0000.676
-02.7083	-00.0183	0000.677
-02.7126	-00.0180	0000.678
-02.7163	-00.0180	0000.679
-02.7199	-00.0183	0000.680
-02.7242	-00.0186	0000.681
-02.7279	-00.0183	0000.682
-02.7321	-00.0186	0000.683
-02.7364	-00.0183	0000.684
-02.7398	-00.0186	0000.685
-02.7437	-00.0186	0000.686
-02.7480	-00.0186	0000.687
-02.7526	-00.0183	0000.688
-02.7562	-00.0183	0000.689
-02.7599	-00.0183	0000.690
-02.7642	-00.0186	0000.691
-02.7678	-00.0186	0000.692
-02.7724	-00.0186	0000.693
-02.7767	-00.0189	0000.694
-02.7800	-00.0189	0000.695
-02.7840	-00.0189	0000.696
-02.7880	-00.0189	0000.697
-02.7922	-00.0189	0000.698
-02.7965	-00.0183	0000.699
-02.7999	-00.0192	0000.700
-02.8038	-00.0186	0000.701
-02.8084	-00.0189	0000.702
-02.8127	-00.0186	0000.703
-02.8170	-00.0189	0000.704
-02.8206	-00.0192	0000.705
-02.8243	-00.0195	0000.706
-02.8286	-00.0189	0000.707
-02.8322	-00.0195	0000.708
-02.8362	-00.0189	0000.709
-02.8402	-00.0192	0000.710
-02.8441	-00.0189	0000.711
-02.8484	-00.0192	0000.712
-02.8527	-00.0192	0000.713
-02.8557	-00.0192	0000.714
-02.8606	-00.0192	0000.715
-02.8637	-00.0192	0000.716
-02.8682	-00.0195	0000.717
-02.8719	-00.0192	0000.718
-02.8756	-00.0195	0000.719
-02.8801	-00.0198	0000.720
-02.8850	-00.0189	0000.721
-02.8884	-00.0195	0000.722
-02.8923	-00.0192	0000.723
-02.8963	-00.0198	0000.724
-02.9006	-00.0198	0000.725
-02.9042	-00.0198	0000.726
-02.9085	-00.0195	0000.727
-02.9119	-00.0195	0000.728
-02.9158	-00.0198	0000.729
-02.9201	-00.0198	0000.730
-02.9241	-00.0192	0000.731
-02.9280	-00.0198	0000.732
-02.9326	-00.0198	0000.733
-02.9363	-00.0198	0000.734
-02.9403	-00.0195	0000.735
-02.9442	-00.0201	0000.736
-02.9482	-00.0195	0000.737
-02.9522	-00.0198	0000.738
-02.9558	-00.0195	0000.739
-02.9604	-00.0198	0000.740
-02.9647	-00.0201	0000.741
-02.9680	-00.0198	0000.742
-02.9723	-00.0198	0000.743
-02.9760	-00.0201	0000.744
-02.9802	-00.0201	0000.745
-02.9842	-00.0198	0000.746
-02.9882	-00.0201	0000.747
-02.9924	-00.0201	0000.748
-02.9967	-00.0201	0000.749
-03.0004	-00.0201	0000.750
-03.0046	-00.0204	0000.751
-03.0074	-00.0204	0000.752
-03.0126	-00.0201	0000.753
-03.0159	-00.0204	0000.754
-03.0205	-00.0204	0000.755
-03.0239	-00.0207	0000.756
-03.0278	-00.0204	0000.757
-03.0327	-00.0204	0000.758
-03.0364	-00.0207	0000.759
-03.0404	-00.0207	0000.760
-03.0446	-00.0207	0000.761
-03.0480	-00.0204	0000.762
-03.0523	-00.0204	0000.763
-03.0562	-00.0207	0000.764
-03.0608	-00.0207	0000.765
-03.0645	-00.0204	0000.766
-03.0684	-00.0207	0000.767
-03.0727	-00.0207	0000.768
-03.0764	-00.0204	0000.769
-03.0800	-00.0207	0000.770
-03.0840	-00.0201	0000.771
-03.0889	-00.0210	0000.772
-03.0922	-00.0210	0000.773
-03.0959	-00.0204	0000.774
-03.1005	-00.0204	0000.775
-03.1044	-00.0210	0000.776
-03.1093	-00.0210	0000.777
-03.1121	-00.0210	0000.778
-03.1163	-00.0207	0000.779
-03.1203	-00.0213	0000.780
-03.1252	-00.0213	0000.781
-03.1279	-00.0210	0000.782
-03.1325	-00.0210	0000.783
-03.1365	-00.0210	0000.784
-03.1401	-00.0210	0000.785
-03.1441	-00.0213	0000.786
-03.1490	-00.0213	0000.787
-03.1530	-00.0213	0000.788
-03.1563	-00.0216	0000.789
-03.1609	-00.0213	0000.790
-03.1649	-00.0216	0000.791
-03.1685	-00.0213	0000.792
-03.1722	-00.0213	0000.793
-03.1765	-00.0219	0000.794
-03.1807	-00.0216	0000.795
-03.1850	-00.0216	0000.796
-03.1887	-00.0216	0000.797
-03.1929	-00.0213	0000.798
-03.1969	-00.0213	0000.799
-03.2012	-00.0216	0000.800
-03.2048	-00.0216	0000.801
-03.2088	-00.0219	0000.802
-03.2131	-00.0219	0000.803
-03.2164	-00.0219	0000.804
-03.2210	-00.0219	0000.805
-03.2247	-00.0219	0000.806
-03.2290	-00.0213	0000.807
-03.2329	-00.0219	0000.808
-03.2369	-00.0222	0000.809
-03.2409	-00.0222	0000.810
-03.2448	-00.0219	0000.811
-03.2488	-00.0219	0000.812
-03.2534	-00.0219	0000.813
-03.2567	-00.0216	0000.814
-03.2613	-00.0222	0000.815
-03.2656	-00.0222	0000.816
-03.2692	-00.0219	0000.817
-03.2729	-00.0225	0000.818
-03.2769	-00.0222	0000.819
-03.2808	-00.0225	0000.820
-03.2842	-00.0225	0000.821
-03.2885	-00.0222	0000.822
-03.2924	-00.0222	0000.823
-03.2970	-00.0222	0000.824
-03.3010	-00.0225	0000.825
-03.3049	-00.0225	0000.826
-03.3092	-00.0222	0000.827
-03.3132	-00.0225	0000.828
-03.3168	-00.0225	0000.829
-03.3208	-00.0225	0000.830
-03.3245	-00.0222	0000.831
-03.3284	-00.0225	0000.832
-03.3336	-00.0229	0000.833
-03.3370	-00.0229	0000.834
-03.3410	-00.0225	0000.835
-03.3446	-00.0225	0000.836
-03.3486	-00.0232	0000.837
-03.3529	-00.0229	0000.838
-03.3565	-00.0229	0000.839
-03.3608	-00.0225	0000.840
-03.3648	-00.0225	0000.841
-03.3687	-00.0232	0000.842
-03.3727	-00.0225	0000.843
-03.3770	-00.0229	0000.844
-03.3806	-00.0229	0000.845
-03.3846	-00.0229	0000.846
-03.3889	-00.0229	0000.847
-03.3928	-00.0229	0000.848
-03.3971	-00.0225	0000.849
-03.4005	-00.0235	0000.850
-03.4053	-00.0232	0000.851
-03.4090	-00.0232	0000.852
-03.4133	-00.0229	0000.853
-03.4169	-00.0232	0000.854
-03.4209	-00.0232	0000.855
-03.4249	-00.0232	0000.856
-03.4291	-00.0235	0000.857
-03.4331	-00.0235	0000.858
-03.4368	-00.0229	0000.859
-03.4417	-00.0235	0000.860
-03.4453	-00.0235	0000.861
-03.4490	-00.0232	0000.862
-03.4533	-00.0235	0000.863
-03.4572	-00.0235	0000.864
-03.4612	-00.0235	0000.865
-03.4655	-00.0235	0000.866
-03.4682	-00.0235	0000.867
-03.4734	-00.0235	0000.868
-03.4774	-00.0238	0000.869
-03.4807	-00.0235	0000.870
-03.4853	-00.0238	0000.871
-03.4890	-00.0235	0000.872
-03.4935	-00.0235	0000.873
-03.4969	-00.0241	0000.874
-03.5009	-00.0232	0000.875
-03.5054	-00.0241	0000.876
-03.5085	-00.0238	0000.877
-03.5140	-00.0241	0000.878
-03.5173	-00.0238	0000.879
-03.5216	-00.0238	0000.880
-03.5256	-00.0238	0000.881
-03.5295	-00.0241	0000.882
-03.5338	-00.0238	0000.883
-03.5369	-00.0241	0000.884
-03.5415	-00.0238	0000.885
-03.5457	-00.0241	0000.886
-03.5491	-00.0241	0000.887
-03.5527	-00.0238	0000.888
-03.5570	-00.0241	0000.889
-03.5619	-00.0241	0000.890
-03.5653	-00.0241	0000.891
-03.5695	-00.0244	0000.892
-03.5732	-00.0244	0000.893
-03.5775	-00.0244	0000.894
-03.5817	-00.0241	0000.895
-03.5851	-00.0241	0000.896
-03.5891	-00.0241	0000.897
-03.5933	-00.0244	0000.898
-03.5976	-00.0244	0000.899
-03.6013	-00.0244	0000.900
-03.6055	-00.0250	0000.901
-03.6092	-00.0244	0000.902
-03.6141	-00.0247	0000.903
-03.6171	-00.0247	0000.904
-03.6211	-00.0244	0000.905
-03.6257	-00.0247	0000.906
-03.6293	-00.0250	0000.907
-03.6336	-00.0247	0000.908
-03.6379	-00.0247	0000.909
-03.6415	-00.0247	0000.910
-03.6455	-00.0247	0000.911
-03.6489	-00.0247	0000.912
-03.6531	-00.0250	0000.913
-03.6580	-00.0250	0000.914
-03.6611	-00.0253	0000.915
-03.6654	-00.0250	0000.916
-03.6693	-00.0247	0000.917
-03.6736	-00.0253	0000.918
-03.6779	-00.0247	0000.919
-03.6818	-00.0250	0000.920
-03.6858	-00.0247	0000.921
-03.6898	-00.0250	0000.922
-03.6931	-00.0250	0000.923
-03.6977	-00.0256	0000.924
-03.7017	-00.0247	0000.925
-03.7050	-00.0253	0000.926
-03.7102	-00.0253	0000.927
-03.7130	-00.0250	0000.928
-03.7178	-00.0256	0000.929
-03.7215	-00.0256	0000.930
-03.7258	-00.0256	0000.931
-03.7294	-00.0253	0000.932
-03.7337	-00.0253	0000.933
-03.7374	-00.0253	0000.934
-03.7423	-00.0256	0000.935
-03.7456	-00.0256	0000.936
-03.7502	-00.0256	0000.937
-03.7539	-00.0259	0000.938
-03.7581	-00.0256	0000.939
-03.7615	-00.0256	0000.940
-03.7658	-00.0256	0000.941
-03.7691	-00.0253	0000.942
-03.7734	-00.0256	0000.943
-03.7780	-00.0256	0000.944
-03.7819	-00.0259	0000.945
-03.7859	-00.0259	0000.946
-03.7896	-00.0259	0000.947
-03.7938	-00.0259	0000.948
-03.7972	-00.0256	0000.949
-03.8021	-00.0262	0000.950
-03.8057	-00.0259	0000.951
-03.8100	-00.0256	0000.952
-03.8137	-00.0262	0000.953
-03.8179	-00.0265	0000.954
-03.8222	-00.0259	0000.955
-03.8268	-00.0265	0000.956
-03.8298	-00.0256	0000.957
-03.8338	-00.0259	0000.958
-03.8381	-00.0262	0000.959
-03.8417	-00.0265	0000.960
-03.8460	-00.0262	0000.961
-03.8497	-00.0262	0000.962
-03.8533	-00.0265	0000.963
-03.8582	-00.0262	0000.964
-03.8622	-00.0262	0000.965
-03.8655	-00.0268	0000.966
-03.8701	-00.0259	0000.967
-03.8741	-00.0265	0000.968
-03.8781	-00.0265	0000.969
-03.8820	-00.0265	0000.970
-03.8857	-00.0262	0000.971
-03.8894	-00.0265	0000.972
-03.8939	-00.0265	0000.973
-03.8979	-00.0265	0000.974
-03.9016	-00.0268	0000.975
-03.9058	-00.0262	0000.976
-03.9095	-00.0271	0000.977
-03.9138	-00.0268	0000.978
-03.9186	-00.0268	0000.979
-03.9217	-00.0265	0000.980
-03.9254	-00.0265	0000.981
-03.9299	-00.0265	0000.982
-03.9339	-00.0271	0000.983
-03.9379	-00.0265	0000.984
-03.9418	-00.0265	0000.985
-03.9461	-00.0268	0000.986
-03.9504	-00.0274	0000.987
-03.9544	-00.0271	0000.988
-03.9577	-00.0265	0000.989
-03.9614	-00.0268	0000.990
-03.9663	-00.0274	0000.991
-03.9705	-00.0271	0000.992
-03.9742	-00.0271	0000.993
-03.9782	-00.0271	0000.994
-03.9821	-00.0271	0000.995
-03.9858	-00.0271	0000.996
-03.9901	-00.0271	0000.997
-03.9937	-00.0274	0000.998
-03.9983	-00.0268	0000.999
-04.0023	-00.0277	0001.000
-04.0059	-00.0274	0001.001
-04.0020	-00.0274	0001.002
-03.9974	-00.0274	0001.003
-03.9943	-00.0274	0001.004
-03.9907	-00.0274	0001.005
-03.9861	-00.0274	0001.006
-03.9821	-00.0277	0001.007
-03.9785	-00.0277	0001.008
-03.9739	-00.0274	0001.009
-03.9696	-00.0277	0001.010
-03.9656	-00.0274	0001.011
-03.9620	-00.0277	0001.012
-03.9580	-00.0277	0001.013
-03.9537	-00.0274	0001.014
-03.9504	-00.0277	0001.015
-03.9464	-00.0274	0001.016
-03.9428	-00.0274	0001.017
-03.9385	-00.0277	0001.018
-03.9345	-00.0274	0001.019
-03.9302	-00.0274	0001.020
-03.9266	-00.0274	0001.021
-03.9220	-00.0271	0001.022
-03.9183	-00.0274	0001.023
-03.9144	-00.0274	0001.024
-03.9110	-00.0271	0001.025
-03.9074	-00.0277	0001.026
-03.9016	-00.0277	0001.027
-03.8994	-00.0271	0001.028
-03.8942	-00.0277	0001.029
-03.8903	-00.0277	0001.030
-03.8860	-00.0274	0001.031
-03.8814	-00.0280	0001.032
-03.8781	-00.0274	0001.033
-03.8741	-00.0277	0001.034
-03.8704	-00.0277	0001.035
-03.8662	-00.0277	0001.036
-03.8622	-00.0271	0001.037
-03.8582	-00.0274	0001.038
-03.8536	-00.0274	0001.039
-03.8497	-00.0277	0001.040
-03.8463	-00.0277	0001.041
-03.8420	-00.0274	0001.042
-03.8384	-00.0271	0001.043
-03.8344	-00.0271	0001.044
-03.8305	-00.0277	0001.045
-03.8265	-00.0271	0001.046
-03.8231	-00.0274	0001.047
-03.8179	-00.0277	0001.048
-03.8143	-00.0277	0001.049
-03.8100	-00.0271	0001.050
-03.8060	-00.0271	0001.051
-03.8012	-00.0274	0001.052
-03.7978	-00.0274	0001.053
-03.7941	-00.0274	0001.054
-03.7899	-00.0274	0001.055
-03.7856	-00.0277	0001.056
-03.7822	-00.0277	0001.057
-03.7774	-00.0274	0001.058
-03.7734	-00.0274	0001.059
-03.7697	-00.0274	0001.060
-03.7658	-00.0271	0001.061
-03.7618	-00.0274	0001.062
-03.7584	-00.0271	0001.063
-03.7532	-00.0271	0001.064
-03.7499	-00.0271	0001.065
-03.7456	-00.0271	0001.066
-03.7420	-00.0271	0001.067
-03.7371	-00.0268	0001.068
-03.7337	-00.0274	0001.069
-03.7294	-00.0274	0001.070
-03.7252	-00.0274	0001.071
-03.7221	-00.0274	0001.072
-03.7185	-00.0274	0001.073
-03.7142	-00.0274	0001.074
-03.7096	-00.0271	0001.075
-03.7059	-00.0268	0001.076
-03.7020	-00.0274	0001.077
-03.6971	-00.0271	0001.078
-03.6934	-00.0274	0001.079
-03.6904	-00.0271	0001.080
-03.6858	-00.0277	0001.081
-03.6818	-00.0274	0001.082
-03.6773	-00.0271	0001.083
-03.6739	-00.0271	0001.084
-03.6699	-00.0271	0001.085
-03.6660	-00.0274	0001.086
-03.6608	-00.0271	0001.087
-03.6574	-00.0274	0001.088
-03.6541	-00.0271	0001.089
-03.6492	-00.0271	0001.090
-03.6458	-00.0271	0001.091
-03.6409	-00.0268	0001.092
-03.6373	-00.0274	0001.093
-03.6342	-00.0271	0001.094
-03.6296	-00.0271	0001.095
-03.6251	-00.0268	0001.096
-03.6214	-00.0268	0001.097
-03.6181	-00.0271	0001.098
-03.6138	-00.0268	0001.099
-03.6104	-00.0271	0001.100
-03.6061	-00.0265	0001.101
-03.6013	-00.0268	0001.102
-03.5985	-00.0271	0001.103
-03.5936	-00.0271	0001.104
-03.5897	-00.0268	0001.105
-03.5854	-00.0274	0001.106
-03.5814	-00.0268	0001.107
-03.5769	-00.0271	0001.108
-03.5738	-00.0268	0001.109
-03.5692	-00.0271	0001.110
-03.5659	-00.0271	0001.111
-03.5622	-00.0268	0001.112
-03.5576	-00.0268	0001.113
-03.5537	-00.0268	0001.114
-03.5497	-00.0262	0001.115
-03.5454	-00.0268	0001.116
-03.5415	-00.0274	0001.117
-03.5375	-00.0271	0001.118
-03.5338	-00.0268	0001.119
-03.5295	-00.0268	0001.120
-03.5259	-00.0271	0001.121
-03.5216	-00.0271	0001.122
-03.5170	-00.0265	0001.123
-03.5137	-00.0271	0001.124
-03.5091	-00.0268	0001.125
-03.5054	-00.0271	0001.126
-03.5012	-00.0268	0001.127
-03.4981	-00.0271	0001.128
-03.4932	-00.0268	0001.129
-03.4899	-00.0265	0001.130
-03.4853	-00.0268	0001.131
-03.4807	-00.0268	0001.132
-03.4783	-00.0274	0001.133
-03.4731	-00.0268	0001.134
-03.4700	-00.0271	0001.135
-03.4658	-00.0265	0001.136
-03.4615	-00.0268	0001.137
-03.4578	-00.0271	0001.138
-03.4533	-00.0268	0001.139
-03.4493	-00.0271	0001.140
-03.4459	-00.0268	0001.141
-03.4417	-00.0268	0001.142
-03.4380	-00.0265	0001.143
-03.4331	-00.0271	0001.144
-03.4291	-00.0268	0001.145
-03.4255	-00.0268	0001.146
-03.4218	-00.0271	0001.147
-03.4172	-00.0265	0001.148
-03.4133	-00.0268	0001.149
-03.4096	-00.0265	0001.150
-03.4060	-00.0268	0001.151
-03.4011	-00.0268	0001.152
-03.3977	-00.0268	0001.153
-03.3931	-00.0268	0001.154
-03.3886	-00.0268	0001.155
-03.3852	-00.0268	0001.156
-03.3809	-00.0265	0001.157
-03.3776	-00.0265	0001.158
-03.3727	-00.0268	0001.159
-03.3690	-00.0271	0001.160
-03.3654	-00.0268	0001.161
-03.3608	-00.0268	0001.162
-03.3577	-00.0265	0001.163
-03.3532	-00.0268	0001.164
-03.3489	-00.0268	0001.165
-03.3452	-00.0265	0001.166
-03.3413	-00.0265	0001.167
-03.3376	-00.0265	0001.168
-03.3333	-00.0265	0001.169
-03.3290	-00.0265	0001.170
-03.3254	-00.0265	0001.171
-03.3211	-00.0265	0001.172
-03.3171	-00.0268	0001.173
-03.3129	-00.0268	0001.174
-03.3089	-00.0265	0001.175
-03.3056	-00.0265	0001.176
-03.3010	-00.0265	0001.177
-03.2976	-00.0265	0001.178
-03.2927	-00.0265	0001.179
-03.2885	-00.0265	0001.180
-03.2851	-00.0271	0001.181
-03.2814	-00.0262	0001.182
-03.2763	-00.0265	0001.183
-03.2732	-00.0265	0001.184
-03.2689	-00.0265	0001.185
-03.2659	-00.0265	0001.186
-03.2607	-00.0262	0001.187
-03.2564	-00.0262	0001.188
-03.2528	-00.0265	0001.189
-03.2491	-00.0262	0001.190
-03.2451	-00.0265	0001.191
-03.2409	-00.0265	0001.192
-03.2372	-00.0262	0001.193
-03.2332	-00.0265	0001.194
-03.2290	-00.0262	0001.195
-03.2250	-00.0265	0001.196
-03.2210	-00.0265	0001.197
-03.2177	-00.0265	0001.198
-03.2134	-00.0262	0001.199
-03.2085	-00.0265	0001.200
-03.2048	-00.0265	0001.201
-03.2012	-00.0262	0001.202
-03.1972	-00.0265	0001.203
-03.1936	-00.0262	0001.204
-03.1887	-00.0265	0001.205
-03.1850	-00.0262	0001.206
-03.1807	-00.0262	0001.207
-03.1765	-00.0262	0001.208
-03.1734	-00.0265	0001.209
-03.1694	-00.0262	0001.210
-03.1646	-00.0265	0001.211
-03.1609	-00.0259	0001.212
-03.1563	-00.0262	0001.213
-03.1524	-00.0265	0001.214
-03.1487	-00.0262	0001.215
-03.1450	-00.0262	0001.216
-03.1408	-00.0262	0001.217
-03.1368	-00.0262	0001.218
-03.1322	-00.0262	0001.219
-03.1285	-00.0262	0001.220
-03.1249	-00.0265	0001.221
-03.1209	-00.0265	0001.222
-03.1170	-00.0259	0001.223
-03.1130	-00.0259	0001.224
-03.1090	-00.0259	0001.225
-03.1044	-00.0259	0001.226
-03.1014	-00.0262	0001.227
-03.0971	-00.0259	0001.228
-03.0922	-00.0262	0001.229
-03.0886	-00.0262	0001.230
-03.0852	-00.0259	0001.231
-03.0809	-00.0262	0001.232
-03.0770	-00.0262	0001.233
-03.0727	-00.0262	0001.234
-03.0684	-00.0265	0001.235
-03.0645	-00.0259	0001.236
-03.0608	-00.0256	0001.237
-03.0571	-00.0259	0001.238
-03.0526	-00.0265	0001.239
-03.0480	-00.0256	0001.240
-03.0446	-00.0259	0001.241
-03.0407	-00.0262	0001.242
-03.0367	-00.0259	0001.243
-03.0330	-00.0259	0001.244
-03.0281	-00.0259	0001.245
-03.0248	-00.0262	0001.246
-03.0208	-00.0259	0001.247
-03.0169	-00.0262	0001.248
-03.0123	-00.0262	0001.249
-03.0089	-00.0262	0001.250
-03.0046	-00.0259	0001.251
-03.0007	-00.0259	0001.252
-02.9970	-00.0259	0001.253
-02.9927	-00.0259	0001.254
-02.9888	-00.0259	0001.255
-02.9848	-00.0259	0001.256
-02.9808	-00.0259	0001.257
-02.9763	-00.0262	0001.258
-02.9726	-00.0262	0001.259
-02.9683	-00.0262	0001.260
-02.9656	-00.0259	0001.261
-02.9604	-00.0259	0001.262
-02.9567	-00.0259	0001.263
-02.9525	-00.0256	0001.264
-02.9485	-00.0259	0001.265
-02.9445	-00.0259	0001.266
-02.9409	-00.0256	0001.267
-02.9366	-00.0262	0001.268
-02.9329	-00.0259	0001.269
-02.9287	-00.0259	0001.270
-02.9250	-00.0256	0001.271
-02.9204	-00.0259	0001.272
-02.9165	-00.0259	0001.273
-02.9128	-00.0256	0001.274
-02.9088	-00.0253	0001.275
-02.9042	-00.0256	0001.276
-02.9003	-00.0256	0001.277
-02.8963	-00.0259	0001.278
-02.8923	-00.0256	0001.279
-02.8887	-00.0256	0001.280
-02.8844	-00.0256	0001.281
-02.8801	-00.0256	0001.282
-02.8768	-00.0262	0001.283
-02.8722	-00.0253	0001.284
-02.8685	-00.0256	0001.285
-02.8643	-00.0253	0001.286
-02.8600	-00.0256	0001.287
-02.8563	-00.0253	0001.288
-02.8527	-00.0253	0001.289
-02.8490	-00.0256	0001.290
-02.8441	-00.0256	0001.291
-02.8399	-00.0253	0001.292
-02.8368	-00.0253	0001.293
-02.8322	-00.0253	0001.294
-02.8292	-00.0256	0001.295
-02.8249	-00.0259	0001.296
-02.8206	-00.0253	0001.297
-02.8170	-00.0259	0001.298
-02.8130	-00.0253	0001.299
-02.8084	-00.0256	0001.300
-02.8045	-00.0253	0001.301
-02.7999	-00.0250	0001.302
-02.7971	-00.0256	0001.303
-02.7925	-00.0256	0001.304
-02.7883	-00.0259	0001.305
-02.7843	-00.0253	0001.306
-02.7806	-00.0253	0001.307
-02.7764	-00.0250	0001.308
-02.7727	-00.0253	0001.309
-02.7681	-00.0253	0001.310
-02.7639	-00.0253	0001.311
-02.7602	-00.0250	0001.312
-02.7565	-00.0259	0001.313
-02.7526	-00.0250	0001.314
-02.7483	-00.0253	0001.315
-02.7443	-00.0253	0001.316
-02.7404	-00.0253	0001.317
-02.7367	-00.0253	0001.318
-02.7321	-00.0250	0001.319
-02.7285	-00.0253	0001.320
-02.7242	-00.0250	0001.321
-02.7208	-00.0256	0001.322
-02.7163	-00.0253	0001.323
-02.7126	-00.0250	0001.324
-02.7086	-00.0253	0001.325
-02.7047	-00.0250	0001.326
-02.6998	-00.0253	0001.327
-02.6961	-00.0250	0001.328
-02.6918	-00.0250	0001.329
-02.6885	-00.0253	0001.330
-02.6845	-00.0247	0001.331
-02.6806	-00.0253	0001.332
-02.6763	-00.0253	0001.333
-02.6723	-00.0253	0001.334
-02.6683	-00.0250	0001.335
-02.6644	-00.0250	0001.336
-02.6604	-00.0250	0001.337
-02.6561	-00.0244	0001.338
-02.6522	-00.0253	0001.339
-02.6488	-00.0250	0001.340
-02.6436	-00.0247	0001.341
-02.6403	-00.0247	0001.342
-02.6363	-00.0250	0001.343
-02.6326	-00.0253	0001.344
-02.6287	-00.0250	0001.345
-02.6244	-00.0247	0001.346
-02.6198	-00.0247	0001.347
-02.6162	-00.0250	0001.348
-02.6122	-00.0253	0001.349
-02.6079	-00.0247	0001.350
-02.6046	-00.0247	0001.351
-02.6006	-00.0244	0001.352
-02.5963	-00.0247	0001.353
-02.5917	-00.0250	0001.354
-02.5881	-00.0247	0001.355
-02.5844	-00.0247	0001.356
-02.5801	-00.0250	0001.357
-02.5759	-00.0247	0001.358
-02.5719	-00.0250	0001.359
-02.5679	-00.0247	0001.360
-02.5643	-00.0247	0001.361
-02.5603	-00.0253	0001.362
-02.5557	-00.0247	0001.363
-02.5524	-00.0244	0001.364
-02.5484	-00.0250	0001.365
-02.5438	-00.0247	0001.366
-02.5399	-00.0250	0001.367
-02.5362	-00.0250	0001.368
-02.5319	-00.0247	0001.369
-02.5283	-00.0250	0001.370
-02.5240	-00.0244	0001.371
-02.5203	-00.0244	0001.372
-02.5158	-00.0244	0001.373
-02.5124	-00.0247	0001.374
-02.5081	-00.0247	0001.375
-02.5039	-00.0247	0001.376
-02.5005	-00.0250	0001.377
-02.4965	-00.0247	0001.378
-02.4920	-00.0244	0001.379
-02.4883	-00.0247	0001.380
-02.4837	-00.0247	0001.381
-02.4800	-00.0244	0001.382
-02.4761	-00.0244	0001.383
-02.4718	-00.0244	0001.384
-02.4675	-00.0244	0001.385
-02.4639	-00.0244	0001.386
-02.4599	-00.0244	0001.387
-02.4562	-00.0241	0001.388
-02.4520	-00.0247	0001.389
-02.4477	-00.0244	0001.390
-02.4443	-00.0247	0001.391
-02.4401	-00.0241	0001.392
-02.4361	-00.0244	0001.393
-02.4318	-00.0244	0001.394
-02.4282	-00.0244	0001.395
-02.4236	-00.0241	0001.396
-02.4196	-00.0241	0001.397
-02.4163	-00.0244	0001.398
-02.4120	-00.0244	0001.399
-02.4080	-00.0244	0001.400
-02.4038	-00.0244	0001.401
-02.3998	-00.0241	0001.402
-02.3955	-00.0241	0001.403
-02.3915	-00.0241	0001.404
-02.3873	-00.0247	0001.405
-02.3833	-00.0238	0001.406
-02.3796	-00.0241	0001.407
-02.3760	-00.0241	0001.408
-02.3723	-00.0241	0001.409
-02.3674	-00.0241	0001.410
-02.3647	-00.0238	0001.411
-02.3601	-00.0244	0001.412
-02.3555	-00.0247	0001.413
-02.3519	-00.0244	0001.414
-02.3479	-00.0244	0001.415
-02.3436	-00.0235	0001.416
-02.3394	-00.0241	0001.417
-02.3357	-00.0244	0001.418
-02.3314	-00.0235	0001.419
-02.3278	-00.0238	0001.420
-02.3238	-00.0238	0001.421
-02.3195	-00.0241	0001.422
-02.3156	-00.0241	0001.423
-02.3113	-00.0241	0001.424
-02.3076	-00.0238	0001.425
-02.3030	-00.0241	0001.426
-02.3003	-00.0235	0001.427
-02.2957	-00.0238	0001.428
-02.2918	-00.0241	0001.429
-02.2881	-00.0241	0001.430
-02.2835	-00.0238	0001.431
-02.2799	-00.0244	0001.432
-02.2759	-00.0241	0001.433
-02.2719	-00.0238	0001.434
-02.2680	-00.0238	0001.435
-02.2643	-00.0241	0001.436
-02.2600	-00.0238	0001.437
-02.2554	-00.0235	0001.438
-02.2524	-00.0235	0001.439
-02.2481	-00.0238	0001.440
-02.2435	-00.0241	0001.441
-02.2390	-00.0241	0001.442
-02.2359	-00.0241	0001.443
-02.2322	-00.0238	0001.444
-02.2277	-00.0235	0001.445
-02.2237	-00.0235	0001.446
-02.2194	-00.0238	0001.447
-02.2155	-00.0235	0001.448
-02.2118	-00.0238	0001.449
-02.2075	-00.0238	0001.450
-02.2033	-00.0235	0001.451
-02.1996	-00.0235	0001.452
-02.1956	-00.0235	0001.453
-02.1920	-00.0235	0001.454
-02.1880	-00.0235	0001.455
-02.1837	-00.0235	0001.456
-02.1798	-00.0235	0001.457
-02.1755	-00.0235	0001.458
-02.1718	-00.0235	0001.459
-02.1675	-00.0235	0001.460
-02.1639	-00.0232	0001.461
-02.1590	-00.0235	0001.462
-02.1556	-00.0238	0001.463
-02.1514	-00.0235	0001.464
-02.1477	-00.0235	0001.465
-02.1437	-00.0235	0001.466
-02.1398	-00.0232	0001.467
-02.1355	-00.0235	0001.468
-02.1315	-00.0235	0001.469
-02.1273	-00.0235	0001.470
-02.1233	-00.0229	0001.471
-02.1196	-00.0232	0001.472
-02.1151	-00.0235	0001.473
-02.1117	-00.0232	0001.474
-02.1071	-00.0238	0001.475
-02.1032	-00.0229	0001.476
-02.0992	-00.0229	0001.477
-02.0949	-00.0232	0001.478
-02.0916	-00.0235	0001.479
-02.0873	-00.0235	0001.480
-02.0836	-00.0232	0001.481
-02.0797	-00.0232	0001.482
-02.0754	-00.0235	0001.483
-02.0714	-00.0232	0001.484
-02.0678	-00.0232	0001.485
-02.0635	-00.0232	0001.486
-02.0595	-00.0235	0001.487
-02.0556	-00.0229	0001.488
-02.0507	-00.0229	0001.489
-02.0470	-00.0232	0001.490
-02.0430	-00.0229	0001.491
-02.0397	-00.0232	0001.492
-02.0351	-00.0229	0001.493
-02.0311	-00.0229	0001.494
-02.0278	-00.0229	0001.495
-02.0232	-00.0229	0001.496
-02.0192	-00.0229	0001.497
-02.0156	-00.0232	0001.498
-02.0113	-00.0232	0001.499
-02.0073	-00.0229	0001.500
-02.0037	-00.0229	0001.501
-01.9991	-00.0229	0001.502
-01.9951	-00.0229	0001.503
-01.9918	-00.0229	0001.504
-01.9872	-00.0229	0001.505
-01.9826	-00.0229	0001.506
-01.9793	-00.0232	0001.507
-01.9759	-00.0225	0001.508
-01.9713	-00.0229	0001.509
-01.9670	-00.0229	0001.510
-01.9634	-00.0229	0001.511
-01.9597	-00.0225	0001.512
-01.9555	-00.0229	0001.513
-01.9518	-00.0225	0001.514
-01.9472	-00.0229	0001.515
-01.9432	-00.0229	0001.516
-01.9396	-00.0225	0001.517
-01.9350	-00.0229	0001.518
-01.9307	-00.0229	0001.519
-01.9274	-00.0225	0001.520
-01.9234	-00.0225	0001.521
-01.9194	-00.0225	0001.522
-01.9155	-00.0229	0001.523
-01.9118	-00.0222	0001.524
-01.9069	-00.0222	0001.525
-01.9033	-00.0225	0001.526
-01.8993	-00.0222	0001.527
-01.8953	-00.0222	0001.528
-01.8914	-00.0225	0001.529
-01.8874	-00.0225	0001.530
-01.8834	-00.0229	0001.531
-01.8795	-00.0225	0001.532
-01.8755	-00.0222	0001.533
-01.8712	-00.0222	0001.534
-01.8679	-00.0225	0001.535
-01.8633	-00.0222	0001.536
-01.8590	-00.0222	0001.537
-01.8550	-00.0225	0001.538
-01.8511	-00.0225	0001.539
-01.8474	-00.0225	0001.540
-01.8428	-00.0222	0001.541
-01.8395	-00.0222	0001.542
-01.8352	-00.0222	0001.543
-01.8306	-00.0225	0001.544
-01.8273	-00.0219	0001.545
-01.8230	-00.0225	0001.546
-01.8181	-00.0219	0001.547
-01.8151	-00.0219	0001.548
-01.8108	-00.0222	0001.549
-01.8068	-00.0219	0001.550
-01.8035	-00.0222	0001.551
-01.7995	-00.0222	0001.552
-01.7949	-00.0219	0001.553
-01.7910	-00.0222	0001.554
-01.7870	-00.0222	0001.555
-01.7833	-00.0219	0001.556
-01.7791	-00.0222	0001.557
-01.7745	-00.0219	0001.558
-01.7711	-00.0219	0001.559
-01.7672	-00.0225	0001.560
-01.7626	-00.0219	0001.561
-01.7589	-00.0219	0001.562
-01.7543	-00.0222	0001.563
-01.7513	-00.0219	0001.564
-01.7464	-00.0222	0001.565
-01.7427	-00.0216	0001.566
-01.7394	-00.0219	0001.567
-01.7348	-00.0222	0001.568
-01.7308	-00.0222	0001.569
-01.7269	-00.0219	0001.570
-01.7229	-00.0216	0001.571
-01.7189	-00.0219	0001.572
-01.7153	-00.0219	0001.573
-01.7107	-00.0216	0001.574
-01.7073	-00.0222	0001.575
-01.7025	-00.0219	0001.576
-01.6994	-00.0219	0001.577
-01.6951	-00.0222	0001.578
-01.6912	-00.0219	0001.579
-01.6869	-00.0216	0001.580
-01.6826	-00.0222	0001.581
-01.6793	-00.0216	0001.582
-01.6750	-00.0216	0001.583
-01.6710	-00.0216	0001.584
-01.6665	-00.0213	0001.585
-01.6625	-00.0216	0001.586
-01.6588	-00.0219	0001.587
-01.6552	-00.0216	0001.588
-01.6509	-00.0216	0001.589
-01.6466	-00.0219	0001.590
-01.6430	-00.0213	0001.591
-01.6384	-00.0216	0001.592
-01.6347	-00.0216	0001.593
-01.6311	-00.0216	0001.594
-01.6271	-00.0213	0001.595
-01.6228	-00.0216	0001.596
-01.6185	-00.0216	0001.597
-01.6149	-00.0213	0001.598
-01.6109	-00.0216	0001.599
-01.6069	-00.0210	0001.600
-01.6024	-00.0216	0001.601
-01.5990	-00.0213	0001.602
-01.5950	-00.0213	0001.603
-01.5908	-00.0213	0001.604
-01.5868	-00.0213	0001.605
-01.5831	-00.0210	0001.606
-01.5789	-00.0213	0001.607
-01.5749	-00.0213	0001.608
-01.5706	-00.0213	0001.609
-01.5670	-00.0216	0001.610
-01.5624	-00.0213	0001.611
-01.5581	-00.0207	0001.612
-01.5545	-00.0213	0001.613
-01.5502	-00.0207	0001.614
-01.5468	-00.0213	0001.615
-01.5432	-00.0213	0001.616
-01.5383	-00.0213	0001.617
-01.5343	-00.0207	0001.618
-01.5303	-00.0210	0001.619
-01.5261	-00.0213	0001.620
-01.5227	-00.0210	0001.621
-01.5187	-00.0213	0001.622
-01.5145	-00.0210	0001.623
-01.5108	-00.0210	0001.624
-01.5068	-00.0207	0001.625
-01.5026	-00.0207	0001.626
-01.4986	-00.0210	0001.627
-01.4946	-00.0207	0001.628
-01.4904	-00.0210	0001.629
-01.4864	-00.0210	0001.630
-01.4824	-00.0207	0001.631
-01.4785	-00.0210	0001.632
-01.4748	-00.0210	0001.633
-01.4702	-00.0207	0001.634
-01.4663	-00.0213	0001.635
-01.4626	-00.0207	0001.636
-01.4583	-00.0207	0001.637
-01.4540	-00.0213	0001.638
-01.4504	-00.0207	0001.639
-01.4467	-00.0207	0001.640
-01.4425	-00.0210	0001.641
-01.4382	-00.0204	0001.642
-01.4342	-00.0204	0001.643
-01.4306	-00.0204	0001.644
-01.4260	-00.0204	0001.645
-01.4226	-00.0204	0001.646
-01.4183	-00.0204	0001.647
-01.4141	-00.0204	0001.648
-01.4104	-00.0204	0001.649
-01.4058	-00.0204	0001.650
-01.4025	-00.0204	0001.651
-01.3985	-00.0204	0001.652
-01.3945	-00.0204	0001.653
-01.3903	-00.0210	0001.654
-01.3866	-00.0204	0001.655
-01.3820	-00.0204	0001.656
-01.3781	-00.0198	0001.657
-01.3747	-00.0201	0001.658
-01.3704	-00.0204	0001.659
-01.3668	-00.0201	0001.660
-01.3625	-00.0204	0001.661
-01.3582	-00.0204	0001.662
-01.3546	-00.0201	0001.663
-01.3509	-00.0207	0001.664
-01.3460	-00.0204	0001.665
-01.3420	-00.0201	0001.666
-01.3384	-00.0204	0001.667
-01.3338	-00.0201	0001.668
-01.3305	-00.0201	0001.669
-01.3265	-00.0201	0001.670
-01.3222	-00.0201	0001.671
-01.3186	-00.0201	0001.672
-01.3143	-00.0204	0001.673
-01.3103	-00.0201	0001.674
-01.3060	-00.0198	0001.675
-01.3018	-00.0198	0001.676
-01.2984	-00.0201	0001.677
-01.2944	-00.0192	0001.678
-01.2905	-00.0201	0001.679
-01.2865	-00.0195	0001.680
-01.2819	-00.0201	0001.681
-01.2786	-00.0198	0001.682
-01.2737	-00.0198	0001.683
-01.2700	-00.0201	0001.684
-01.2661	-00.0198	0001.685
-01.2618	-00.0201	0001.686
-01.2581	-00.0198	0001.687
-01.2542	-00.0198	0001.688
-01.2502	-00.0198	0001.689
-01.2459	-00.0198	0001.690
-01.2423	-00.0195	0001.691
-01.2380	-00.0198	0001.692
-01.2340	-00.0195	0001.693
-01.2294	-00.0195	0001.694
-01.2258	-00.0198	0001.695
-01.2221	-00.0195	0001.696
-01.2181	-00.0198	0001.697
-01.2145	-00.0192	0001.698
-01.2099	-00.0195	0001.699
-01.2059	-00.0195	0001.700
-01.2020	-00.0198	0001.701
-01.1980	-00.0195	0001.702
-01.1940	-00.0192	0001.703
-01.1901	-00.0192	0001.704
-01.1861	-00.0192	0001.705
-01.1815	-00.0195	0001.706
-01.1785	-00.0192	0001.707
-01.1736	-00.0192	0001.708
-01.1702	-00.0192	0001.709
-01.1660	-00.0195	0001.710
-01.1617	-00.0189	0001.711
-01.1574	-00.0192	0001.712
-01.1541	-00.0195	0001.713
-01.1495	-00.0195	0001.714
-01.1458	-00.0192	0001.715
-01.1419	-00.0192	0001.716
-01.1382	-00.0189	0001.717
-01.1336	-00.0192	0001.718
-01.1300	-00.0198	0001.719
-01.1263	-00.0192	0001.720
-01.1220	-00.0189	0001.721
-01.1177	-00.0195	0001.722
-01.1138	-00.0192	0001.723
-01.1098	-00.0192	0001.724
-01.1058	-00.0189	0001.725
-01.1019	-00.0189	0001.726
-01.0979	-00.0186	0001.727
-01.0936	-00.0189	0001.728
-01.0906	-00.0189	0001.729
-01.0854	-00.0189	0001.730
-01.0820	-00.0186	0001.731
-01.0775	-00.0186	0001.732
-01.0741	-00.0189	0001.733
-01.0704	-00.0186	0001.734
-01.0656	-00.0189	0001.735
-01.0616	-00.0189	0001.736
-01.0573	-00.0186	0001.737
-01.0540	-00.0186	0001.738
-01.0497	-00.0189	0001.739
-01.0457	-00.0192	0001.740
-01.0415	-00.0186	0001.741
-01.0375	-00.0189	0001.742
-01.0338	-00.0186	0001.743
-01.0299	-00.0186	0001.744
-01.0259	-00.0183	0001.745
-01.0213	-00.0186	0001.746
-01.0180	-00.0189	0001.747
-01.0137	-00.0186	0001.748
-01.0100	-00.0183	0001.749
-01.0054	-00.0189	0001.750
-01.0018	-00.0180	0001.751
-00.9978	-00.0183	0001.752
-00.9938	-00.0186	0001.753
-00.9899	-00.0186	0001.754
-00.9859	-00.0183	0001.755
-00.9816	-00.0186	0001.756
-00.9780	-00.0189	0001.757
-00.9737	-00.0189	0001.758
-00.9697	-00.0180	0001.759
-00.9655	-00.0183	0001.760
-00.9618	-00.0183	0001.761
-00.9572	-00.0180	0001.762
-00.9536	-00.0180	0001.763
-00.9499	-00.0183	0001.764
-00.9456	-00.0186	0001.765
-00.9420	-00.0180	0001.766
-00.9380	-00.0180	0001.767
-00.9334	-00.0183	0001.768
-00.9298	-00.0183	0001.769
-00.9258	-00.0183	0001.770
-00.9215	-00.0180	0001.771
-00.9172	-00.0180	0001.772
-00.9133	-00.0177	0001.773
-00.9096	-00.0183	0001.774
-00.9056	-00.0180	0001.775
-00.9020	-00.0180	0001.776
-00.8974	-00.0177	0001.777
-00.8934	-00.0177	0001.778
-00.8892	-00.0180	0001.779
-00.8855	-00.0177	0001.780
-00.8815	-00.0180	0001.781
-00.8779	-00.0177	0001.782
-00.8733	-00.0177	0001.783
-00.8690	-00.0177	0001.784
-00.8660	-00.0177	0001.785
-00.8617	-00.0177	0001.786
-00.8577	-00.0183	0001.787
-00.8535	-00.0177	0001.788
-00.8495	-00.0174	0001.789
-00.8455	-00.0177	0001.790
-00.8419	-00.0177	0001.791
-00.8376	-00.0174	0001.792
-00.8336	-00.0174	0001.793
-00.8297	-00.0174	0001.794
-00.8257	-00.0174	0001.795
-00.8211	-00.0174	0001.796
-00.8175	-00.0174	0001.797
-00.8138	-00.0174	0001.798
-00.8089	-00.0177	0001.799
-00.8056	-00.0177	0001.800
-00.8016	-00.0174	0001.801
-00.7973	-00.0174	0001.802
-00.7936	-00.0174	0001.803
-00.7894	-00.0174	0001.804
-00.7854	-00.0174	0001.805
-00.7814	-00.0174	0001.806
-00.7778	-00.0171	0001.807
-00.7735	-00.0171	0001.808
-00.7695	-00.0167	0001.809
-00.7653	-00.0167	0001.810
-00.7613	-00.0174	0001.811
-00.7576	-00.0174	0001.812
-00.7540	-00.0167	0001.813
-00.7494	-00.0171	0001.814
-00.7454	-00.0171	0001.815
-00.7412	-00.0171	0001.816
-00.7372	-00.0171	0001.817
-00.7332	-00.0171	0001.818
-00.7293	-00.0174	0001.819
-00.7253	-00.0171	0001.820
-00.7213	-00.0167	0001.821
-00.7170	-00.0167	0001.822
-00.7137	-00.0167	0001.823
-00.7094	-00.0171	0001.824
-00.7051	-00.0167	0001.825
-00.7015	-00.0164	0001.826
-00.6972	-00.0171	0001.827
-00.6932	-00.0164	0001.828
-00.6899	-00.0167	0001.829
-00.6853	-00.0167	0001.830
-00.6810	-00.0167	0001.831
-00.6774	-00.0164	0001.832
-00.6731	-00.0164	0001.833
-00.6691	-00.0164	0001.834
-00.6649	-00.0167	0001.835
-00.6612	-00.0164	0001.836
-00.6569	-00.0167	0001.837
-00.6536	-00.0164	0001.838
-00.6493	-00.0164	0001.839
-00.6453	-00.0171	0001.840
-00.6411	-00.0171	0001.841
-00.6374	-00.0161	0001.842
-00.6331	-00.0167	0001.843
-00.6292	-00.0161	0001.844
-00.6252	-00.0161	0001.845
-00.6212	-00.0161	0001.846
-00.6173	-00.0158	0001.847
-00.6133	-00.0161	0001.848
-00.6096	-00.0161	0001.849
-00.6054	-00.0161	0001.850
-00.6011	-00.0158	0001.851
-00.5965	-00.0158	0001.852
-00.5928	-00.0164	0001.853
-00.5895	-00.0158	0001.854
-00.5855	-00.0161	0001.855
-00.5812	-00.0158	0001.856
-00.5770	-00.0161	0001.857
-00.5727	-00.0158	0001.858
-00.5693	-00.0155	0001.859
-00.5654	-00.0158	0001.860
-00.5611	-00.0155	0001.861
-00.5571	-00.0158	0001.862
-00.5535	-00.0155	0001.863
-00.5492	-00.0155	0001.864
-00.5449	-00.0155	0001.865
-00.5413	-00.0161	0001.866
-00.5373	-00.0158	0001.867
-00.5330	-00.0155	0001.868
-00.5291	-00.0155	0001.869
-00.5251	-00.0158	0001.870
-00.5208	-00.0158	0001.871
-00.5172	-00.0155	0001.872
-00.5132	-00.0155	0001.873
-00.5086	-00.0155	0001.874
-00.5046	-00.0152	0001.875
-00.5010	-00.0149	0001.876
-00.4970	-00.0155	0001.877
-00.4934	-00.0152	0001.878
-00.4894	-00.0155	0001.879
-00.4851	-00.0155	0001.880
-00.4805	-00.0152	0001.881
-00.4769	-00.0155	0001.882
-00.4732	-00.0152	0001.883
-00.4689	-00.0152	0001.884
-00.4653	-00.0155	0001.885
-00.4610	-00.0149	0001.886
-00.4573	-00.0149	0001.887
-00.4531	-00.0152	0001.888
-00.4488	-00.0152	0001.889
-00.4448	-00.0152	0001.890
-00.4415	-00.0155	0001.891
-00.4369	-00.0152	0001.892
-00.4329	-00.0155	0001.893
-00.4290	-00.0149	0001.894
-00.4247	-00.0149	0001.895
-00.4210	-00.0143	0001.896
-00.4171	-00.0149	0001.897
-00.4128	-00.0146	0001.898
-00.4091	-00.0149	0001.899
-00.4049	-00.0149	0001.900
-00.4006	-00.0146	0001.901
-00.3969	-00.0149	0001.902
-00.3930	-00.0146	0001.903
-00.3893	-00.0143	0001.904
-00.3847	-00.0149	0001.905
-00.3807	-00.0143	0001.906
-00.3771	-00.0143	0001.907
-00.3725	-00.0146	0001.908
-00.3688	-00.0149	0001.909
-00.3646	-00.0146	0001.910
-00.3609	-00.0143	0001.911
-00.3569	-00.0146	0001.912
-00.3527	-00.0143	0001.913
-00.3487	-00.0140	0001.914
-00.3450	-00.0143	0001.915
-00.3408	-00.0146	0001.916
-00.3368	-00.0143	0001.917
-00.3328	-00.0137	0001.918
-00.3289	-00.0143	0001.919
-00.3243	-00.0140	0001.920
-00.3209	-00.0140	0001.921
-00.3170	-00.0140	0001.922
-00.3127	-00.0143	0001.923
-00.3090	-00.0143	0001.924
-00.3051	-00.0137	0001.925
-00.3011	-00.0140	0001.926
-00.2965	-00.0137	0001.927
-00.2922	-00.0140	0001.928
-00.2883	-00.0140	0001.929
-00.2846	-00.0134	0001.930
-00.2810	-00.0134	0001.931
-00.2764	-00.0143	0001.932
-00.2727	-00.0131	0001.933
-00.2687	-00.0137	0001.934
-00.2651	-00.0137	0001.935
-00.2602	-00.0137	0001.936
-00.2565	-00.0137	0001.937
-00.2529	-00.0137	0001.938
-00.2483	-00.0137	0001.939
-00.2449	-00.0134	0001.940
-00.2407	-00.0134	0001.941
-00.2370	-00.0137	0001.942
-00.2333	-00.0131	0001.943
-00.2291	-00.0134	0001.944
-00.2245	-00.0134	0001.945
-00.2205	-00.0134	0001.946
-00.2163	-00.0134	0001.947
-00.2123	-00.0134	0001.948
-00.2089	-00.0131	0001.949
-00.2047	-00.0131	0001.950
-00.2004	-00.0131	0001.951
-00.1967	-00.0128	0001.952
-00.1931	-00.0134	0001.953
-00.1891	-00.0134	0001.954
-00.1845	-00.0137	0001.955
-00.1809	-00.0131	0001.956
-00.1766	-00.0125	0001.957
-00.1723	-00.0128	0001.958
-00.1686	-00.0128	0001.959
-00.1647	-00.0125	0001.960
-00.1607	-00.0128	0001.961
-00.1567	-00.0119	0001.962
-00.1528	-00.0128	0001.963
-00.1485	-00.0128	0001.964
-00.1442	-00.0128	0001.965
-00.1409	-00.0128	0001.966
-00.1366	-00.0122	0001.967
-00.1323	-00.0128	0001.968
-00.1287	-00.0125	0001.969
-00.1244	-00.0128	0001.970
-00.1204	-00.0128	0001.971
-00.1168	-00.0128	0001.972
-00.1128	-00.0125	0001.973
-00.1082	-00.0125	0001.974
-00.1043	-00.0122	0001.975
-00.1009	-00.0125	0001.976
-00.0966	-00.0122	0001.977
-00.0927	-00.0122	0001.978
-00.0884	-00.0119	0001.979
-00.0844	-00.0122	0001.980
-00.0805	-00.0122	0001.981
-00.0771	-00.0122	0001.982
-00.0722	-00.0122	0001.983
-00.0686	-00.0125	0001.984
-00.0643	-00.0125	0001.985
-00.0606	-00.0119	0001.986
-00.0563	-00.0125	0001.987
-00.0521	-00.0119	0001.988
-00.0484	-00.0116	0001.989
-00.0444	-00.0119	0001.990
-00.0402	-00.0119	0001.991
-00.0365	-00.0119	0001.992
-00.0322	-00.0116	0001.993
-00.0286	-00.0119	0001.994
-00.0243	-00.0116	0001.995
-00.0203	-00.0119	0001.996
-00.0164	-00.0116	0001.997
-00.0130	-00.0116	0001.998
-00.0087	-00.0116	0001.999
