R,Ohm	C,pF	Temp,C
0000000000	0000100000	+025.00
Ch1,V	Ch2,V	Time,s
-00.0005	-00.0003	0000.000
-00.0002	-00.0006	0000.001
-00.0164	-00.0009	0000.002
-00.0319	-00.0009	0000.003
-00.0481	-00.0009	0000.004
-00.0640	-00.0009	0000.005
-00.0801	-00.0009	0000.006
-00.0960	-00.0009	0000.007
-00.1119	-00.0006	0000.008
-00.1284	-00.0012	0000.009
-00.1445	-00.0012	0000.010
-00.1601	-00.0015	0000.011
-00.1757	-00.0012	0000.012
-00.1928	-00.0015	0000.013
-00.2086	-00.0015	0000.014
-00.2242	-00.0018	0000.015
-00.2401	-00.0015	0000.016
-00.2562	-00.0015	0000.017
-00.2724	-00.0015	0000.018
-00.2886	-00.0018	0000.019
-00.3048	-00.0018	0000.020
-00.3206	-00.0021	0000.021
-00.3365	-00.0021	0000.022
-00.3530	-00.0024	0000.023
-00.3682	-00.0024	0000.024
-00.3847	-00.0027	0000.025
-00.4006	-00.0024	0000.026
-00.4171	-00.0027	0000.027
-00.4326	-00.0027	0000.028
-00.4488	-00.0027	0000.029
-00.4647	-00.0027	0000.030
-00.4808	-00.0027	0000.031
-00.4970	-00.0033	0000.032
-00.5126	-00.0027	0000.033
-00.5288	-00.0030	0000.034
-00.5446	-00.0030	0000.035
-00.5608	-00.0030	0000.036
-00.5767	-00.0033	0000.037
-00.5925	-00.0033	0000.038
-00.6090	-00.0030	0000.039
-00.6252	-00.0036	0000.040
-00.6408	-00.0039	0000.041
-00.6566	-00.0036	0000.042
-00.6731	-00.0036	0000.043
-00.6890	-00.0039	0000.044
-00.7048	-00.0042	0000.045
-00.7210	-00.0039	0000.046
-00.7372	-00.0039	0000.047
-00.7531	-00.0042	0000.048
-00.7692	-00.0045	0000.049
-00.7854	-00.0042	0000.050
-00.8016	-00.0048	0000.051
-00.8171	-00.0045	0000.052
-00.8333	-00.0052	0000.053
-00.8492	-00.0048	0000.054
-00.8654	-00.0052	0000.055
-00.8812	-00.0052	0000.056
-00.8974	-00.0052	0000.057
-00.9133	-00.0052	0000.058
-00.9295	-00.0048	0000.059
-00.9450	-00.0055	0000.060
-00.9612	-00.0058	0000.061
-00.9780	-00.0055	0000.062
-00.9935	-00.0058	0000.063
-01.0091	-00.0061	0000.064
-01.0259	-00.0061	0000.065
-01.0418	-00.0058	0000.066
-01.0573	-00.0061	0000.067
-01.0735	-00.0058	0000.068
-01.0897	-00.0061	0000.069
-01.1055	-00.0061	0000.070
-01.1214	-00.0067	0000.071
-01.1379	-00.0064	0000.072
-01.1535	-00.0070	0000.073
-01.1696	-00.0064	0000.074
-01.1855	-00.0064	0000.075
-01.2023	-00.0067	0000.076
-01.2181	-00.0070	0000.077
-01.2334	-00.0070	0000.078
-01.2499	-00.0073	0000.079
-01.2661	-00.0073	0000.080
-01.2825	-00.0073	0000.081
-01.2981	-00.0079	0000.082
-01.3137	-00.0073	0000.083
-01.3305	-00.0070	0000.084
-01.3463	-00.0076	0000.085
-01.3619	-00.0076	0000.086
-01.3781	-00.0079	0000.087
-01.3942	-00.0082	0000.088
-01.4104	-00.0082	0000.089
-01.4263	-00.0079	0000.090
-01.4418	-00.0082	0000.091
-01.4583	-00.0082	0000.092
-01.4742	-00.0085	0000.093
-01.4901	-00.0085	0000.094
-01.5059	-00.0088	0000.095
-01.5224	-00.0088	0000.096
-01.5383	-00.0088	0000.097
-01.5545	-00.0085	0000.098
-01.5703	-00.0091	0000.099
-01.5865	-00.0091	0000.100
-01.6021	-00.0091	0000.101
-01.6182	-00.0094	0000.102
-01.6344	-00.0091	0000.103
-01.6509	-00.0094	0000.104
-01.6665	-00.0097	0000.105
-01.6823	-00.0100	0000.106
-01.6988	-00.0097	0000.107
-01.7147	-00.0097	0000.108
-01.7308	-00.0100	0000.109
-01.7467	-00.0097	0000.110
-01.7623	-00.0103	0000.111
-01.7785	-00.0103	0000.112
-01.7946	-00.0106	0000.113
-01.8108	-00.0103	0000.114
-01.8264	-00.0109	0000.115
-01.8425	-00.0103	0000.116
-01.8587	-00.0109	0000.117
-01.8746	-00.0106	0000.118
-01.8911	-00.0106	0000.119
-01.9066	-00.0109	0000.120
-01.9231	-00.0116	0000.121
-01.9390	-00.0109	0000.122
-01.9558	-00.0113	0000.123
-01.9710	-00.0109	0000.124
-01.9878	-00.0116	0000.125
-02.0031	-00.0116	0000.126
-02.0186	-00.0116	0000.127
-02.0351	-00.0119	0000.128
-02.0504	-00.0119	0000.129
-02.0671	-00.0119	0000.130
-02.0827	-00.0122	0000.131
-02.0995	-00.0122	0000.132
-02.1151	-00.0125	0000.133
-02.1309	-00.0125	0000.134
-02.1468	-00.0125	0000.135
-02.1630	-00.0125	0000.136
-02.1801	-00.0128	0000.137
-02.1956	-00.0131	0000.138
-02.2118	-00.0134	0000.139
-02.2271	-00.0125	0000.140
-02.2432	-00.0134	0000.141
-02.2591	-00.0131	0000.142
-02.2756	-00.0131	0000.143
-02.2915	-00.0131	0000.144
-02.3079	-00.0134	0000.145
-02.3244	-00.0137	0000.146
-02.3397	-00.0134	0000.147
-02.3549	-00.0137	0000.148
-02.3720	-00.0140	0000.149
-02.3873	-00.0140	0000.150
-02.4038	-00.0143	0000.151
-02.4199	-00.0140	0000.152
-02.4355	-00.0143	0000.153
-02.4520	-00.0143	0000.154
-02.4675	-00.0143	0000.155
-02.4840	-00.0143	0000.156
-02.4993	-00.0146	0000.157
-02.5161	-00.0149	0000.158
-02.5319	-00.0143	0000.159
-02.5481	-00.0143	0000.160
-02.5634	-00.0152	0000.161
-02.5795	-00.0152	0000.162
-02.5960	-00.0152	0000.163
-02.6122	-00.0149	0000.164
-02.6278	-00.0155	0000.165
-02.6439	-00.0152	0000.166
-02.6601	-00.0158	0000.167
-02.6757	-00.0155	0000.168
-02.6921	-00.0155	0000.169
-02.7074	-00.0158	0000.170
-02.7236	-00.0158	0000.171
-02.7401	-00.0161	0000.172
-02.7556	-00.0161	0000.173
-02.7721	-00.0158	0000.174
-02.7877	-00.0164	0000.175
-02.8038	-00.0164	0000.176
-02.8203	-00.0161	0000.177
-02.8365	-00.0164	0000.178
-02.8524	-00.0164	0000.179
-02.8682	-00.0171	0000.180
-02.8847	-00.0167	0000.181
-02.9003	-00.0167	0000.182
-02.9158	-00.0171	0000.183
-02.9320	-00.0171	0000.184
-02.9479	-00.0171	0000.185
-02.9644	-00.0177	0000.186
-02.9802	-00.0174	0000.187
-02.9964	-00.0174	0000.188
-03.0120	-00.0174	0000.189
-03.0285	-00.0177	0000.190
-03.0446	-00.0180	0000.191
-03.0608	-00.0177	0000.192
-03.0764	-00.0183	0000.193
-03.0925	-00.0180	0000.194
-03.1093	-00.0180	0000.195
-03.1246	-00.0186	0000.196
-03.1398	-00.0189	0000.197
-03.1566	-00.0183	0000.198
-03.1728	-00.0192	0000.199
-03.1887	-00.0186	0000.200
-03.2042	-00.0189	0000.201
-03.2204	-00.0189	0000.202
-03.2372	-00.0186	0000.203
-03.2524	-00.0195	0000.204
-03.2683	-00.0192	0000.205
-03.2851	-00.0192	0000.206
-03.3007	-00.0195	0000.207
-03.3168	-00.0195	0000.208
-03.3330	-00.0195	0000.209
-03.3489	-00.0192	0000.210
-03.3651	-00.0201	0000.211
-03.3809	-00.0201	0000.212
-03.3971	-00.0198	0000.213
-03.4130	-00.0201	0000.214
-03.4288	-00.0204	0000.215
-03.4453	-00.0204	0000.216
-03.4606	-00.0198	0000.217
-03.4771	-00.0204	0000.218
-03.4935	-00.0204	0000.219
-03.5094	-00.0204	0000.220
-03.5250	-00.0207	0000.221
-03.5418	-00.0207	0000.222
-03.5570	-00.0207	0000.223
-03.5738	-00.0210	0000.224
-03.5894	-00.0210	0000.225
-03.6055	-00.0204	0000.226
-03.6211	-00.0210	0000.227
-03.6373	-00.0213	0000.228
-03.6531	-00.0216	0000.229
-03.6696	-00.0216	0000.230
-03.6861	-00.0216	0000.231
-03.7017	-00.0216	0000.232
-03.7175	-00.0216	0000.233
-03.7337	-00.0219	0000.234
-03.7496	-00.0222	0000.235
-03.7658	-00.0219	0000.236
-03.7816	-00.0222	0000.237
-03.7978	-00.0222	0000.238
-03.8137	-00.0222	0000.239
-03.8301	-00.0229	0000.240
-03.8460	-00.0229	0000.241
-03.8619	-00.0222	0000.242
-03.8771	-00.0229	0000.243
-03.8945	-00.0229	0000.244
-03.9098	-00.0229	0000.245
-03.9257	-00.0232	0000.246
-03.9412	-00.0235	0000.247
-03.9583	-00.0235	0000.248
-03.9739	-00.0232	0000.249
-03.9894	-00.0235	0000.250
-04.0059	-00.0238	0000.251
-03.9907	-00.0235	0000.252
-03.9742	-00.0238	0000.253
-03.9574	-00.0238	0000.254
-03.9418	-00.0235	0000.255
-03.9260	-00.0232	0000.256
-03.9095	-00.0235	0000.257
-03.8942	-00.0238	0000.258
-03.8781	-00.0238	0000.259
-03.8619	-00.0235	0000.260
-03.8463	-00.0232	0000.261
-03.8301	-00.0238	0000.262
-03.8140	-00.0232	0000.263
-03.7978	-00.0235	0000.264
-03.7825	-00.0235	0000.265
-03.7661	-00.0232	0000.266
-03.7493	-00.0229	0000.267
-03.7334	-00.0232	0000.268
-03.7178	-00.0232	0000.269
-03.7014	-00.0225	0000.270
-03.6864	-00.0229	0000.271
-03.6705	-00.0232	0000.272
-03.6531	-00.0235	0000.273
-03.6376	-00.0229	0000.274
-03.6208	-00.0232	0000.275
-03.6052	-00.0225	0000.276
-03.5897	-00.0225	0000.277
-03.5735	-00.0225	0000.278
-03.5576	-00.0229	0000.279
-03.5421	-00.0225	0000.280
-03.5256	-00.0229	0000.281
-03.5094	-00.0229	0000.282
-03.4932	-00.0222	0000.283
-03.4780	-00.0229	0000.284
-03.4621	-00.0225	0000.285
-03.4456	-00.0225	0000.286
-03.4291	-00.0222	0000.287
-03.4136	-00.0225	0000.288
-03.3977	-00.0225	0000.289
-03.3812	-00.0225	0000.290
-03.3651	-00.0225	0000.291
-03.3489	-00.0219	0000.292
-03.3333	-00.0219	0000.293
-03.3165	-00.0216	0000.294
-03.3010	-00.0219	0000.295
-03.2848	-00.0216	0000.296
-03.2686	-00.0219	0000.297
-03.2534	-00.0219	0000.298
-03.2372	-00.0222	0000.299
-03.2213	-00.0219	0000.300
-03.2045	-00.0219	0000.301
-03.1890	-00.0213	0000.302
-03.1731	-00.0216	0000.303
-03.1572	-00.0216	0000.304
-03.1408	-00.0216	0000.305
-03.1246	-00.0210	0000.306
-03.1084	-00.0213	0000.307
-03.0935	-00.0216	0000.308
-03.0767	-00.0210	0000.309
-03.0608	-00.0210	0000.310
-03.0449	-00.0213	0000.311
-03.0288	-00.0213	0000.312
-03.0135	-00.0213	0000.313
-02.9967	-00.0213	0000.314
-02.9815	-00.0210	0000.315
-02.9650	-00.0210	0000.316
-02.9491	-00.0210	0000.317
-02.9323	-00.0213	0000.318
-02.9174	-00.0207	0000.319
-02.9006	-00.0210	0000.320
-02.8847	-00.0210	0000.321
-02.8688	-00.0204	0000.322
-02.8527	-00.0204	0000.323
-02.8365	-00.0210	0000.324
-02.8209	-00.0210	0000.325
-02.8041	-00.0204	0000.326
-02.7886	-00.0204	0000.327
-02.7730	-00.0204	0000.328
-02.7562	-00.0207	0000.329
-02.7401	-00.0201	0000.330
-02.7242	-00.0204	0000.331
-02.7080	-00.0201	0000.332
-02.6918	-00.0201	0000.333
-02.6763	-00.0201	0000.334
-02.6604	-00.0198	0000.335
-02.6445	-00.0201	0000.336
-02.6281	-00.0198	0000.337
-02.6125	-00.0198	0000.338
-02.5963	-00.0198	0000.339
-02.5798	-00.0195	0000.340
-02.5643	-00.0198	0000.341
-02.5481	-00.0198	0000.342
-02.5322	-00.0195	0000.343
-02.5155	-00.0195	0000.344
-02.4999	-00.0192	0000.345
-02.4840	-00.0195	0000.346
-02.4685	-00.0192	0000.347
-02.4523	-00.0195	0000.348
-02.4364	-00.0192	0000.349
-02.4202	-00.0192	0000.350
-02.4041	-00.0186	0000.351
-02.3882	-00.0189	0000.352
-02.3723	-00.0192	0000.353
-02.3555	-00.0189	0000.354
-02.3403	-00.0192	0000.355
-02.3244	-00.0186	0000.356
-02.3076	-00.0186	0000.357
-02.2915	-00.0189	0000.358
-02.2756	-00.0189	0000.359
-02.2600	-00.0189	0000.360
-02.2438	-00.0186	0000.361
-02.2277	-00.0186	0000.362
-02.2115	-00.0189	0000.363
-02.1959	-00.0177	0000.364
-02.1795	-00.0183	0000.365
-02.1639	-00.0183	0000.366
-02.1480	-00.0183	0000.367
-02.1309	-00.0180	0000.368
-02.1154	-00.0174	0000.369
-02.0998	-00.0183	0000.370
-02.0833	-00.0180	0000.371
-02.0678	-00.0180	0000.372
-02.0513	-00.0174	0000.373
-02.0351	-00.0177	0000.374
-02.0195	-00.0174	0000.375
-02.0034	-00.0177	0000.376
-01.9878	-00.0177	0000.377
-01.9710	-00.0174	0000.378
-01.9551	-00.0174	0000.379
-01.9396	-00.0174	0000.380
-01.9231	-00.0174	0000.381
-01.9066	-00.0171	0000.382
-01.8914	-00.0171	0000.383
-01.8755	-00.0171	0000.384
-01.8587	-00.0167	0000.385
-01.8431	-00.0167	0000.386
-01.8270	-00.0167	0000.387
-01.8111	-00.0167	0000.388
-01.7949	-00.0171	0000.389
-01.7791	-00.0167	0000.390
-01.7629	-00.0164	0000.391
-01.7470	-00.0161	0000.392
-01.7311	-00.0167	0000.393
-01.7153	-00.0167	0000.394
-01.6991	-00.0161	0000.395
-01.6823	-00.0161	0000.396
-01.6671	-00.0171	0000.397
-01.6506	-00.0164	0000.398
-01.6344	-00.0155	0000.399
-01.6188	-00.0155	0000.400
-01.6027	-00.0158	0000.401
-01.5868	-00.0155	0000.402
-01.5700	-00.0158	0000.403
-01.5545	-00.0155	0000.404
-01.5386	-00.0161	0000.405
-01.5227	-00.0155	0000.406
-01.5071	-00.0152	0000.407
-01.4907	-00.0155	0000.408
-01.4751	-00.0152	0000.409
-01.4583	-00.0155	0000.410
-01.4428	-00.0149	0000.411
-01.4260	-00.0155	0000.412
-01.4104	-00.0149	0000.413
-01.3945	-00.0146	0000.414
-01.3778	-00.0149	0000.415
-01.3625	-00.0146	0000.416
-01.3463	-00.0146	0000.417
-01.3301	-00.0146	0000.418
-01.3146	-00.0146	0000.419
-01.2984	-00.0140	0000.420
-01.2825	-00.0143	0000.421
-01.2661	-00.0140	0000.422
-01.2502	-00.0140	0000.423
-01.2337	-00.0143	0000.424
-01.2178	-00.0137	0000.425
-01.2023	-00.0137	0000.426
-01.1861	-00.0137	0000.427
-01.1702	-00.0134	0000.428
-01.1541	-00.0134	0000.429
-01.1379	-00.0134	0000.430
-01.1217	-00.0137	0000.431
-01.1058	-00.0137	0000.432
-01.0900	-00.0131	0000.433
-01.0741	-00.0128	0000.434
-01.0579	-00.0131	0000.435
-01.0418	-00.0131	0000.436
-01.0259	-00.0128	0000.437
-01.0091	-00.0125	0000.438
-00.9941	-00.0128	0000.439
-00.9777	-00.0125	0000.440
-00.9615	-00.0122	0000.441
-00.9459	-00.0119	0000.442
-00.9298	-00.0122	0000.443
-00.9133	-00.0122	0000.444
-00.8977	-00.0122	0000.445
-00.8812	-00.0122	0000.446
-00.8657	-00.0122	0000.447
-00.8498	-00.0122	0000.448
-00.8336	-00.0119	0000.449
-00.8175	-00.0116	0000.450
-00.8016	-00.0116	0000.451
-00.7851	-00.0116	0000.452
-00.7695	-00.0116	0000.453
-00.7537	-00.0116	0000.454
-00.7369	-00.0113	0000.455
-00.7216	-00.0109	0000.456
-00.7051	-00.0109	0000.457
-00.6890	-00.0103	0000.458
-00.6734	-00.0109	0000.459
-00.6575	-00.0109	0000.460
-00.6411	-00.0106	0000.461
-00.6255	-00.0106	0000.462
-00.6096	-00.0100	0000.463
-00.5931	-00.0103	0000.464
-00.5773	-00.0103	0000.465
-00.5608	-00.0097	0000.466
-00.5449	-00.0094	0000.467
-00.5294	-00.0097	0000.468
-00.5126	-00.0091	0000.469
-00.4976	-00.0094	0000.470
-00.4811	-00.0094	0000.471
-00.4650	-00.0094	0000.472
-00.4491	-00.0088	0000.473
-00.4329	-00.0091	0000.474
-00.4168	-00.0085	0000.475
-00.4012	-00.0091	0000.476
-00.3847	-00.0085	0000.477
-00.3685	-00.0088	0000.478
-00.3530	-00.0082	0000.479
-00.3371	-00.0085	0000.480
-00.3209	-00.0082	0000.481
-00.3051	-00.0079	0000.482
-00.2886	-00.0076	0000.483
-00.2724	-00.0076	0000.484
-00.2565	-00.0073	0000.485
-00.2413	-00.0076	0000.486
-00.2248	-00.0070	0000.487
-00.2089	-00.0070	0000.488
-00.1931	-00.0067	0000.489
-00.1766	-00.0067	0000.490
-00.1607	-00.0067	0000.491
-00.1442	-00.0067	0000.492
-00.1284	-00.0073	0000.493
-00.1125	-00.0067	0000.494
-00.0966	-00.0064	0000.495
-00.0801	-00.0061	0000.496
-00.0643	-00.0064	0000.497
-00.0484	-00.0058	0000.498
-00.0319	-00.0058	0000.499
