R,Ohm	C,pF	Temp,C
0000000000	0000100000	+025.00
Ch1,V	Ch2,V	Time,s
+00.0001	-00.0003	0000.000
-00.0002	-00.0006	0000.001
-00.0264	-00.0012	0000.002
-00.0536	-00.0006	0000.003
-00.0805	-00.0009	0000.004
-00.1067	-00.0012	0000.005
-00.1332	-00.0015	0000.006
-00.1601	-00.0009	0000.007
-00.1867	-00.0021	0000.008
-00.2135	-00.0018	0000.009
-00.2407	-00.0015	0000.010
-00.2669	-00.0021	0000.011
-00.2941	-00.0018	0000.012
-00.3206	-00.0024	0000.013
-00.3472	-00.0018	0000.014
-00.3743	-00.0021	0000.015
-00.4006	-00.0027	0000.016
-00.4271	-00.0024	0000.017
-00.4540	-00.0027	0000.018
-00.4802	-00.0027	0000.019
-00.5074	-00.0027	0000.020
-00.5346	-00.0030	0000.021
-00.5605	-00.0033	0000.022
-00.5877	-00.0033	0000.023
-00.6142	-00.0036	0000.024
-00.6411	-00.0039	0000.025
-00.6676	-00.0039	0000.026
-00.6942	-00.0039	0000.027
-00.7210	-00.0042	0000.028
-00.7482	-00.0045	0000.029
-00.7744	-00.0042	0000.030
-00.8010	-00.0042	0000.031
-00.8278	-00.0052	0000.032
-00.8544	-00.0048	0000.033
-00.8809	-00.0052	0000.034
-00.9078	-00.0052	0000.035
-00.9346	-00.0055	0000.036
-00.9615	-00.0055	0000.037
-00.9884	-00.0058	0000.038
-01.0149	-00.0058	0000.039
-01.0415	-00.0061	0000.040
-01.0680	-00.0064	0000.041
-01.0949	-00.0061	0000.042
-01.1214	-00.0067	0000.043
-01.1483	-00.0067	0000.044
-01.1754	-00.0070	0000.045
-01.2017	-00.0070	0000.046
-01.2288	-00.0073	0000.047
-01.2551	-00.0076	0000.048
-01.2819	-00.0073	0000.049
-01.3088	-00.0079	0000.050
-01.3353	-00.0073	0000.051
-01.3625	-00.0082	0000.052
-01.3887	-00.0079	0000.053
-01.4156	-00.0085	0000.054
-01.4418	-00.0085	0000.055
-01.4690	-00.0085	0000.056
-01.4959	-00.0088	0000.057
-01.5224	-00.0085	0000.058
-01.5487	-00.0094	0000.059
-01.5761	-00.0094	0000.060
-01.6024	-00.0091	0000.061
-01.6292	-00.0097	0000.062
-01.6561	-00.0097	0000.063
-01.6820	-00.0094	0000.064
-01.7095	-00.0103	0000.065
-01.7357	-00.0103	0000.066
-01.7629	-00.0103	0000.067
-01.7894	-00.0113	0000.068
-01.8160	-00.0106	0000.069
-01.8428	-00.0106	0000.070
-01.8694	-00.0109	0000.071
-01.8959	-00.0113	0000.072
-01.9231	-00.0113	0000.073
-01.9500	-00.0113	0000.074
-01.9762	-00.0116	0000.075
-02.0028	-00.0122	0000.076
-02.0299	-00.0119	0000.077
-02.0565	-00.0119	0000.078
-02.0830	-00.0122	0000.079
-02.1096	-00.0125	0000.080
-02.1367	-00.0122	0000.081
-02.1633	-00.0128	0000.082
-02.1898	-00.0128	0000.083
-02.2164	-00.0128	0000.084
-02.2435	-00.0134	0000.085
-02.2698	-00.0134	0000.086
-02.2966	-00.0137	0000.087
-02.3232	-00.0137	0000.088
-02.3497	-00.0137	0000.089
-02.3772	-00.0137	0000.090
-02.4038	-00.0143	0000.091
-02.4300	-00.0146	0000.092
-02.4569	-00.0146	0000.093
-02.4837	-00.0149	0000.094
-02.5103	-00.0152	0000.095
-02.5377	-00.0149	0000.096
-02.5643	-00.0149	0000.097
-02.5908	-00.0152	0000.098
-02.6171	-00.0155	0000.099
-02.6439	-00.0158	0000.100
-02.6705	-00.0161	0000.101
-02.6976	-00.0158	0000.102
-02.7242	-00.0161	0000.103
-02.7510	-00.0161	0000.104
-02.7776	-00.0167	0000.105
-02.8038	-00.0161	0000.106
-02.8304	-00.0164	0000.107
-02.8572	-00.0164	0000.108
-02.8844	-00.0174	0000.109
-02.9119	-00.0171	0000.110
-02.9378	-00.0171	0000.111
-02.9647	-00.0177	0000.112
-02.9909	-00.0177	0000.113
-03.0178	-00.0183	0000.114
-03.0446	-00.0180	0000.115
-03.0709	-00.0180	0000.116
-03.0977	-00.0183	0000.117
-03.1243	-00.0183	0000.118
-03.1514	-00.0186	0000.119
-03.1780	-00.0189	0000.120
-03.2042	-00.0189	0000.121
-03.2314	-00.0192	0000.122
-03.2582	-00.0195	0000.123
-03.2848	-00.0195	0000.124
-03.3117	-00.0195	0000.125
-03.3376	-00.0195	0000.126
-03.3644	-00.0201	0000.127
-03.3916	-00.0198	0000.128
-03.4185	-00.0204	0000.129
-03.4453	-00.0201	0000.130
-03.4725	-00.0207	0000.131
-03.4981	-00.0207	0000.132
-03.5247	-00.0207	0000.133
-03.5518	-00.0210	0000.134
-03.5781	-00.0210	0000.135
-03.6055	-00.0213	0000.136
-03.6318	-00.0213	0000.137
-03.6583	-00.0213	0000.138
-03.6855	-00.0222	0000.139
-03.7123	-00.0219	0000.140
-03.7389	-00.0219	0000.141
-03.7655	-00.0219	0000.142
-03.7920	-00.0232	0000.143
-03.8186	-00.0219	0000.144
-03.8457	-00.0225	0000.145
-03.8723	-00.0229	0000.146
-03.8997	-00.0232	0000.147
-03.9260	-00.0232	0000.148
-03.9537	-00.0232	0000.149
-03.9791	-00.0235	0000.150
-04.0056	-00.0238	0000.151
-03.9791	-00.0238	0000.152
-03.9525	-00.0235	0000.153
-03.9269	-00.0238	0000.154
-03.9000	-00.0238	0000.155
-03.8729	-00.0235	0000.156
-03.8457	-00.0235	0000.157
-03.8192	-00.0235	0000.158
-03.7932	-00.0235	0000.159
-03.7651	-00.0235	0000.160
-03.7401	-00.0235	0000.161
-03.7127	-00.0235	0000.162
-03.6855	-00.0232	0000.163
-03.6589	-00.0235	0000.164
-03.6330	-00.0232	0000.165
-03.6055	-00.0235	0000.166
-03.5781	-00.0229	0000.167
-03.5527	-00.0232	0000.168
-03.5253	-00.0229	0000.169
-03.4984	-00.0229	0000.170
-03.4722	-00.0222	0000.171
-03.4459	-00.0229	0000.172
-03.4191	-00.0225	0000.173
-03.3922	-00.0222	0000.174
-03.3648	-00.0225	0000.175
-03.3385	-00.0222	0000.176
-03.3123	-00.0225	0000.177
-03.2848	-00.0216	0000.178
-03.2582	-00.0222	0000.179
-03.2323	-00.0213	0000.180
-03.2045	-00.0222	0000.181
-03.1783	-00.0216	0000.182
-03.1514	-00.0219	0000.183
-03.1246	-00.0213	0000.184
-03.0983	-00.0216	0000.185
-03.0721	-00.0213	0000.186
-03.0452	-00.0216	0000.187
-03.0181	-00.0213	0000.188
-02.9912	-00.0213	0000.189
-02.9653	-00.0210	0000.190
-02.9381	-00.0210	0000.191
-02.9110	-00.0213	0000.192
-02.8847	-00.0213	0000.193
-02.8576	-00.0210	0000.194
-02.8313	-00.0204	0000.195
-02.8041	-00.0207	0000.196
-02.7779	-00.0204	0000.197
-02.7514	-00.0204	0000.198
-02.7242	-00.0207	0000.199
-02.6976	-00.0204	0000.200
-02.6708	-00.0201	0000.201
-02.6442	-00.0198	0000.202
-02.6171	-00.0198	0000.203
-02.5908	-00.0198	0000.204
-02.5646	-00.0198	0000.205
-02.5374	-00.0195	0000.206
-02.5106	-00.0201	0000.207
-02.4840	-00.0195	0000.208
-02.4569	-00.0195	0000.209
-02.4309	-00.0195	0000.210
-02.4038	-00.0192	0000.211
-02.3772	-00.0186	0000.212
-02.3504	-00.0189	0000.213
-02.3238	-00.0192	0000.214
-02.2972	-00.0192	0000.215
-02.2707	-00.0186	0000.216
-02.2435	-00.0189	0000.217
-02.2164	-00.0186	0000.218
-02.1898	-00.0183	0000.219
-02.1630	-00.0186	0000.220
-02.1373	-00.0183	0000.221
-02.1102	-00.0183	0000.222
-02.0830	-00.0183	0000.223
-02.0568	-00.0177	0000.224
-02.0302	-00.0177	0000.225
-02.0037	-00.0174	0000.226
-01.9765	-00.0174	0000.227
-01.9500	-00.0174	0000.228
-01.9228	-00.0174	0000.229
-01.8966	-00.0167	0000.230
-01.8697	-00.0171	0000.231
-01.8428	-00.0174	0000.232
-01.8163	-00.0164	0000.233
-01.7897	-00.0171	0000.234
-01.7629	-00.0171	0000.235
-01.7366	-00.0167	0000.236
-01.7098	-00.0161	0000.237
-01.6829	-00.0161	0000.238
-01.6561	-00.0158	0000.239
-01.6289	-00.0161	0000.240
-01.6030	-00.0161	0000.241
-01.5761	-00.0158	0000.242
-01.5493	-00.0155	0000.243
-01.5224	-00.0155	0000.244
-01.4959	-00.0152	0000.245
-01.4687	-00.0155	0000.246
-01.4425	-00.0152	0000.247
-01.4153	-00.0149	0000.248
-01.3887	-00.0149	0000.249
-01.3625	-00.0146	0000.250
-01.3356	-00.0149	0000.251
-01.3088	-00.0146	0000.252
-01.2822	-00.0140	0000.253
-01.2557	-00.0143	0000.254
-01.2288	-00.0146	0000.255
-01.2023	-00.0143	0000.256
-01.1751	-00.0137	0000.257
-01.1486	-00.0137	0000.258
-01.1211	-00.0134	0000.259
-01.0952	-00.0131	0000.260
-01.0683	-00.0131	0000.261
-01.0418	-00.0131	0000.262
-01.0152	-00.0131	0000.263
-00.9887	-00.0128	0000.264
-00.9615	-00.0125	0000.265
-00.9353	-00.0125	0000.266
-00.9084	-00.0122	0000.267
-00.8815	-00.0122	0000.268
-00.8553	-00.0119	0000.269
-00.8281	-00.0119	0000.270
-00.8013	-00.0116	0000.271
-00.7750	-00.0113	0000.272
-00.7479	-00.0106	0000.273
-00.7213	-00.0109	0000.274
-00.6945	-00.0109	0000.275
-00.6676	-00.0103	0000.276
-00.6414	-00.0106	0000.277
-00.6142	-00.0106	0000.278
-00.5877	-00.0103	0000.279
-00.5611	-00.0097	0000.280
-00.5346	-00.0100	0000.281
-00.5074	-00.0100	0000.282
-00.4805	-00.0094	0000.283
-00.4546	-00.0088	0000.284
-00.4277	-00.0091	0000.285
-00.4009	-00.0085	0000.286
-00.3746	-00.0085	0000.287
-00.3472	-00.0085	0000.288
-00.3206	-00.0082	0000.289
-00.2941	-00.0079	0000.290
-00.2675	-00.0082	0000.291
-00.2404	-00.0076	0000.292
-00.2144	-00.0073	0000.293
-00.1870	-00.0073	0000.294
-00.1607	-00.0070	0000.295
-00.1339	-00.0067	0000.296
-00.1073	-00.0064	0000.297
-00.0801	-00.0061	0000.298
-00.0539	-00.0064	0000.299
