R,Ohm	C,pF	Temp,C
0000000000	0000100000	+025.00
Ch1,V	Ch2,V	Time,s
-00.0002	-00.0009	0000.000
-00.0005	-00.0009	0000.001
-00.0039	-00.0009	0000.002
-00.0081	-00.0003	0000.003
-00.0124	-00.0006	0000.004
-00.0158	-00.0006	0000.005
-00.0200	-00.0006	0000.006
-00.0240	-00.0012	0000.007
-00.0283	-00.0006	0000.008
-00.0316	-00.0009	0000.009
-00.0356	-00.0009	0000.010
-00.0405	-00.0009	0000.011
-00.0441	-00.0009	0000.012
-00.0478	-00.0009	0000.013
-00.0521	-00.0009	0000.014
-00.0563	-00.0012	0000.015
-00.0603	-00.0012	0000.016
-00.0643	-00.0009	0000.017
-00.0682	-00.0009	0000.018
-00.0722	-00.0012	0000.019
-00.0762	-00.0009	0000.020
-00.0801	-00.0009	0000.021
-00.0844	-00.0012	0000.022
-00.0881	-00.0012	0000.023
-00.0920	-00.0009	0000.024
-00.0963	-00.0012	0000.025
-00.1003	-00.0012	0000.026
-00.1040	-00.0012	0000.027
-00.1079	-00.0015	0000.028
-00.1119	-00.0015	0000.029
-00.1162	-00.0009	0000.030
-00.1204	-00.0012	0000.031
-00.1244	-00.0018	0000.032
-00.1281	-00.0012	0000.033
-00.1320	-00.0018	0000.034
-00.1363	-00.0018	0000.035
-00.1403	-00.0018	0000.036
-00.1442	-00.0018	0000.037
-00.1485	-00.0015	0000.038
-00.1528	-00.0018	0000.039
-00.1564	-00.0018	0000.040
-00.1604	-00.0021	0000.041
-00.1641	-00.0015	0000.042
-00.1680	-00.0018	0000.043
-00.1720	-00.0018	0000.044
-00.1760	-00.0021	0000.045
-00.1802	-00.0021	0000.046
-00.1839	-00.0018	0000.047
-00.1885	-00.0021	0000.048
-00.1928	-00.0021	0000.049
-00.1964	-00.0024	0000.050
-00.1998	-00.0027	0000.051
-00.2044	-00.0021	0000.052
-00.2083	-00.0018	0000.053
-00.2123	-00.0024	0000.054
-00.2156	-00.0027	0000.055
-00.2205	-00.0027	0000.056
-00.2245	-00.0027	0000.057
-00.2288	-00.0027	0000.058
-00.2321	-00.0024	0000.059
-00.2364	-00.0030	0000.060
-00.2404	-00.0030	0000.061
-00.2449	-00.0030	0000.062
-00.2486	-00.0033	0000.063
-00.2526	-00.0030	0000.064
-00.2565	-00.0039	0000.065
-00.2602	-00.0036	0000.066
-00.2648	-00.0033	0000.067
-00.2684	-00.0030	0000.068
-00.2727	-00.0039	0000.069
-00.2764	-00.0039	0000.070
-00.2803	-00.0039	0000.071
-00.2846	-00.0039	0000.072
-00.2883	-00.0045	0000.073
-00.2925	-00.0045	0000.074
-00.2962	-00.0045	0000.075
-00.3008	-00.0052	0000.076
-00.3045	-00.0048	0000.077
-00.3087	-00.0055	0000.078
-00.3127	-00.0058	0000.079
-00.3164	-00.0058	0000.080
-00.3203	-00.0055	0000.081
-00.3246	-00.0061	0000.082
-00.3283	-00.0067	0000.083
-00.3319	-00.0061	0000.084
-00.3368	-00.0064	0000.085
-00.3408	-00.0070	0000.086
-00.3447	-00.0073	0000.087
-00.3487	-00.0073	0000.088
-00.3527	-00.0073	0000.089
-00.3566	-00.0076	0000.090
-00.3606	-00.0076	0000.091
-00.3646	-00.0076	0000.092
-00.3685	-00.0082	0000.093
-00.3725	-00.0082	0000.094
-00.3768	-00.0082	0000.095
-00.3807	-00.0091	0000.096
-00.3847	-00.0091	0000.097
-00.3887	-00.0094	0000.098
-00.3926	-00.0097	0000.099
-00.3963	-00.0100	0000.100
-00.4009	-00.0097	0000.101
-00.4039	-00.0106	0000.102
-00.4085	-00.0103	0000.103
-00.4128	-00.0106	0000.104
-00.4168	-00.0113	0000.105
-00.4210	-00.0109	0000.106
-00.4244	-00.0113	0000.107
-00.4287	-00.0113	0000.108
-00.4329	-00.0119	0000.109
-00.4366	-00.0122	0000.110
-00.4406	-00.0131	0000.111
-00.4442	-00.0131	0000.112
-00.4485	-00.0137	0000.113
-00.4531	-00.0140	0000.114
-00.4570	-00.0140	0000.115
-00.4610	-00.0146	0000.116
-00.4650	-00.0146	0000.117
-00.4686	-00.0155	0000.118
-00.4726	-00.0161	0000.119
-00.4769	-00.0164	0000.120
-00.4805	-00.0167	0000.121
-00.4845	-00.0174	0000.122
-00.4888	-00.0174	0000.123
-00.4927	-00.0180	0000.124
-00.4970	-00.0186	0000.125
-00.5010	-00.0192	0000.126
-00.5043	-00.0198	0000.127
-00.5086	-00.0198	0000.128
-00.5129	-00.0204	0000.129
-00.5165	-00.0216	0000.130
-00.5205	-00.0213	0000.131
-00.5251	-00.0225	0000.132
-00.5288	-00.0229	0000.133
-00.5330	-00.0238	0000.134
-00.5367	-00.0238	0000.135
-00.5413	-00.0250	0000.136
-00.5446	-00.0259	0000.137
-00.5489	-00.0265	0000.138
-00.5532	-00.0293	0000.139
-00.5565	-00.0302	0000.140
-00.5602	-00.0323	0000.141
-00.5648	-00.0338	0000.142
-00.5690	-00.0357	0000.143
-00.5730	-00.0372	0000.144
-00.5770	-00.0384	0000.145
-00.5809	-00.0399	0000.146
-00.5846	-00.0421	0000.147
-00.5889	-00.0436	0000.148
-00.5925	-00.0460	0000.149
-00.5971	-00.0482	0000.150
-00.6008	-00.0506	0000.151
-00.6057	-00.0540	0000.152
-00.6090	-00.0564	0000.153
-00.6130	-00.0625	0000.154
-00.6170	-00.0692	0000.155
-00.6209	-00.0744	0000.156
-00.6246	-00.0808	0000.157
-00.6289	-00.0885	0000.158
-00.6325	-00.0952	0000.159
-00.6374	-00.1034	0000.160
-00.6414	-00.1120	0000.161
-00.6450	-00.1214	0000.162
-00.6490	-00.1345	0000.163
-00.6527	-00.1510	0000.164
-00.6569	-00.1654	0000.165
-00.6609	-00.1803	0000.166
-00.6649	-00.1944	0000.167
-00.6688	-00.2105	0000.168
-00.6728	-00.2276	0000.169
-00.6771	-00.2377	0000.170
-00.6807	-00.2456	0000.171
-00.6853	-00.2551	0000.172
-00.6896	-00.2636	0000.173
-00.6929	-00.2725	0000.174
-00.6969	-00.2850	0000.175
-00.7009	-00.2948	0000.176
-00.7051	-00.3128	0000.177
-00.7088	-00.3219	0000.178
-00.7131	-00.3292	0000.179
-00.7170	-00.3338	0000.180
-00.7210	-00.3384	0000.181
-00.7250	-00.3421	0000.182
-00.7293	-00.3454	0000.183
-00.7335	-00.3488	0000.184
-00.7372	-00.3524	0000.185
-00.7409	-00.4330	0000.186
-00.7445	-00.5435	0000.187
-00.7497	-00.6125	0000.188
-00.7534	-00.6201	0000.189
-00.7570	-00.6247	0000.190
-00.7613	-00.6277	0000.191
-00.7653	-00.6311	0000.192
-00.7689	-00.6341	0000.193
-00.7729	-00.6375	0000.194
-00.7772	-00.6393	0000.195
-00.7814	-00.6414	0000.196
-00.7851	-00.6445	0000.197
-00.7888	-00.6491	0000.198
-00.7930	-00.6515	0000.199
-00.7976	-00.6543	0000.200
-00.8010	-00.6558	0000.201
-00.8052	-00.6576	0000.202
-00.8092	-00.6585	0000.203
-00.8129	-00.6594	0000.204
-00.8168	-00.6610	0000.205
-00.8208	-00.6619	0000.206
-00.8251	-00.6625	0000.207
-00.8290	-00.6634	0000.208
-00.8330	-00.6643	0000.209
-00.8373	-00.6656	0000.210
-00.8413	-00.6665	0000.211
-00.8452	-00.6680	0000.212
-00.8489	-00.6686	0000.213
-00.8535	-00.6701	0000.214
-00.8571	-00.6707	0000.215
-00.8614	-00.6714	0000.216
-00.8654	-00.6717	0000.217
-00.8693	-00.6723	0000.218
-00.8733	-00.6732	0000.219
-00.8776	-00.6735	0000.220
-00.8806	-00.6741	0000.221
-00.8852	-00.6750	0000.222
-00.8889	-00.6918	0000.223
-00.8931	-00.6945	0000.224
-00.8971	-00.6958	0000.225
-00.9017	-00.6973	0000.226
-00.9056	-00.6979	0000.227
-00.9093	-00.6991	0000.228
-00.9136	-00.6994	0000.229
-00.9172	-00.7006	0000.230
-00.9212	-00.7010	0000.231
-00.9252	-00.7013	0000.232
-00.9295	-00.7016	0000.233
-00.9334	-00.7022	0000.234
-00.9377	-00.7028	0000.235
-00.9414	-00.7037	0000.236
-00.9459	-00.7037	0000.237
-00.9496	-00.7043	0000.238
-00.9533	-00.7049	0000.239
-00.9575	-00.7055	0000.240
-00.9615	-00.7061	0000.241
-00.9652	-00.7061	0000.242
-00.9697	-00.7071	0000.243
-00.9737	-00.7077	0000.244
-00.9774	-00.7077	0000.245
-00.9819	-00.7080	0000.246
-00.9853	-00.7086	0000.247
-00.9893	-00.7092	0000.248
-00.9932	-00.7098	0000.249
-00.9975	-00.7098	0000.250
-01.0012	-00.7104	0000.251
-01.0051	-00.7107	0000.252
-01.0091	-00.7110	0000.253
-01.0137	-00.7113	0000.254
-01.0173	-00.7113	0000.255
-01.0219	-00.7119	0000.256
-01.0256	-00.7122	0000.257
-01.0292	-00.7125	0000.258
-01.0335	-00.7132	0000.259
-01.0372	-00.7138	0000.260
-01.0415	-00.7144	0000.261
-01.0457	-00.7150	0000.262
-01.0500	-00.7153	0000.263
-01.0540	-00.7153	0000.264
-01.0573	-00.7159	0000.265
-01.0622	-00.7162	0000.266
-01.0662	-00.7165	0000.267
-01.0692	-00.7168	0000.268
-01.0735	-00.7171	0000.269
-01.0775	-00.7177	0000.270
-01.0817	-00.7177	0000.271
-01.0854	-00.7183	0000.272
-01.0897	-00.7187	0000.273
-01.0939	-00.7187	0000.274
-01.0973	-00.7190	0000.275
-01.1013	-00.7193	0000.276
-01.1052	-00.7196	0000.277
-01.1095	-00.7202	0000.278
-01.1132	-00.7202	0000.279
-01.1177	-00.7208	0000.280
-01.1217	-00.7208	0000.281
-01.1260	-00.7214	0000.282
-01.1293	-00.7211	0000.283
-01.1339	-00.7211	0000.284
-01.1379	-00.7220	0000.285
-01.1419	-00.7220	0000.286
-01.1458	-00.7223	0000.287
-01.1498	-00.7226	0000.288
-01.1541	-00.7226	0000.289
-01.1571	-00.7232	0000.290
-01.1620	-00.7232	0000.291
-01.1657	-00.7235	0000.292
-01.1699	-00.7241	0000.293
-01.1739	-00.7245	0000.294
-01.1776	-00.7245	0000.295
-01.1815	-00.7245	0000.296
-01.1855	-00.7251	0000.297
-01.1892	-00.7254	0000.298
-01.1937	-00.7254	0000.299
-01.1974	-00.7260	0000.300
-01.2020	-00.7263	0000.301
-01.2059	-00.7260	0000.302
-01.2096	-00.7263	0000.303
-01.2139	-00.7269	0000.304
-01.2181	-00.7269	0000.305
-01.2215	-00.7275	0000.306
-01.2258	-00.7278	0000.307
-01.2297	-00.7278	0000.308
-01.2337	-00.7278	0000.309
-01.2380	-00.7281	0000.310
-01.2420	-00.7284	0000.311
-01.2459	-00.7287	0000.312
-01.2499	-00.7287	0000.313
-01.2542	-00.7293	0000.314
-01.2578	-00.7290	0000.315
-01.2621	-00.7296	0000.316
-01.2655	-00.7296	0000.317
-01.2697	-00.7299	0000.318
-01.2737	-00.7299	0000.319
-01.2777	-00.7306	0000.320
-01.2819	-00.7306	0000.321
-01.2862	-00.7309	0000.322
-01.2902	-00.7312	0000.323
-01.2935	-00.7312	0000.324
-01.2978	-00.7315	0000.325
-01.3021	-00.7315	0000.326
-01.3054	-00.7318	0000.327
-01.3097	-00.7318	0000.328
-01.3140	-00.7321	0000.329
-01.3179	-00.7324	0000.330
-01.3222	-00.7327	0000.331
-01.3262	-00.7330	0000.332
-01.3298	-00.7330	0000.333
-01.3341	-00.7333	0000.334
-01.3375	-00.7336	0000.335
-01.3417	-00.7336	0000.336
-01.3463	-00.7339	0000.337
-01.3500	-00.7342	0000.338
-01.3540	-00.7345	0000.339
-01.3579	-00.7339	0000.340
-01.3619	-00.7345	0000.341
-01.3665	-00.7351	0000.342
-01.3698	-00.7351	0000.343
-01.3741	-00.7357	0000.344
-01.3781	-00.7360	0000.345
-01.3814	-00.7360	0000.346
-01.3860	-00.7364	0000.347
-01.3900	-00.7364	0000.348
-01.3942	-00.7364	0000.349
-01.3982	-00.7364	0000.350
-01.4022	-00.7367	0000.351
-01.4064	-00.7367	0000.352
-01.4098	-00.7370	0000.353
-01.4144	-00.7376	0000.354
-01.4180	-00.7370	0000.355
-01.4217	-00.7376	0000.356
-01.4266	-00.7376	0000.357
-01.4309	-00.7382	0000.358
-01.4339	-00.7385	0000.359
-01.4382	-00.7382	0000.360
-01.4425	-00.7385	0000.361
-01.4458	-00.7385	0000.362
-01.4498	-00.7385	0000.363
-01.4540	-00.7391	0000.364
-01.4577	-00.7388	0000.365
-01.4626	-00.7391	0000.366
-01.4660	-00.7391	0000.367
-01.4696	-00.7397	0000.368
-01.4742	-00.7397	0000.369
-01.4779	-00.7397	0000.370
-01.4821	-00.7400	0000.371
-01.4861	-00.7403	0000.372
-01.4894	-00.7403	0000.373
-01.4940	-00.7406	0000.374
-01.4980	-00.7406	0000.375
-01.5026	-00.7406	0000.376
-01.5059	-00.7412	0000.377
-01.5105	-00.7412	0000.378
-01.5142	-00.7412	0000.379
-01.5184	-00.7412	0000.380
-01.5221	-00.7415	0000.381
-01.5261	-00.7418	0000.382
-01.5300	-00.7415	0000.383
-01.5343	-00.7422	0000.384
-01.5383	-00.7425	0000.385
-01.5429	-00.7422	0000.386
-01.5462	-00.7425	0000.387
-01.5502	-00.7425	0000.388
-01.5541	-00.7425	0000.389
-01.5584	-00.7431	0000.390
-01.5627	-00.7431	0000.391
-01.5664	-00.7437	0000.392
-01.5700	-00.7434	0000.393
-01.5746	-00.7434	0000.394
-01.5786	-00.7437	0000.395
-01.5828	-00.7437	0000.396
-01.5868	-00.7440	0000.397
-01.5905	-00.7437	0000.398
-01.5944	-00.7440	0000.399
-01.5987	-00.7446	0000.400
-01.6018	-00.7446	0000.401
-01.6066	-00.7446	0000.402
-01.6109	-00.7446	0000.403
-01.6146	-00.7443	0000.404
-01.6182	-00.7449	0000.405
-01.6225	-00.7446	0000.406
-01.6271	-00.7449	0000.407
-01.6304	-00.7455	0000.408
-01.6344	-00.7452	0000.409
-01.6381	-00.7455	0000.410
-01.6420	-00.7458	0000.411
-01.6460	-00.7458	0000.412
-01.6503	-00.7458	0000.413
-01.6545	-00.7455	0000.414
-01.6576	-00.7461	0000.415
-01.6625	-00.7464	0000.416
-01.6668	-00.7461	0000.417
-01.6707	-00.7464	0000.418
-01.6744	-00.7470	0000.419
-01.6780	-00.7470	0000.420
-01.6826	-00.7464	0000.421
-01.6863	-00.7470	0000.422
-01.6912	-00.7470	0000.423
-01.6945	-00.7473	0000.424
-01.6988	-00.7476	0000.425
-01.7028	-00.7473	0000.426
-01.7064	-00.7479	0000.427
-01.7104	-00.7476	0000.428
-01.7147	-00.7479	0000.429
-01.7189	-00.7476	0000.430
-01.7229	-00.7486	0000.431
-01.7263	-00.7479	0000.432
-01.7305	-00.7486	0000.433
-01.7348	-00.7486	0000.434
-01.7388	-00.7486	0000.435
-01.7427	-00.7486	0000.436
-01.7461	-00.7486	0000.437
-01.7498	-00.7495	0000.438
-01.7550	-00.7489	0000.439
-01.7589	-00.7492	0000.440
-01.7626	-00.7492	0000.441
-01.7665	-00.7492	0000.442
-01.7708	-00.7498	0000.443
-01.7748	-00.7498	0000.444
-01.7788	-00.7495	0000.445
-01.7827	-00.7498	0000.446
-01.7864	-00.7501	0000.447
-01.7904	-00.7504	0000.448
-01.7946	-00.7504	0000.449
-01.7989	-00.7507	0000.450
-01.8026	-00.7501	0000.451
-01.8068	-00.7507	0000.452
-01.8108	-00.7501	0000.453
-01.8142	-00.7510	0000.454
-01.8187	-00.7510	0000.455
-01.8224	-00.7507	0000.456
-01.8270	-00.7510	0000.457
-01.8303	-00.7510	0000.458
-01.8349	-00.7513	0000.459
-01.8386	-00.7513	0000.460
-01.8431	-00.7513	0000.461
-01.8468	-00.7519	0000.462
-01.8511	-00.7522	0000.463
-01.8544	-00.7519	0000.464
-01.8590	-00.7522	0000.465
-01.8630	-00.7522	0000.466
-01.8670	-00.7519	0000.467
-01.8709	-00.7525	0000.468
-01.8749	-00.7522	0000.469
-01.8789	-00.7528	0000.470
-01.8831	-00.7528	0000.471
-01.8865	-00.7534	0000.472
-01.8908	-00.7531	0000.473
-01.8947	-00.7528	0000.474
-01.8996	-00.7534	0000.475
-01.9030	-00.7531	0000.476
-01.9066	-00.7534	0000.477
-01.9106	-00.7534	0000.478
-01.9149	-00.7534	0000.479
-01.9188	-00.7537	0000.480
-01.9228	-00.7537	0000.481
-01.9271	-00.7537	0000.482
-01.9313	-00.7544	0000.483
-01.9347	-00.7541	0000.484
-01.9384	-00.7544	0000.485
-01.9429	-00.7547	0000.486
-01.9469	-00.7547	0000.487
-01.9512	-00.7547	0000.488
-01.9551	-00.7550	0000.489
-01.9588	-00.7550	0000.490
-01.9631	-00.7550	0000.491
-01.9670	-00.7547	0000.492
-01.9710	-00.7550	0000.493
-01.9753	-00.7556	0000.494
-01.9790	-00.7553	0000.495
-01.9829	-00.7553	0000.496
-01.9869	-00.7559	0000.497
-01.9915	-00.7556	0000.498
-01.9948	-00.7559	0000.499
-01.9985	-00.7559	0000.500
-02.0031	-00.7562	0000.501
-02.0070	-00.7565	0000.502
-02.0104	-00.7562	0000.503
-02.0144	-00.7565	0000.504
-02.0189	-00.7571	0000.505
-02.0238	-00.7565	0000.506
-02.0269	-00.7568	0000.507
-02.0311	-00.7568	0000.508
-02.0351	-00.7571	0000.509
-02.0388	-00.7574	0000.510
-02.0430	-00.7574	0000.511
-02.0470	-00.7574	0000.512
-02.0510	-00.7583	0000.513
-02.0549	-00.7577	0000.514
-02.0586	-00.7577	0000.515
-02.0632	-00.7574	0000.516
-02.0671	-00.7580	0000.517
-02.0714	-00.7577	0000.518
-02.0745	-00.7583	0000.519
-02.0794	-00.7586	0000.520
-02.0827	-00.7586	0000.521
-02.0870	-00.7586	0000.522
-02.0910	-00.7586	0000.523
-02.0946	-00.7589	0000.524
-02.0986	-00.7592	0000.525
-02.1029	-00.7592	0000.526
-02.1074	-00.7592	0000.527
-02.1111	-00.7592	0000.528
-02.1151	-00.7595	0000.529
-02.1193	-00.7595	0000.530
-02.1233	-00.7599	0000.531
-02.1273	-00.7599	0000.532
-02.1309	-00.7599	0000.533
-02.1355	-00.7602	0000.534
-02.1395	-00.7602	0000.535
-02.1431	-00.7602	0000.536
-02.1474	-00.7605	0000.537
-02.1514	-00.7605	0000.538
-02.1553	-00.7605	0000.539
-02.1593	-00.7605	0000.540
-02.1630	-00.7605	0000.541
-02.1669	-00.7605	0000.542
-02.1709	-00.7608	0000.543
-02.1755	-00.7611	0000.544
-02.1795	-00.7611	0000.545
-02.1834	-00.7611	0000.546
-02.1874	-00.7611	0000.547
-02.1914	-00.7617	0000.548
-02.1950	-00.7617	0000.549
-02.1987	-00.7617	0000.550
-02.2030	-00.7620	0000.551
-02.2072	-00.7620	0000.552
-02.2115	-00.7623	0000.553
-02.2155	-00.7623	0000.554
-02.2194	-00.7620	0000.555
-02.2231	-00.7620	0000.556
-02.2274	-00.7623	0000.557
-02.2319	-00.7623	0000.558
-02.2350	-00.7632	0000.559
-02.2390	-00.7629	0000.560
-02.2432	-00.7629	0000.561
-02.2478	-00.7629	0000.562
-02.2515	-00.7629	0000.563
-02.2554	-00.7635	0000.564
-02.2594	-00.7632	0000.565
-02.2634	-00.7635	0000.566
-02.2667	-00.7632	0000.567
-02.2716	-00.7635	0000.568
-02.2750	-00.7638	0000.569
-02.2792	-00.7635	0000.570
-02.2835	-00.7638	0000.571
-02.2878	-00.7638	0000.572
-02.2918	-00.7638	0000.573
-02.2957	-00.7641	0000.574
-02.2994	-00.7641	0000.575
-02.3040	-00.7644	0000.576
-02.3073	-00.7647	0000.577
-02.3116	-00.7647	0000.578
-02.3149	-00.7644	0000.579
-02.3195	-00.7644	0000.580
-02.3235	-00.7650	0000.581
-02.3275	-00.7650	0000.582
-02.3314	-00.7650	0000.583
-02.3354	-00.7650	0000.584
-02.3397	-00.7653	0000.585
-02.3436	-00.7647	0000.586
-02.3476	-00.7656	0000.587
-02.3516	-00.7653	0000.588
-02.3555	-00.7653	0000.589
-02.3601	-00.7650	0000.590
-02.3638	-00.7653	0000.591
-02.3677	-00.7656	0000.592
-02.3711	-00.7653	0000.593
-02.3754	-00.7656	0000.594
-02.3800	-00.7656	0000.595
-02.3833	-00.7656	0000.596
-02.3873	-00.7660	0000.597
-02.3906	-00.7656	0000.598
-02.3949	-00.7663	0000.599
-02.3998	-00.7660	0000.600
-02.4038	-00.7666	0000.601
-02.4080	-00.7666	0000.602
-02.4111	-00.7666	0000.603
-02.4160	-00.7663	0000.604
-02.4196	-00.7663	0000.605
-02.4233	-00.7666	0000.606
-02.4276	-00.7669	0000.607
-02.4315	-00.7669	0000.608
-02.4358	-00.7666	0000.609
-02.4398	-00.7666	0000.610
-02.4440	-00.7675	0000.611
-02.4480	-00.7669	0000.612
-02.4514	-00.7672	0000.613
-02.4553	-00.7672	0000.614
-02.4599	-00.7669	0000.615
-02.4636	-00.7675	0000.616
-02.4675	-00.7672	0000.617
-02.4718	-00.7672	0000.618
-02.4758	-00.7678	0000.619
-02.4804	-00.7678	0000.620
-02.4843	-00.7678	0000.621
-02.4874	-00.7681	0000.622
-02.4920	-00.7678	0000.623
-02.4950	-00.7681	0000.624
-02.4996	-00.7681	0000.625
-02.5035	-00.7681	0000.626
-02.5078	-00.7678	0000.627
-02.5118	-00.7681	0000.628
-02.5161	-00.7681	0000.629
-02.5197	-00.7681	0000.630
-02.5240	-00.7684	0000.631
-02.5277	-00.7684	0000.632
-02.5316	-00.7684	0000.633
-02.5356	-00.7687	0000.634
-02.5399	-00.7684	0000.635
-02.5438	-00.7681	0000.636
-02.5478	-00.7687	0000.637
-02.5518	-00.7687	0000.638
-02.5557	-00.7690	0000.639
-02.5597	-00.7693	0000.640
-02.5637	-00.7690	0000.641
-02.5679	-00.7690	0000.642
-02.5722	-00.7693	0000.643
-02.5759	-00.7690	0000.644
-02.5801	-00.7693	0000.645
-02.5841	-00.7696	0000.646
-02.5878	-00.7696	0000.647
-02.5917	-00.7696	0000.648
-02.5963	-00.7696	0000.649
-02.6000	-00.7699	0000.650
-02.6036	-00.7693	0000.651
-02.6076	-00.7699	0000.652
-02.6119	-00.7696	0000.653
-02.6162	-00.7702	0000.654
-02.6201	-00.7699	0000.655
-02.6241	-00.7699	0000.656
-02.6281	-00.7702	0000.657
-02.6320	-00.7705	0000.658
-02.6357	-00.7702	0000.659
-02.6406	-00.7705	0000.660
-02.6439	-00.7705	0000.661
-02.6476	-00.7702	0000.662
-02.6519	-00.7705	0000.663
-02.6555	-00.7702	0000.664
-02.6604	-00.7705	0000.665
-02.6641	-00.7708	0000.666
-02.6677	-00.7708	0000.667
-02.6717	-00.7708	0000.668
-02.6757	-00.7705	0000.669
-02.6796	-00.7711	0000.670
-02.6836	-00.7699	0000.671
-02.6876	-00.7708	0000.672
-02.6915	-00.7711	0000.673
-02.6964	-00.7711	0000.674
-02.6995	-00.7711	0000.675
-02.7040	-00.7714	0000.676
-02.7080	-00.7714	0000.677
-02.7120	-00.7718	0000.678
-02.7163	-00.7714	0000.679
-02.7193	-00.7711	0000.680
-02.7239	-00.7718	0000.681
-02.7279	-00.7714	0000.682
-02.7318	-00.7718	0000.683
-02.7358	-00.7718	0000.684
-02.7394	-00.7718	0000.685
-02.7443	-00.7718	0000.686
-02.7480	-00.7721	0000.687
-02.7526	-00.7721	0000.688
-02.7559	-00.7721	0000.689
-02.7608	-00.7724	0000.690
-02.7639	-00.7724	0000.691
-02.7681	-00.7724	0000.692
-02.7715	-00.7721	0000.693
-02.7761	-00.7721	0000.694
-02.7803	-00.7727	0000.695
-02.7843	-00.7727	0000.696
-02.7877	-00.7724	0000.697
-02.7925	-00.7724	0000.698
-02.7956	-00.7727	0000.699
-02.7999	-00.7730	0000.700
-02.8045	-00.7727	0000.701
-02.8081	-00.7739	0000.702
-02.8124	-00.7730	0000.703
-02.8167	-00.7727	0000.704
-02.8203	-00.7730	0000.705
-02.8246	-00.7730	0000.706
-02.8276	-00.7733	0000.707
-02.8322	-00.7733	0000.708
-02.8362	-00.7730	0000.709
-02.8395	-00.7733	0000.710
-02.8444	-00.7733	0000.711
-02.8481	-00.7733	0000.712
-02.8524	-00.7736	0000.713
-02.8563	-00.7736	0000.714
-02.8606	-00.7736	0000.715
-02.8640	-00.7733	0000.716
-02.8682	-00.7739	0000.717
-02.8725	-00.7739	0000.718
-02.8762	-00.7742	0000.719
-02.8804	-00.7739	0000.720
-02.8841	-00.7739	0000.721
-02.8881	-00.7739	0000.722
-02.8926	-00.7742	0000.723
-02.8963	-00.7742	0000.724
-02.9006	-00.7736	0000.725
-02.9049	-00.7739	0000.726
-02.9082	-00.7742	0000.727
-02.9122	-00.7742	0000.728
-02.9165	-00.7742	0000.729
-02.9210	-00.7742	0000.730
-02.9247	-00.7742	0000.731
-02.9287	-00.7748	0000.732
-02.9320	-00.7742	0000.733
-02.9363	-00.7742	0000.734
-02.9406	-00.7745	0000.735
-02.9445	-00.7745	0000.736
-02.9485	-00.7751	0000.737
-02.9525	-00.7748	0000.738
-02.9561	-00.7748	0000.739
-02.9610	-00.7748	0000.740
-02.9641	-00.7748	0000.741
-02.9689	-00.7751	0000.742
-02.9723	-00.7748	0000.743
-02.9766	-00.7751	0000.744
-02.9805	-00.7754	0000.745
-02.9839	-00.7748	0000.746
-02.9879	-00.7751	0000.747
-02.9924	-00.7748	0000.748
-02.9967	-00.7751	0000.749
-03.0007	-00.7754	0000.750
-03.0046	-00.7751	0000.751
-03.0083	-00.7751	0000.752
-03.0126	-00.7760	0000.753
-03.0162	-00.7754	0000.754
-03.0199	-00.7757	0000.755
-03.0242	-00.7754	0000.756
-03.0278	-00.7757	0000.757
-03.0321	-00.7757	0000.758
-03.0367	-00.7760	0000.759
-03.0404	-00.7754	0000.760
-03.0443	-00.7757	0000.761
-03.0486	-00.7757	0000.762
-03.0526	-00.7760	0000.763
-03.0565	-00.7757	0000.764
-03.0605	-00.7760	0000.765
-03.0645	-00.7757	0000.766
-03.0687	-00.7757	0000.767
-03.0727	-00.7763	0000.768
-03.0764	-00.7763	0000.769
-03.0803	-00.7760	0000.770
-03.0849	-00.7766	0000.771
-03.0880	-00.7760	0000.772
-03.0919	-00.7763	0000.773
-03.0959	-00.7766	0000.774
-03.1002	-00.7763	0000.775
-03.1047	-00.7766	0000.776
-03.1081	-00.7769	0000.777
-03.1127	-00.7763	0000.778
-03.1173	-00.7766	0000.779
-03.1209	-00.7772	0000.780
-03.1246	-00.7763	0000.781
-03.1285	-00.7772	0000.782
-03.1322	-00.7766	0000.783
-03.1371	-00.7769	0000.784
-03.1401	-00.7772	0000.785
-03.1444	-00.7766	0000.786
-03.1481	-00.7772	0000.787
-03.1527	-00.7769	0000.788
-03.1563	-00.7769	0000.789
-03.1606	-00.7766	0000.790
-03.1646	-00.7769	0000.791
-03.1685	-00.7776	0000.792
-03.1722	-00.7776	0000.793
-03.1771	-00.7776	0000.794
-03.1804	-00.7772	0000.795
-03.1844	-00.7772	0000.796
-03.1890	-00.7772	0000.797
-03.1926	-00.7776	0000.798
-03.1966	-00.7776	0000.799
-03.2003	-00.7779	0000.800
-03.2042	-00.7772	0000.801
-03.2088	-00.7776	0000.802
-03.2128	-00.7779	0000.803
-03.2174	-00.7779	0000.804
-03.2207	-00.7779	0000.805
-03.2253	-00.7776	0000.806
-03.2286	-00.7779	0000.807
-03.2323	-00.7779	0000.808
-03.2369	-00.7779	0000.809
-03.2405	-00.7779	0000.810
-03.2445	-00.7782	0000.811
-03.2482	-00.7782	0000.812
-03.2528	-00.7779	0000.813
-03.2564	-00.7779	0000.814
-03.2607	-00.7785	0000.815
-03.2656	-00.7779	0000.816
-03.2692	-00.7782	0000.817
-03.2729	-00.7785	0000.818
-03.2775	-00.7785	0000.819
-03.2808	-00.7785	0000.820
-03.2848	-00.7785	0000.821
-03.2882	-00.7782	0000.822
-03.2927	-00.7785	0000.823
-03.2970	-00.7785	0000.824
-03.3004	-00.7788	0000.825
-03.3046	-00.7788	0000.826
-03.3092	-00.7788	0000.827
-03.3126	-00.7788	0000.828
-03.3175	-00.7788	0000.829
-03.3211	-00.7788	0000.830
-03.3254	-00.7794	0000.831
-03.3294	-00.7788	0000.832
-03.3330	-00.7791	0000.833
-03.3373	-00.7791	0000.834
-03.3410	-00.7791	0000.835
-03.3446	-00.7791	0000.836
-03.3489	-00.7794	0000.837
-03.3525	-00.7791	0000.838
-03.3568	-00.7794	0000.839
-03.3608	-00.7791	0000.840
-03.3651	-00.7797	0000.841
-03.3684	-00.7791	0000.842
-03.3733	-00.7791	0000.843
-03.3776	-00.7794	0000.844
-03.3806	-00.7797	0000.845
-03.3846	-00.7797	0000.846
-03.3889	-00.7797	0000.847
-03.3928	-00.7797	0000.848
-03.3968	-00.7797	0000.849
-03.4011	-00.7797	0000.850
-03.4044	-00.7800	0000.851
-03.4090	-00.7800	0000.852
-03.4133	-00.7800	0000.853
-03.4169	-00.7800	0000.854
-03.4209	-00.7800	0000.855
-03.4249	-00.7803	0000.856
-03.4288	-00.7800	0000.857
-03.4328	-00.7803	0000.858
-03.4368	-00.7797	0000.859
-03.4407	-00.7803	0000.860
-03.4450	-00.7800	0000.861
-03.4490	-00.7803	0000.862
-03.4530	-00.7800	0000.863
-03.4572	-00.7803	0000.864
-03.4612	-00.7803	0000.865
-03.4649	-00.7803	0000.866
-03.4688	-00.7803	0000.867
-03.4734	-00.7803	0000.868
-03.4777	-00.7806	0000.869
-03.4810	-00.7806	0000.870
-03.4850	-00.7806	0000.871
-03.4896	-00.7803	0000.872
-03.4929	-00.7806	0000.873
-03.4972	-00.7806	0000.874
-03.5018	-00.7803	0000.875
-03.5051	-00.7806	0000.876
-03.5097	-00.7809	0000.877
-03.5131	-00.7803	0000.878
-03.5170	-00.7806	0000.879
-03.5216	-00.7806	0000.880
-03.5253	-00.7809	0000.881
-03.5292	-00.7809	0000.882
-03.5335	-00.7809	0000.883
-03.5372	-00.7809	0000.884
-03.5408	-00.7806	0000.885
-03.5457	-00.7812	0000.886
-03.5497	-00.7809	0000.887
-03.5530	-00.7809	0000.888
-03.5573	-00.7812	0000.889
-03.5610	-00.7812	0000.890
-03.5656	-00.7812	0000.891
-03.5692	-00.7815	0000.892
-03.5735	-00.7809	0000.893
-03.5778	-00.7812	0000.894
-03.5814	-00.7812	0000.895
-03.5854	-00.7815	0000.896
-03.5888	-00.7812	0000.897
-03.5930	-00.7812	0000.898
-03.5979	-00.7815	0000.899
-03.6019	-00.7815	0000.900
-03.6055	-00.7815	0000.901
-03.6098	-00.7815	0000.902
-03.6129	-00.7815	0000.903
-03.6168	-00.7815	0000.904
-03.6217	-00.7818	0000.905
-03.6245	-00.7818	0000.906
-03.6293	-00.7818	0000.907
-03.6333	-00.7812	0000.908
-03.6370	-00.7821	0000.909
-03.6415	-00.7815	0000.910
-03.6455	-00.7818	0000.911
-03.6492	-00.7815	0000.912
-03.6531	-00.7818	0000.913
-03.6571	-00.7818	0000.914
-03.6605	-00.7821	0000.915
-03.6650	-00.7815	0000.916
-03.6696	-00.7818	0000.917
-03.6739	-00.7821	0000.918
-03.6779	-00.7821	0000.919
-03.6818	-00.7818	0000.920
-03.6855	-00.7824	0000.921
-03.6898	-00.7821	0000.922
-03.6940	-00.7815	0000.923
-03.6980	-00.7821	0000.924
-03.7020	-00.7821	0000.925
-03.7056	-00.7821	0000.926
-03.7096	-00.7818	0000.927
-03.7133	-00.7827	0000.928
-03.7181	-00.7827	0000.929
-03.7221	-00.7821	0000.930
-03.7258	-00.7824	0000.931
-03.7294	-00.7830	0000.932
-03.7337	-00.7824	0000.933
-03.7380	-00.7824	0000.934
-03.7410	-00.7827	0000.935
-03.7459	-00.7824	0000.936
-03.7499	-00.7821	0000.937
-03.7532	-00.7827	0000.938
-03.7575	-00.7827	0000.939
-03.7612	-00.7827	0000.940
-03.7655	-00.7827	0000.941
-03.7700	-00.7827	0000.942
-03.7740	-00.7827	0000.943
-03.7777	-00.7827	0000.944
-03.7813	-00.7824	0000.945
-03.7862	-00.7830	0000.946
-03.7899	-00.7827	0000.947
-03.7938	-00.7827	0000.948
-03.7972	-00.7830	0000.949
-03.8018	-00.7827	0000.950
-03.8060	-00.7827	0000.951
-03.8091	-00.7830	0000.952
-03.8128	-00.7830	0000.953
-03.8173	-00.7833	0000.954
-03.8222	-00.7833	0000.955
-03.8262	-00.7833	0000.956
-03.8301	-00.7833	0000.957
-03.8341	-00.7830	0000.958
-03.8375	-00.7833	0000.959
-03.8417	-00.7830	0000.960
-03.8463	-00.7833	0000.961
-03.8497	-00.7833	0000.962
-03.8533	-00.7833	0000.963
-03.8582	-00.7830	0000.964
-03.8616	-00.7830	0000.965
-03.8665	-00.7837	0000.966
-03.8695	-00.7833	0000.967
-03.8744	-00.7837	0000.968
-03.8781	-00.7833	0000.969
-03.8820	-00.7840	0000.970
-03.8860	-00.7840	0000.971
-03.8906	-00.7833	0000.972
-03.8945	-00.7843	0000.973
-03.8976	-00.7840	0000.974
-03.9019	-00.7837	0000.975
-03.9061	-00.7837	0000.976
-03.9101	-00.7837	0000.977
-03.9141	-00.7840	0000.978
-03.9180	-00.7843	0000.979
-03.9223	-00.7840	0000.980
-03.9260	-00.7837	0000.981
-03.9296	-00.7843	0000.982
-03.9333	-00.7843	0000.983
-03.9382	-00.7843	0000.984
-03.9415	-00.7843	0000.985
-03.9461	-00.7840	0000.986
-03.9495	-00.7840	0000.987
-03.9540	-00.7840	0000.988
-03.9586	-00.7843	0000.989
-03.9614	-00.7840	0000.990
-03.9660	-00.7846	0000.991
-03.9705	-00.7843	0000.992
-03.9742	-00.7843	0000.993
-03.9775	-00.7846	0000.994
-03.9815	-00.7843	0000.995
-03.9855	-00.7846	0000.996
-03.9894	-00.7849	0000.997
-03.9937	-00.7843	0000.998
-03.9983	-00.7846	0000.999
-04.0017	-00.7846	0001.000
-04.0059	-00.7846	0001.001
-04.0023	-00.7843	0001.002
-03.9986	-00.7849	0001.003
-03.9940	-00.7846	0001.004
-03.9904	-00.7846	0001.005
-03.9864	-00.7849	0001.006
-03.9830	-00.7840	0001.007
-03.9788	-00.7846	0001.008
-03.9745	-00.7846	0001.009
-03.9705	-00.7849	0001.010
-03.9653	-00.7846	0001.011
-03.9620	-00.7843	0001.012
-03.9577	-00.7849	0001.013
-03.9547	-00.7852	0001.014
-03.9504	-00.7846	0001.015
-03.9467	-00.7846	0001.016
-03.9421	-00.7849	0001.017
-03.9373	-00.7843	0001.018
-03.9345	-00.7846	0001.019
-03.9302	-00.7849	0001.020
-03.9260	-00.7846	0001.021
-03.9223	-00.7846	0001.022
-03.9177	-00.7849	0001.023
-03.9144	-00.7846	0001.024
-03.9101	-00.7846	0001.025
-03.9061	-00.7849	0001.026
-03.9022	-00.7846	0001.027
-03.8988	-00.7843	0001.028
-03.8942	-00.7846	0001.029
-03.8903	-00.7846	0001.030
-03.8863	-00.7843	0001.031
-03.8820	-00.7846	0001.032
-03.8778	-00.7846	0001.033
-03.8741	-00.7843	0001.034
-03.8704	-00.7846	0001.035
-03.8662	-00.7846	0001.036
-03.8628	-00.7849	0001.037
-03.8582	-00.7846	0001.038
-03.8536	-00.7846	0001.039
-03.8506	-00.7846	0001.040
-03.8460	-00.7846	0001.041
-03.8420	-00.7849	0001.042
-03.8381	-00.7846	0001.043
-03.8341	-00.7846	0001.044
-03.8298	-00.7846	0001.045
-03.8262	-00.7846	0001.046
-03.8222	-00.7846	0001.047
-03.8179	-00.7843	0001.048
-03.8137	-00.7846	0001.049
-03.8097	-00.7846	0001.050
-03.8063	-00.7849	0001.051
-03.8021	-00.7843	0001.052
-03.7984	-00.7846	0001.053
-03.7941	-00.7843	0001.054
-03.7905	-00.7849	0001.055
-03.7865	-00.7846	0001.056
-03.7819	-00.7843	0001.057
-03.7780	-00.7843	0001.058
-03.7740	-00.7843	0001.059
-03.7694	-00.7846	0001.060
-03.7664	-00.7843	0001.061
-03.7624	-00.7849	0001.062
-03.7578	-00.7846	0001.063
-03.7542	-00.7843	0001.064
-03.7499	-00.7843	0001.065
-03.7459	-00.7846	0001.066
-03.7416	-00.7846	0001.067
-03.7380	-00.7846	0001.068
-03.7340	-00.7840	0001.069
-03.7291	-00.7840	0001.070
-03.7255	-00.7837	0001.071
-03.7221	-00.7846	0001.072
-03.7181	-00.7846	0001.073
-03.7136	-00.7846	0001.074
-03.7099	-00.7843	0001.075
-03.7059	-00.7840	0001.076
-03.7014	-00.7846	0001.077
-03.6980	-00.7843	0001.078
-03.6934	-00.7846	0001.079
-03.6898	-00.7843	0001.080
-03.6861	-00.7846	0001.081
-03.6818	-00.7843	0001.082
-03.6779	-00.7843	0001.083
-03.6739	-00.7843	0001.084
-03.6696	-00.7840	0001.085
-03.6660	-00.7840	0001.086
-03.6611	-00.7843	0001.087
-03.6577	-00.7840	0001.088
-03.6538	-00.7843	0001.089
-03.6498	-00.7843	0001.090
-03.6461	-00.7843	0001.091
-03.6419	-00.7843	0001.092
-03.6382	-00.7840	0001.093
-03.6339	-00.7843	0001.094
-03.6303	-00.7843	0001.095
-03.6260	-00.7840	0001.096
-03.6214	-00.7840	0001.097
-03.6177	-00.7840	0001.098
-03.6138	-00.7840	0001.099
-03.6098	-00.7840	0001.100
-03.6055	-00.7840	0001.101
-03.6019	-00.7837	0001.102
-03.5976	-00.7843	0001.103
-03.5936	-00.7840	0001.104
-03.5891	-00.7840	0001.105
-03.5857	-00.7840	0001.106
-03.5817	-00.7837	0001.107
-03.5781	-00.7843	0001.108
-03.5738	-00.7843	0001.109
-03.5698	-00.7843	0001.110
-03.5662	-00.7840	0001.111
-03.5613	-00.7840	0001.112
-03.5579	-00.7837	0001.113
-03.5534	-00.7837	0001.114
-03.5494	-00.7840	0001.115
-03.5460	-00.7837	0001.116
-03.5408	-00.7840	0001.117
-03.5372	-00.7840	0001.118
-03.5338	-00.7833	0001.119
-03.5299	-00.7840	0001.120
-03.5259	-00.7837	0001.121
-03.5222	-00.7837	0001.122
-03.5173	-00.7837	0001.123
-03.5140	-00.7840	0001.124
-03.5094	-00.7837	0001.125
-03.5054	-00.7843	0001.126
-03.5009	-00.7837	0001.127
-03.4972	-00.7837	0001.128
-03.4932	-00.7837	0001.129
-03.4893	-00.7837	0001.130
-03.4862	-00.7837	0001.131
-03.4807	-00.7833	0001.132
-03.4771	-00.7833	0001.133
-03.4734	-00.7833	0001.134
-03.4694	-00.7833	0001.135
-03.4649	-00.7837	0001.136
-03.4615	-00.7843	0001.137
-03.4572	-00.7837	0001.138
-03.4536	-00.7840	0001.139
-03.4496	-00.7833	0001.140
-03.4450	-00.7837	0001.141
-03.4414	-00.7840	0001.142
-03.4380	-00.7837	0001.143
-03.4325	-00.7837	0001.144
-03.4295	-00.7833	0001.145
-03.4255	-00.7837	0001.146
-03.4209	-00.7833	0001.147
-03.4179	-00.7833	0001.148
-03.4130	-00.7837	0001.149
-03.4090	-00.7833	0001.150
-03.4050	-00.7833	0001.151
-03.4011	-00.7840	0001.152
-03.3968	-00.7833	0001.153
-03.3931	-00.7837	0001.154
-03.3889	-00.7833	0001.155
-03.3852	-00.7837	0001.156
-03.3812	-00.7830	0001.157
-03.3779	-00.7837	0001.158
-03.3736	-00.7830	0001.159
-03.3693	-00.7837	0001.160
-03.3651	-00.7833	0001.161
-03.3611	-00.7833	0001.162
-03.3571	-00.7833	0001.163
-03.3535	-00.7830	0001.164
-03.3489	-00.7833	0001.165
-03.3455	-00.7837	0001.166
-03.3410	-00.7833	0001.167
-03.3373	-00.7827	0001.168
-03.3330	-00.7830	0001.169
-03.3287	-00.7833	0001.170
-03.3251	-00.7830	0001.171
-03.3214	-00.7830	0001.172
-03.3171	-00.7827	0001.173
-03.3132	-00.7837	0001.174
-03.3089	-00.7830	0001.175
-03.3052	-00.7830	0001.176
-03.3010	-00.7830	0001.177
-03.2970	-00.7830	0001.178
-03.2933	-00.7833	0001.179
-03.2894	-00.7830	0001.180
-03.2854	-00.7830	0001.181
-03.2808	-00.7830	0001.182
-03.2772	-00.7830	0001.183
-03.2729	-00.7830	0001.184
-03.2695	-00.7837	0001.185
-03.2650	-00.7833	0001.186
-03.2613	-00.7833	0001.187
-03.2570	-00.7827	0001.188
-03.2537	-00.7833	0001.189
-03.2494	-00.7827	0001.190
-03.2454	-00.7827	0001.191
-03.2405	-00.7827	0001.192
-03.2369	-00.7830	0001.193
-03.2332	-00.7830	0001.194
-03.2290	-00.7830	0001.195
-03.2253	-00.7833	0001.196
-03.2213	-00.7833	0001.197
-03.2170	-00.7827	0001.198
-03.2131	-00.7830	0001.199
-03.2088	-00.7827	0001.200
-03.2055	-00.7827	0001.201
-03.2006	-00.7827	0001.202
-03.1972	-00.7830	0001.203
-03.1929	-00.7827	0001.204
-03.1893	-00.7827	0001.205
-03.1847	-00.7824	0001.206
-03.1810	-00.7830	0001.207
-03.1768	-00.7830	0001.208
-03.1728	-00.7830	0001.209
-03.1694	-00.7827	0001.210
-03.1655	-00.7824	0001.211
-03.1609	-00.7830	0001.212
-03.1572	-00.7827	0001.213
-03.1530	-00.7824	0001.214
-03.1487	-00.7824	0001.215
-03.1447	-00.7824	0001.216
-03.1411	-00.7827	0001.217
-03.1368	-00.7830	0001.218
-03.1337	-00.7830	0001.219
-03.1289	-00.7827	0001.220
-03.1249	-00.7824	0001.221
-03.1203	-00.7827	0001.222
-03.1173	-00.7824	0001.223
-03.1136	-00.7827	0001.224
-03.1090	-00.7827	0001.225
-03.1044	-00.7827	0001.226
-03.1008	-00.7824	0001.227
-03.0971	-00.7827	0001.228
-03.0928	-00.7824	0001.229
-03.0886	-00.7827	0001.230
-03.0849	-00.7824	0001.231
-03.0809	-00.7821	0001.232
-03.0770	-00.7821	0001.233
-03.0730	-00.7824	0001.234
-03.0687	-00.7824	0001.235
-03.0648	-00.7830	0001.236
-03.0611	-00.7827	0001.237
-03.0565	-00.7821	0001.238
-03.0529	-00.7821	0001.239
-03.0489	-00.7827	0001.240
-03.0446	-00.7821	0001.241
-03.0410	-00.7821	0001.242
-03.0367	-00.7824	0001.243
-03.0336	-00.7824	0001.244
-03.0288	-00.7824	0001.245
-03.0242	-00.7821	0001.246
-03.0208	-00.7824	0001.247
-03.0165	-00.7821	0001.248
-03.0135	-00.7821	0001.249
-03.0089	-00.7821	0001.250
-03.0043	-00.7821	0001.251
-03.0007	-00.7821	0001.252
-02.9973	-00.7821	0001.253
-02.9931	-00.7821	0001.254
-02.9888	-00.7818	0001.255
-02.9848	-00.7821	0001.256
-02.9802	-00.7824	0001.257
-02.9763	-00.7821	0001.258
-02.9729	-00.7821	0001.259
-02.9689	-00.7821	0001.260
-02.9653	-00.7821	0001.261
-02.9604	-00.7815	0001.262
-02.9561	-00.7821	0001.263
-02.9525	-00.7821	0001.264
-02.9485	-00.7818	0001.265
-02.9448	-00.7818	0001.266
-02.9409	-00.7821	0001.267
-02.9366	-00.7818	0001.268
-02.9326	-00.7818	0001.269
-02.9290	-00.7821	0001.270
-02.9244	-00.7815	0001.271
-02.9210	-00.7818	0001.272
-02.9161	-00.7818	0001.273
-02.9128	-00.7821	0001.274
-02.9085	-00.7818	0001.275
-02.9042	-00.7818	0001.276
-02.9006	-00.7818	0001.277
-02.8969	-00.7821	0001.278
-02.8923	-00.7815	0001.279
-02.8884	-00.7821	0001.280
-02.8844	-00.7821	0001.281
-02.8804	-00.7821	0001.282
-02.8765	-00.7815	0001.283
-02.8719	-00.7821	0001.284
-02.8682	-00.7815	0001.285
-02.8643	-00.7815	0001.286
-02.8609	-00.7818	0001.287
-02.8566	-00.7821	0001.288
-02.8527	-00.7815	0001.289
-02.8484	-00.7815	0001.290
-02.8441	-00.7812	0001.291
-02.8405	-00.7818	0001.292
-02.8362	-00.7812	0001.293
-02.8325	-00.7812	0001.294
-02.8286	-00.7818	0001.295
-02.8243	-00.7815	0001.296
-02.8206	-00.7812	0001.297
-02.8167	-00.7812	0001.298
-02.8124	-00.7818	0001.299
-02.8090	-00.7815	0001.300
-02.8045	-00.7812	0001.301
-02.8005	-00.7818	0001.302
-02.7965	-00.7812	0001.303
-02.7925	-00.7815	0001.304
-02.7880	-00.7812	0001.305
-02.7849	-00.7815	0001.306
-02.7810	-00.7812	0001.307
-02.7764	-00.7812	0001.308
-02.7730	-00.7815	0001.309
-02.7684	-00.7818	0001.310
-02.7642	-00.7815	0001.311
-02.7602	-00.7812	0001.312
-02.7559	-00.7815	0001.313
-02.7523	-00.7812	0001.314
-02.7486	-00.7812	0001.315
-02.7440	-00.7812	0001.316
-02.7404	-00.7815	0001.317
-02.7364	-00.7812	0001.318
-02.7321	-00.7815	0001.319
-02.7288	-00.7812	0001.320
-02.7236	-00.7812	0001.321
-02.7199	-00.7815	0001.322
-02.7166	-00.7809	0001.323
-02.7129	-00.7812	0001.324
-02.7080	-00.7812	0001.325
-02.7037	-00.7809	0001.326
-02.6998	-00.7812	0001.327
-02.6958	-00.7809	0001.328
-02.6925	-00.7806	0001.329
-02.6888	-00.7809	0001.330
-02.6848	-00.7809	0001.331
-02.6796	-00.7809	0001.332
-02.6760	-00.7812	0001.333
-02.6723	-00.7812	0001.334
-02.6686	-00.7815	0001.335
-02.6644	-00.7809	0001.336
-02.6607	-00.7812	0001.337
-02.6561	-00.7809	0001.338
-02.6522	-00.7806	0001.339
-02.6482	-00.7809	0001.340
-02.6439	-00.7809	0001.341
-02.6403	-00.7809	0001.342
-02.6366	-00.7812	0001.343
-02.6317	-00.7809	0001.344
-02.6284	-00.7809	0001.345
-02.6241	-00.7809	0001.346
-02.6201	-00.7809	0001.347
-02.6162	-00.7809	0001.348
-02.6125	-00.7809	0001.349
-02.6082	-00.7806	0001.350
-02.6043	-00.7803	0001.351
-02.6000	-00.7809	0001.352
-02.5960	-00.7809	0001.353
-02.5924	-00.7806	0001.354
-02.5884	-00.7806	0001.355
-02.5844	-00.7806	0001.356
-02.5798	-00.7806	0001.357
-02.5762	-00.7809	0001.358
-02.5722	-00.7809	0001.359
-02.5682	-00.7806	0001.360
-02.5643	-00.7809	0001.361
-02.5600	-00.7803	0001.362
-02.5563	-00.7806	0001.363
-02.5524	-00.7803	0001.364
-02.5484	-00.7803	0001.365
-02.5438	-00.7803	0001.366
-02.5396	-00.7803	0001.367
-02.5356	-00.7806	0001.368
-02.5319	-00.7806	0001.369
-02.5280	-00.7803	0001.370
-02.5240	-00.7806	0001.371
-02.5203	-00.7803	0001.372
-02.5161	-00.7803	0001.373
-02.5127	-00.7803	0001.374
-02.5081	-00.7803	0001.375
-02.5045	-00.7800	0001.376
-02.5002	-00.7803	0001.377
-02.4956	-00.7803	0001.378
-02.4926	-00.7803	0001.379
-02.4877	-00.7803	0001.380
-02.4843	-00.7803	0001.381
-02.4797	-00.7803	0001.382
-02.4761	-00.7803	0001.383
-02.4721	-00.7803	0001.384
-02.4681	-00.7803	0001.385
-02.4642	-00.7800	0001.386
-02.4599	-00.7803	0001.387
-02.4562	-00.7800	0001.388
-02.4520	-00.7806	0001.389
-02.4480	-00.7803	0001.390
-02.4437	-00.7800	0001.391
-02.4398	-00.7803	0001.392
-02.4361	-00.7800	0001.393
-02.4318	-00.7800	0001.394
-02.4282	-00.7806	0001.395
-02.4245	-00.7797	0001.396
-02.4196	-00.7803	0001.397
-02.4163	-00.7803	0001.398
-02.4117	-00.7800	0001.399
-02.4080	-00.7800	0001.400
-02.4044	-00.7800	0001.401
-02.4007	-00.7800	0001.402
-02.3958	-00.7800	0001.403
-02.3919	-00.7797	0001.404
-02.3882	-00.7800	0001.405
-02.3836	-00.7797	0001.406
-02.3803	-00.7797	0001.407
-02.3766	-00.7800	0001.408
-02.3717	-00.7797	0001.409
-02.3671	-00.7803	0001.410
-02.3641	-00.7797	0001.411
-02.3598	-00.7800	0001.412
-02.3561	-00.7800	0001.413
-02.3519	-00.7800	0001.414
-02.3479	-00.7797	0001.415
-02.3436	-00.7797	0001.416
-02.3397	-00.7794	0001.417
-02.3360	-00.7794	0001.418
-02.3317	-00.7797	0001.419
-02.3284	-00.7797	0001.420
-02.3232	-00.7794	0001.421
-02.3192	-00.7797	0001.422
-02.3162	-00.7797	0001.423
-02.3110	-00.7794	0001.424
-02.3079	-00.7797	0001.425
-02.3037	-00.7797	0001.426
-02.3000	-00.7797	0001.427
-02.2957	-00.7797	0001.428
-02.2918	-00.7797	0001.429
-02.2872	-00.7797	0001.430
-02.2841	-00.7794	0001.431
-02.2799	-00.7797	0001.432
-02.2753	-00.7794	0001.433
-02.2716	-00.7791	0001.434
-02.2683	-00.7788	0001.435
-02.2634	-00.7797	0001.436
-02.2594	-00.7797	0001.437
-02.2561	-00.7797	0001.438
-02.2515	-00.7788	0001.439
-02.2475	-00.7794	0001.440
-02.2429	-00.7794	0001.441
-02.2399	-00.7791	0001.442
-02.2359	-00.7791	0001.443
-02.2316	-00.7791	0001.444
-02.2280	-00.7794	0001.445
-02.2237	-00.7794	0001.446
-02.2194	-00.7794	0001.447
-02.2155	-00.7794	0001.448
-02.2115	-00.7791	0001.449
-02.2072	-00.7791	0001.450
-02.2039	-00.7791	0001.451
-02.1993	-00.7794	0001.452
-02.1959	-00.7794	0001.453
-02.1920	-00.7794	0001.454
-02.1880	-00.7791	0001.455
-02.1834	-00.7791	0001.456
-02.1801	-00.7785	0001.457
-02.1752	-00.7791	0001.458
-02.1718	-00.7788	0001.459
-02.1669	-00.7791	0001.460
-02.1639	-00.7791	0001.461
-02.1599	-00.7791	0001.462
-02.1553	-00.7788	0001.463
-02.1517	-00.7788	0001.464
-02.1474	-00.7797	0001.465
-02.1437	-00.7788	0001.466
-02.1395	-00.7785	0001.467
-02.1358	-00.7785	0001.468
-02.1312	-00.7788	0001.469
-02.1273	-00.7791	0001.470
-02.1230	-00.7788	0001.471
-02.1190	-00.7791	0001.472
-02.1157	-00.7791	0001.473
-02.1120	-00.7785	0001.474
-02.1077	-00.7791	0001.475
-02.1035	-00.7788	0001.476
-02.0998	-00.7788	0001.477
-02.0949	-00.7788	0001.478
-02.0916	-00.7791	0001.479
-02.0870	-00.7788	0001.480
-02.0833	-00.7788	0001.481
-02.0794	-00.7788	0001.482
-02.0751	-00.7785	0001.483
-02.0711	-00.7788	0001.484
-02.0681	-00.7788	0001.485
-02.0638	-00.7785	0001.486
-02.0592	-00.7785	0001.487
-02.0552	-00.7782	0001.488
-02.0513	-00.7785	0001.489
-02.0473	-00.7785	0001.490
-02.0436	-00.7785	0001.491
-02.0397	-00.7782	0001.492
-02.0354	-00.7785	0001.493
-02.0311	-00.7785	0001.494
-02.0272	-00.7785	0001.495
-02.0238	-00.7782	0001.496
-02.0189	-00.7785	0001.497
-02.0150	-00.7785	0001.498
-02.0116	-00.7785	0001.499
-02.0070	-00.7782	0001.500
-02.0040	-00.7782	0001.501
-01.9994	-00.7782	0001.502
-01.9957	-00.7779	0001.503
-01.9912	-00.7782	0001.504
-01.9878	-00.7785	0001.505
-01.9832	-00.7779	0001.506
-01.9790	-00.7782	0001.507
-01.9753	-00.7782	0001.508
-01.9713	-00.7782	0001.509
-01.9670	-00.7782	0001.510
-01.9631	-00.7782	0001.511
-01.9594	-00.7779	0001.512
-01.9555	-00.7782	0001.513
-01.9512	-00.7782	0001.514
-01.9475	-00.7779	0001.515
-01.9429	-00.7782	0001.516
-01.9390	-00.7779	0001.517
-01.9350	-00.7782	0001.518
-01.9316	-00.7779	0001.519
-01.9271	-00.7779	0001.520
-01.9237	-00.7779	0001.521
-01.9194	-00.7782	0001.522
-01.9161	-00.7779	0001.523
-01.9109	-00.7776	0001.524
-01.9072	-00.7782	0001.525
-01.9033	-00.7782	0001.526
-01.8990	-00.7776	0001.527
-01.8947	-00.7779	0001.528
-01.8911	-00.7779	0001.529
-01.8871	-00.7779	0001.530
-01.8834	-00.7779	0001.531
-01.8792	-00.7779	0001.532
-01.8752	-00.7779	0001.533
-01.8706	-00.7779	0001.534
-01.8673	-00.7779	0001.535
-01.8627	-00.7779	0001.536
-01.8587	-00.7776	0001.537
-01.8550	-00.7779	0001.538
-01.8511	-00.7776	0001.539
-01.8474	-00.7779	0001.540
-01.8428	-00.7772	0001.541
-01.8395	-00.7776	0001.542
-01.8352	-00.7772	0001.543
-01.8306	-00.7776	0001.544
-01.8267	-00.7772	0001.545
-01.8233	-00.7769	0001.546
-01.8193	-00.7776	0001.547
-01.8151	-00.7772	0001.548
-01.8111	-00.7779	0001.549
-01.8074	-00.7772	0001.550
-01.8029	-00.7772	0001.551
-01.7989	-00.7769	0001.552
-01.7946	-00.7772	0001.553
-01.7913	-00.7772	0001.554
-01.7864	-00.7772	0001.555
-01.7824	-00.7772	0001.556
-01.7794	-00.7769	0001.557
-01.7751	-00.7776	0001.558
-01.7714	-00.7776	0001.559
-01.7678	-00.7776	0001.560
-01.7629	-00.7772	0001.561
-01.7589	-00.7772	0001.562
-01.7550	-00.7772	0001.563
-01.7507	-00.7769	0001.564
-01.7470	-00.7769	0001.565
-01.7434	-00.7769	0001.566
-01.7385	-00.7779	0001.567
-01.7348	-00.7763	0001.568
-01.7311	-00.7776	0001.569
-01.7272	-00.7772	0001.570
-01.7229	-00.7763	0001.571
-01.7189	-00.7769	0001.572
-01.7147	-00.7772	0001.573
-01.7107	-00.7763	0001.574
-01.7067	-00.7769	0001.575
-01.7031	-00.7769	0001.576
-01.6994	-00.7766	0001.577
-01.6948	-00.7769	0001.578
-01.6915	-00.7769	0001.579
-01.6866	-00.7769	0001.580
-01.6823	-00.7766	0001.581
-01.6790	-00.7769	0001.582
-01.6744	-00.7766	0001.583
-01.6707	-00.7766	0001.584
-01.6671	-00.7766	0001.585
-01.6628	-00.7766	0001.586
-01.6591	-00.7769	0001.587
-01.6549	-00.7766	0001.588
-01.6512	-00.7763	0001.589
-01.6466	-00.7769	0001.590
-01.6430	-00.7766	0001.591
-01.6387	-00.7760	0001.592
-01.6350	-00.7763	0001.593
-01.6304	-00.7766	0001.594
-01.6268	-00.7763	0001.595
-01.6228	-00.7763	0001.596
-01.6191	-00.7766	0001.597
-01.6149	-00.7763	0001.598
-01.6112	-00.7763	0001.599
-01.6063	-00.7766	0001.600
-01.6024	-00.7766	0001.601
-01.5987	-00.7760	0001.602
-01.5950	-00.7763	0001.603
-01.5911	-00.7760	0001.604
-01.5868	-00.7760	0001.605
-01.5828	-00.7760	0001.606
-01.5786	-00.7760	0001.607
-01.5752	-00.7763	0001.608
-01.5703	-00.7760	0001.609
-01.5660	-00.7760	0001.610
-01.5627	-00.7757	0001.611
-01.5587	-00.7760	0001.612
-01.5545	-00.7763	0001.613
-01.5508	-00.7760	0001.614
-01.5468	-00.7760	0001.615
-01.5429	-00.7757	0001.616
-01.5389	-00.7763	0001.617
-01.5343	-00.7757	0001.618
-01.5303	-00.7763	0001.619
-01.5261	-00.7757	0001.620
-01.5230	-00.7763	0001.621
-01.5187	-00.7760	0001.622
-01.5148	-00.7757	0001.623
-01.5102	-00.7760	0001.624
-01.5065	-00.7757	0001.625
-01.5023	-00.7760	0001.626
-01.4986	-00.7757	0001.627
-01.4943	-00.7757	0001.628
-01.4904	-00.7757	0001.629
-01.4861	-00.7760	0001.630
-01.4824	-00.7754	0001.631
-01.4785	-00.7757	0001.632
-01.4745	-00.7757	0001.633
-01.4702	-00.7754	0001.634
-01.4666	-00.7754	0001.635
-01.4623	-00.7754	0001.636
-01.4583	-00.7751	0001.637
-01.4544	-00.7757	0001.638
-01.4501	-00.7751	0001.639
-01.4467	-00.7757	0001.640
-01.4428	-00.7757	0001.641
-01.4382	-00.7754	0001.642
-01.4345	-00.7754	0001.643
-01.4309	-00.7751	0001.644
-01.4263	-00.7754	0001.645
-01.4223	-00.7757	0001.646
-01.4190	-00.7754	0001.647
-01.4141	-00.7748	0001.648
-01.4107	-00.7751	0001.649
-01.4064	-00.7751	0001.650
-01.4022	-00.7754	0001.651
-01.3988	-00.7757	0001.652
-01.3948	-00.7754	0001.653
-01.3909	-00.7751	0001.654
-01.3863	-00.7751	0001.655
-01.3826	-00.7751	0001.656
-01.3781	-00.7751	0001.657
-01.3744	-00.7748	0001.658
-01.3704	-00.7751	0001.659
-01.3662	-00.7748	0001.660
-01.3625	-00.7754	0001.661
-01.3585	-00.7748	0001.662
-01.3536	-00.7745	0001.663
-01.3503	-00.7751	0001.664
-01.3460	-00.7748	0001.665
-01.3424	-00.7751	0001.666
-01.3378	-00.7748	0001.667
-01.3341	-00.7748	0001.668
-01.3305	-00.7748	0001.669
-01.3262	-00.7745	0001.670
-01.3222	-00.7754	0001.671
-01.3186	-00.7748	0001.672
-01.3146	-00.7748	0001.673
-01.3097	-00.7748	0001.674
-01.3060	-00.7748	0001.675
-01.3021	-00.7745	0001.676
-01.2981	-00.7751	0001.677
-01.2947	-00.7748	0001.678
-01.2905	-00.7739	0001.679
-01.2859	-00.7745	0001.680
-01.2822	-00.7748	0001.681
-01.2783	-00.7745	0001.682
-01.2740	-00.7748	0001.683
-01.2700	-00.7742	0001.684
-01.2661	-00.7748	0001.685
-01.2624	-00.7745	0001.686
-01.2581	-00.7745	0001.687
-01.2542	-00.7748	0001.688
-01.2496	-00.7742	0001.689
-01.2465	-00.7742	0001.690
-01.2423	-00.7745	0001.691
-01.2377	-00.7742	0001.692
-01.2334	-00.7742	0001.693
-01.2297	-00.7742	0001.694
-01.2258	-00.7742	0001.695
-01.2221	-00.7742	0001.696
-01.2178	-00.7745	0001.697
-01.2139	-00.7742	0001.698
-01.2102	-00.7739	0001.699
-01.2056	-00.7742	0001.700
-01.2023	-00.7742	0001.701
-01.1980	-00.7742	0001.702
-01.1940	-00.7736	0001.703
-01.1895	-00.7739	0001.704
-01.1858	-00.7739	0001.705
-01.1818	-00.7742	0001.706
-01.1782	-00.7736	0001.707
-01.1745	-00.7739	0001.708
-01.1699	-00.7739	0001.709
-01.1663	-00.7742	0001.710
-01.1623	-00.7742	0001.711
-01.1577	-00.7739	0001.712
-01.1541	-00.7739	0001.713
-01.1501	-00.7739	0001.714
-01.1464	-00.7739	0001.715
-01.1419	-00.7742	0001.716
-01.1379	-00.7736	0001.717
-01.1342	-00.7739	0001.718
-01.1300	-00.7736	0001.719
-01.1257	-00.7733	0001.720
-01.1220	-00.7736	0001.721
-01.1184	-00.7736	0001.722
-01.1138	-00.7733	0001.723
-01.1095	-00.7736	0001.724
-01.1061	-00.7733	0001.725
-01.1019	-00.7736	0001.726
-01.0982	-00.7736	0001.727
-01.0942	-00.7739	0001.728
-01.0903	-00.7736	0001.729
-01.0860	-00.7733	0001.730
-01.0820	-00.7733	0001.731
-01.0781	-00.7736	0001.732
-01.0738	-00.7736	0001.733
-01.0698	-00.7727	0001.734
-01.0659	-00.7733	0001.735
-01.0619	-00.7730	0001.736
-01.0576	-00.7733	0001.737
-01.0540	-00.7733	0001.738
-01.0497	-00.7730	0001.739
-01.0454	-00.7733	0001.740
-01.0421	-00.7733	0001.741
-01.0378	-00.7730	0001.742
-01.0341	-00.7733	0001.743
-01.0299	-00.7736	0001.744
-01.0259	-00.7727	0001.745
-01.0219	-00.7733	0001.746
-01.0186	-00.7730	0001.747
-01.0140	-00.7733	0001.748
-01.0094	-00.7730	0001.749
-01.0057	-00.7727	0001.750
-01.0018	-00.7733	0001.751
-00.9978	-00.7730	0001.752
-00.9935	-00.7727	0001.753
-00.9896	-00.7730	0001.754
-00.9856	-00.7727	0001.755
-00.9816	-00.7730	0001.756
-00.9777	-00.7724	0001.757
-00.9737	-00.7727	0001.758
-00.9697	-00.7730	0001.759
-00.9655	-00.7727	0001.760
-00.9618	-00.7727	0001.761
-00.9575	-00.7730	0001.762
-00.9539	-00.7727	0001.763
-00.9496	-00.7727	0001.764
-00.9456	-00.7727	0001.765
-00.9417	-00.7724	0001.766
-00.9377	-00.7727	0001.767
-00.9334	-00.7724	0001.768
-00.9295	-00.7727	0001.769
-00.9249	-00.7727	0001.770
-00.9212	-00.7724	0001.771
-00.9182	-00.7724	0001.772
-00.9136	-00.7724	0001.773
-00.9099	-00.7724	0001.774
-00.9056	-00.7721	0001.775
-00.9023	-00.7724	0001.776
-00.8977	-00.7724	0001.777
-00.8934	-00.7724	0001.778
-00.8895	-00.7721	0001.779
-00.8855	-00.7724	0001.780
-00.8815	-00.7724	0001.781
-00.8773	-00.7714	0001.782
-00.8736	-00.7721	0001.783
-00.8693	-00.7724	0001.784
-00.8657	-00.7721	0001.785
-00.8614	-00.7721	0001.786
-00.8571	-00.7718	0001.787
-00.8535	-00.7721	0001.788
-00.8498	-00.7724	0001.789
-00.8455	-00.7718	0001.790
-00.8416	-00.7718	0001.791
-00.8376	-00.7718	0001.792
-00.8333	-00.7714	0001.793
-00.8294	-00.7714	0001.794
-00.8257	-00.7718	0001.795
-00.8214	-00.7718	0001.796
-00.8175	-00.7714	0001.797
-00.8135	-00.7714	0001.798
-00.8092	-00.7714	0001.799
-00.8049	-00.7714	0001.800
-00.8019	-00.7714	0001.801
-00.7973	-00.7721	0001.802
-00.7936	-00.7718	0001.803
-00.7894	-00.7718	0001.804
-00.7848	-00.7711	0001.805
-00.7817	-00.7711	0001.806
-00.7772	-00.7711	0001.807
-00.7738	-00.7714	0001.808
-00.7692	-00.7714	0001.809
-00.7656	-00.7714	0001.810
-00.7613	-00.7714	0001.811
-00.7576	-00.7714	0001.812
-00.7534	-00.7714	0001.813
-00.7494	-00.7711	0001.814
-00.7454	-00.7711	0001.815
-00.7415	-00.7711	0001.816
-00.7369	-00.7708	0001.817
-00.7335	-00.7711	0001.818
-00.7296	-00.7711	0001.819
-00.7253	-00.7708	0001.820
-00.7213	-00.7714	0001.821
-00.7170	-00.7708	0001.822
-00.7134	-00.7711	0001.823
-00.7091	-00.7708	0001.824
-00.7051	-00.7708	0001.825
-00.7012	-00.7708	0001.826
-00.6972	-00.7708	0001.827
-00.6932	-00.7708	0001.828
-00.6893	-00.7711	0001.829
-00.6856	-00.7708	0001.830
-00.6813	-00.7708	0001.831
-00.6774	-00.7705	0001.832
-00.6728	-00.7702	0001.833
-00.6694	-00.7708	0001.834
-00.6655	-00.7705	0001.835
-00.6612	-00.7705	0001.836
-00.6575	-00.7708	0001.837
-00.6536	-00.7705	0001.838
-00.6493	-00.7705	0001.839
-00.6450	-00.7705	0001.840
-00.6420	-00.7705	0001.841
-00.6377	-00.7699	0001.842
-00.6334	-00.7705	0001.843
-00.6292	-00.7705	0001.844
-00.6252	-00.7705	0001.845
-00.6218	-00.7705	0001.846
-00.6173	-00.7702	0001.847
-00.6130	-00.7705	0001.848
-00.6090	-00.7699	0001.849
-00.6057	-00.7699	0001.850
-00.6011	-00.7699	0001.851
-00.5971	-00.7702	0001.852
-00.5931	-00.7705	0001.853
-00.5892	-00.7699	0001.854
-00.5849	-00.7702	0001.855
-00.5819	-00.7702	0001.856
-00.5776	-00.7699	0001.857
-00.5733	-00.7702	0001.858
-00.5693	-00.7699	0001.859
-00.5654	-00.7696	0001.860
-00.5611	-00.7699	0001.861
-00.5568	-00.7699	0001.862
-00.5532	-00.7699	0001.863
-00.5489	-00.7696	0001.864
-00.5449	-00.7696	0001.865
-00.5410	-00.7702	0001.866
-00.5373	-00.7696	0001.867
-00.5336	-00.7696	0001.868
-00.5294	-00.7699	0001.869
-00.5251	-00.7693	0001.870
-00.5208	-00.7696	0001.871
-00.5169	-00.7699	0001.872
-00.5129	-00.7696	0001.873
-00.5092	-00.7693	0001.874
-00.5046	-00.7693	0001.875
-00.5013	-00.7696	0001.876
-00.4970	-00.7693	0001.877
-00.4934	-00.7693	0001.878
-00.4891	-00.7690	0001.879
-00.4848	-00.7693	0001.880
-00.4815	-00.7690	0001.881
-00.4769	-00.7693	0001.882
-00.4729	-00.7690	0001.883
-00.4689	-00.7690	0001.884
-00.4650	-00.7690	0001.885
-00.4613	-00.7690	0001.886
-00.4570	-00.7687	0001.887
-00.4534	-00.7687	0001.888
-00.4488	-00.7690	0001.889
-00.4451	-00.7687	0001.890
-00.4406	-00.7690	0001.891
-00.4369	-00.7693	0001.892
-00.4329	-00.7687	0001.893
-00.4293	-00.7687	0001.894
-00.4253	-00.7687	0001.895
-00.4207	-00.7684	0001.896
-00.4174	-00.7684	0001.897
-00.4131	-00.7687	0001.898
-00.4091	-00.7687	0001.899
-00.4052	-00.7684	0001.900
-00.4009	-00.7687	0001.901
-00.3969	-00.7681	0001.902
-00.3930	-00.7681	0001.903
-00.3890	-00.7684	0001.904
-00.3856	-00.7684	0001.905
-00.3811	-00.7684	0001.906
-00.3774	-00.7687	0001.907
-00.3728	-00.7684	0001.908
-00.3691	-00.7681	0001.909
-00.3649	-00.7684	0001.910
-00.3606	-00.7684	0001.911
-00.3566	-00.7684	0001.912
-00.3530	-00.7681	0001.913
-00.3484	-00.7678	0001.914
-00.3447	-00.7678	0001.915
-00.3405	-00.7681	0001.916
-00.3365	-00.7681	0001.917
-00.3325	-00.7678	0001.918
-00.3289	-00.7678	0001.919
-00.3249	-00.7681	0001.920
-00.3206	-00.7678	0001.921
-00.3167	-00.7675	0001.922
-00.3124	-00.7678	0001.923
-00.3084	-00.7675	0001.924
-00.3054	-00.7678	0001.925
-00.3008	-00.7675	0001.926
-00.2968	-00.7675	0001.927
-00.2922	-00.7675	0001.928
-00.2889	-00.7678	0001.929
-00.2846	-00.7675	0001.930
-00.2806	-00.7675	0001.931
-00.2767	-00.7675	0001.932
-00.2730	-00.7675	0001.933
-00.2691	-00.7678	0001.934
-00.2648	-00.7669	0001.935
-00.2605	-00.7672	0001.936
-00.2562	-00.7678	0001.937
-00.2529	-00.7672	0001.938
-00.2486	-00.7675	0001.939
-00.2449	-00.7669	0001.940
-00.2410	-00.7669	0001.941
-00.2370	-00.7669	0001.942
-00.2327	-00.7672	0001.943
-00.2288	-00.7666	0001.944
-00.2242	-00.7672	0001.945
-00.2205	-00.7666	0001.946
-00.2163	-00.7672	0001.947
-00.2126	-00.7666	0001.948
-00.2086	-00.7672	0001.949
-00.2047	-00.7672	0001.950
-00.2010	-00.7666	0001.951
-00.1970	-00.7666	0001.952
-00.1931	-00.7669	0001.953
-00.1888	-00.7666	0001.954
-00.1845	-00.7666	0001.955
-00.1806	-00.7663	0001.956
-00.1763	-00.7669	0001.957
-00.1726	-00.7669	0001.958
-00.1680	-00.7663	0001.959
-00.1647	-00.7663	0001.960
-00.1607	-00.7660	0001.961
-00.1574	-00.7663	0001.962
-00.1528	-00.7660	0001.963
-00.1485	-00.7666	0001.964
-00.1445	-00.7663	0001.965
-00.1403	-00.7663	0001.966
-00.1366	-00.7663	0001.967
-00.1326	-00.7663	0001.968
-00.1284	-00.7660	0001.969
-00.1247	-00.7660	0001.970
-00.1204	-00.7663	0001.971
-00.1171	-00.7663	0001.972
-00.1122	-00.7660	0001.973
-00.1085	-00.7663	0001.974
-00.1043	-00.7653	0001.975
-00.1006	-00.7656	0001.976
-00.0963	-00.7656	0001.977
-00.0924	-00.7656	0001.978
-00.0890	-00.7656	0001.979
-00.0850	-00.7653	0001.980
-00.0808	-00.7660	0001.981
-00.0768	-00.7653	0001.982
-00.0725	-00.7653	0001.983
-00.0679	-00.7660	0001.984
-00.0643	-00.7660	0001.985
-00.0603	-00.7650	0001.986
-00.0563	-00.7656	0001.987
-00.0527	-00.7653	0001.988
-00.0484	-00.7656	0001.989
-00.0447	-00.7650	0001.990
-00.0405	-00.7653	0001.991
-00.0365	-00.7650	0001.992
-00.0325	-00.7650	0001.993
-00.0283	-00.7650	0001.994
-00.0243	-00.7647	0001.995
-00.0203	-00.7650	0001.996
-00.0161	-00.7647	0001.997
-00.0124	-00.7644	0001.998
-00.0084	-00.7647	0001.999
