R,Ohm	C,pF	Temp,C
0000000000	0000100000	+025.00
Ch1,V	Ch2,V	Time,s
-00.0002	-00.0012	0000.000
-00.0008	-00.0006	0000.001
-00.0029	-00.0003	0000.002
-00.0054	-00.0003	0000.003
-00.0081	-00.0009	0000.004
-00.0103	-00.0009	0000.005
-00.0130	-00.0009	0000.006
-00.0161	-00.0006	0000.007
-00.0188	-00.0006	0000.008
-00.0212	-00.0009	0000.009
-00.0243	-00.0006	0000.010
-00.0267	-00.0009	0000.011
-00.0298	-00.0009	0000.012
-00.0319	-00.0012	0000.013
-00.0350	-00.0012	0000.014
-00.0377	-00.0009	0000.015
-00.0402	-00.0009	0000.016
-00.0429	-00.0006	0000.017
-00.0457	-00.0009	0000.018
-00.0484	-00.0006	0000.019
-00.0509	-00.0012	0000.020
-00.0533	-00.0012	0000.021
-00.0560	-00.0009	0000.022
-00.0591	-00.0012	0000.023
-00.0612	-00.0012	0000.024
-00.0643	-00.0012	0000.025
-00.0670	-00.0009	0000.026
-00.0692	-00.0009	0000.027
-00.0719	-00.0009	0000.028
-00.0750	-00.0006	0000.029
-00.0774	-00.0012	0000.030
-00.0805	-00.0006	0000.031
-00.0829	-00.0012	0000.032
-00.0853	-00.0009	0000.033
-00.0881	-00.0015	0000.034
-00.0911	-00.0009	0000.035
-00.0933	-00.0012	0000.036
-00.0966	-00.0015	0000.037
-00.0991	-00.0012	0000.038
-00.1015	-00.0018	0000.039
-00.1040	-00.0015	0000.040
-00.1073	-00.0015	0000.041
-00.1097	-00.0012	0000.042
-00.1116	-00.0012	0000.043
-00.1149	-00.0012	0000.044
-00.1177	-00.0015	0000.045
-00.1204	-00.0012	0000.046
-00.1229	-00.0015	0000.047
-00.1253	-00.0015	0000.048
-00.1284	-00.0012	0000.049
-00.1314	-00.0006	0000.050
-00.1336	-00.0015	0000.051
-00.1360	-00.0012	0000.052
-00.1390	-00.0015	0000.053
-00.1418	-00.0012	0000.054
-00.1442	-00.0015	0000.055
-00.1473	-00.0012	0000.056
-00.1497	-00.0015	0000.057
-00.1528	-00.0012	0000.058
-00.1549	-00.0015	0000.059
-00.1574	-00.0015	0000.060
-00.1610	-00.0015	0000.061
-00.1632	-00.0018	0000.062
-00.1656	-00.0015	0000.063
-00.1683	-00.0018	0000.064
-00.1711	-00.0018	0000.065
-00.1732	-00.0015	0000.066
-00.1763	-00.0015	0000.067
-00.1790	-00.0015	0000.068
-00.1815	-00.0018	0000.069
-00.1839	-00.0015	0000.070
-00.1870	-00.0018	0000.071
-00.1897	-00.0015	0000.072
-00.1921	-00.0015	0000.073
-00.1946	-00.0018	0000.074
-00.1976	-00.0021	0000.075
-00.2001	-00.0021	0000.076
-00.2034	-00.0021	0000.077
-00.2056	-00.0021	0000.078
-00.2080	-00.0012	0000.079
-00.2111	-00.0021	0000.080
-00.2138	-00.0018	0000.081
-00.2160	-00.0021	0000.082
-00.2187	-00.0018	0000.083
-00.2217	-00.0021	0000.084
-00.2242	-00.0021	0000.085
-00.2269	-00.0018	0000.086
-00.2291	-00.0024	0000.087
-00.2321	-00.0024	0000.088
-00.2349	-00.0018	0000.089
-00.2373	-00.0021	0000.090
-00.2407	-00.0024	0000.091
-00.2431	-00.0024	0000.092
-00.2456	-00.0024	0000.093
-00.2489	-00.0027	0000.094
-00.2507	-00.0027	0000.095
-00.2535	-00.0024	0000.096
-00.2568	-00.0024	0000.097
-00.2590	-00.0027	0000.098
-00.2617	-00.0030	0000.099
-00.2642	-00.0027	0000.100
-00.2672	-00.0027	0000.101
-00.2700	-00.0033	0000.102
-00.2721	-00.0024	0000.103
-00.2752	-00.0030	0000.104
-00.2776	-00.0030	0000.105
-00.2803	-00.0030	0000.106
-00.2831	-00.0033	0000.107
-00.2858	-00.0033	0000.108
-00.2883	-00.0030	0000.109
-00.2913	-00.0033	0000.110
-00.2938	-00.0030	0000.111
-00.2965	-00.0036	0000.112
-00.2987	-00.0036	0000.113
-00.3020	-00.0030	0000.114
-00.3048	-00.0033	0000.115
-00.3069	-00.0033	0000.116
-00.3099	-00.0033	0000.117
-00.3130	-00.0039	0000.118
-00.3154	-00.0036	0000.119
-00.3176	-00.0048	0000.120
-00.3206	-00.0042	0000.121
-00.3228	-00.0042	0000.122
-00.3258	-00.0042	0000.123
-00.3283	-00.0045	0000.124
-00.3313	-00.0045	0000.125
-00.3337	-00.0045	0000.126
-00.3365	-00.0042	0000.127
-00.3392	-00.0048	0000.128
-00.3417	-00.0048	0000.129
-00.3447	-00.0048	0000.130
-00.3475	-00.0052	0000.131
-00.3496	-00.0052	0000.132
-00.3527	-00.0048	0000.133
-00.3551	-00.0055	0000.134
-00.3579	-00.0052	0000.135
-00.3606	-00.0058	0000.136
-00.3630	-00.0055	0000.137
-00.3658	-00.0061	0000.138
-00.3688	-00.0055	0000.139
-00.3713	-00.0058	0000.140
-00.3740	-00.0058	0000.141
-00.3765	-00.0061	0000.142
-00.3786	-00.0061	0000.143
-00.3820	-00.0064	0000.144
-00.3847	-00.0061	0000.145
-00.3872	-00.0064	0000.146
-00.3899	-00.0067	0000.147
-00.3926	-00.0061	0000.148
-00.3954	-00.0067	0000.149
-00.3978	-00.0067	0000.150
-00.4006	-00.0067	0000.151
-00.4036	-00.0070	0000.152
-00.4061	-00.0067	0000.153
-00.4091	-00.0073	0000.154
-00.4116	-00.0073	0000.155
-00.4140	-00.0070	0000.156
-00.4165	-00.0070	0000.157
-00.4195	-00.0070	0000.158
-00.4216	-00.0070	0000.159
-00.4244	-00.0076	0000.160
-00.4277	-00.0076	0000.161
-00.4299	-00.0079	0000.162
-00.4326	-00.0076	0000.163
-00.4354	-00.0076	0000.164
-00.4384	-00.0082	0000.165
-00.4406	-00.0088	0000.166
-00.4433	-00.0091	0000.167
-00.4464	-00.0094	0000.168
-00.4485	-00.0097	0000.169
-00.4509	-00.0097	0000.170
-00.4540	-00.0097	0000.171
-00.4570	-00.0097	0000.172
-00.4592	-00.0106	0000.173
-00.4622	-00.0100	0000.174
-00.4650	-00.0103	0000.175
-00.4674	-00.0106	0000.176
-00.4702	-00.0109	0000.177
-00.4729	-00.0113	0000.178
-00.4750	-00.0119	0000.179
-00.4784	-00.0122	0000.180
-00.4802	-00.0122	0000.181
-00.4833	-00.0131	0000.182
-00.4857	-00.0134	0000.183
-00.4891	-00.0137	0000.184
-00.4906	-00.0140	0000.185
-00.4943	-00.0143	0000.186
-00.4964	-00.0149	0000.187
-00.4998	-00.0152	0000.188
-00.5016	-00.0158	0000.189
-00.5046	-00.0161	0000.190
-00.5080	-00.0164	0000.191
-00.5101	-00.0171	0000.192
-00.5126	-00.0174	0000.193
-00.5156	-00.0177	0000.194
-00.5181	-00.0177	0000.195
-00.5205	-00.0183	0000.196
-00.5233	-00.0186	0000.197
-00.5263	-00.0189	0000.198
-00.5291	-00.0192	0000.199
-00.5312	-00.0198	0000.200
-00.5342	-00.0198	0000.201
-00.5367	-00.0204	0000.202
-00.5394	-00.0210	0000.203
-00.5419	-00.0213	0000.204
-00.5446	-00.0222	0000.205
-00.5474	-00.0222	0000.206
-00.5504	-00.0232	0000.207
-00.5529	-00.0232	0000.208
-00.5556	-00.0241	0000.209
-00.5584	-00.0244	0000.210
-00.5608	-00.0256	0000.211
-00.5632	-00.0256	0000.212
-00.5660	-00.0265	0000.213
-00.5690	-00.0271	0000.214
-00.5715	-00.0280	0000.215
-00.5736	-00.0286	0000.216
-00.5767	-00.0293	0000.217
-00.5800	-00.0308	0000.218
-00.5822	-00.0308	0000.219
-00.5846	-00.0323	0000.220
-00.5877	-00.0326	0000.221
-00.5904	-00.0341	0000.222
-00.5935	-00.0344	0000.223
-00.5956	-00.0357	0000.224
-00.5980	-00.0366	0000.225
-00.6014	-00.0372	0000.226
-00.6038	-00.0384	0000.227
-00.6063	-00.0393	0000.228
-00.6093	-00.0402	0000.229
-00.6118	-00.0436	0000.230
-00.6142	-00.0451	0000.231
-00.6166	-00.0467	0000.232
-00.6200	-00.0479	0000.233
-00.6224	-00.0500	0000.234
-00.6246	-00.0543	0000.235
-00.6273	-00.0579	0000.236
-00.6307	-00.0631	0000.237
-00.6328	-00.0680	0000.238
-00.6356	-00.0753	0000.239
-00.6380	-00.0818	0000.240
-00.6411	-00.0888	0000.241
-00.6435	-00.0964	0000.242
-00.6462	-00.1059	0000.243
-00.6487	-00.1147	0000.244
-00.6517	-00.1251	0000.245
-00.6539	-00.1355	0000.246
-00.6569	-00.1510	0000.247
-00.6594	-00.1675	0000.248
-00.6624	-00.1797	0000.249
-00.6652	-00.1919	0000.250
-00.6679	-00.2044	0000.251
-00.6707	-00.2194	0000.252
-00.6731	-00.2374	0000.253
-00.6759	-00.2481	0000.254
-00.6786	-00.2569	0000.255
-00.6813	-00.2667	0000.256
-00.6835	-00.2743	0000.257
-00.6859	-00.2829	0000.258
-00.6890	-00.2917	0000.259
-00.6920	-00.3012	0000.260
-00.6945	-00.3097	0000.261
-00.6969	-00.3222	0000.262
-00.7000	-00.3268	0000.263
-00.7030	-00.3308	0000.264
-00.7048	-00.3335	0000.265
-00.7079	-00.3360	0000.266
-00.7106	-00.3384	0000.267
-00.7131	-00.3402	0000.268
-00.7155	-00.3427	0000.269
-00.7183	-00.3442	0000.270
-00.7210	-00.3460	0000.271
-00.7238	-00.3479	0000.272
-00.7262	-00.3500	0000.273
-00.7290	-00.3515	0000.274
-00.7320	-00.3537	0000.275
-00.7344	-00.3549	0000.276
-00.7372	-00.3567	0000.277
-00.7396	-00.3579	0000.278
-00.7424	-00.3592	0000.279
-00.7451	-00.3610	0000.280
-00.7479	-00.3625	0000.281
-00.7509	-00.3646	0000.282
-00.7534	-00.3656	0000.283
-00.7555	-00.3674	0000.284
-00.7586	-00.3689	0000.285
-00.7610	-00.3708	0000.286
-00.7644	-00.3729	0000.287
-00.7665	-00.3762	0000.288
-00.7692	-00.3790	0000.289
-00.7726	-00.3848	0000.290
-00.7744	-00.6048	0000.291
-00.7769	-00.6411	0000.292
-00.7799	-00.6454	0000.293
-00.7827	-00.6485	0000.294
-00.7851	-00.6506	0000.295
-00.7872	-00.6530	0000.296
-00.7906	-00.6546	0000.297
-00.7936	-00.6564	0000.298
-00.7958	-00.6576	0000.299
-00.7982	-00.6585	0000.300
-00.8010	-00.6598	0000.301
-00.8034	-00.6604	0000.302
-00.8062	-00.6613	0000.303
-00.8092	-00.6619	0000.304
-00.8120	-00.6634	0000.305
-00.8144	-00.6637	0000.306
-00.8168	-00.6646	0000.307
-00.8196	-00.6652	0000.308
-00.8223	-00.6662	0000.309
-00.8251	-00.6668	0000.310
-00.8278	-00.6674	0000.311
-00.8309	-00.6680	0000.312
-00.8333	-00.6686	0000.313
-00.8358	-00.6692	0000.314
-00.8385	-00.6701	0000.315
-00.8419	-00.6707	0000.316
-00.8437	-00.6717	0000.317
-00.8464	-00.6714	0000.318
-00.8492	-00.6726	0000.319
-00.8519	-00.6723	0000.320
-00.8544	-00.6732	0000.321
-00.8568	-00.6738	0000.322
-00.8596	-00.6741	0000.323
-00.8629	-00.6744	0000.324
-00.8654	-00.6750	0000.325
-00.8678	-00.6750	0000.326
-00.8706	-00.6759	0000.327
-00.8733	-00.6762	0000.328
-00.8757	-00.6918	0000.329
-00.8785	-00.6948	0000.330
-00.8812	-00.6955	0000.331
-00.8840	-00.6967	0000.332
-00.8867	-00.6976	0000.333
-00.8895	-00.6985	0000.334
-00.8916	-00.6988	0000.335
-00.8947	-00.6994	0000.336
-00.8974	-00.6997	0000.337
-00.8998	-00.7000	0000.338
-00.9026	-00.7010	0000.339
-00.9053	-00.7010	0000.340
-00.9081	-00.7016	0000.341
-00.9105	-00.7016	0000.342
-00.9136	-00.7022	0000.343
-00.9163	-00.7025	0000.344
-00.9179	-00.7031	0000.345
-00.9215	-00.7037	0000.346
-00.9240	-00.7040	0000.347
-00.9267	-00.7046	0000.348
-00.9298	-00.7043	0000.349
-00.9322	-00.7052	0000.350
-00.9353	-00.7055	0000.351
-00.9377	-00.7055	0000.352
-00.9401	-00.7058	0000.353
-00.9429	-00.7058	0000.354
-00.9456	-00.7064	0000.355
-00.9481	-00.7068	0000.356
-00.9508	-00.7071	0000.357
-00.9536	-00.7071	0000.358
-00.9560	-00.7074	0000.359
-00.9587	-00.7077	0000.360
-00.9612	-00.7083	0000.361
-00.9639	-00.7080	0000.362
-00.9670	-00.7086	0000.363
-00.9691	-00.7086	0000.364
-00.9722	-00.7095	0000.365
-00.9746	-00.7095	0000.366
-00.9774	-00.7101	0000.367
-00.9801	-00.7101	0000.368
-00.9829	-00.7101	0000.369
-00.9856	-00.7110	0000.370
-00.9880	-00.7113	0000.371
-00.9908	-00.7119	0000.372
-00.9935	-00.7119	0000.373
-00.9963	-00.7122	0000.374
-00.9990	-00.7125	0000.375
-01.0018	-00.7132	0000.376
-01.0039	-00.7135	0000.377
-01.0070	-00.7138	0000.378
-01.0091	-00.7144	0000.379
-01.0122	-00.7144	0000.380
-01.0149	-00.7147	0000.381
-01.0173	-00.7153	0000.382
-01.0198	-00.7153	0000.383
-01.0228	-00.7156	0000.384
-01.0256	-00.7159	0000.385
-01.0286	-00.7165	0000.386
-01.0308	-00.7165	0000.387
-01.0332	-00.7168	0000.388
-01.0366	-00.7168	0000.389
-01.0390	-00.7171	0000.390
-01.0418	-00.7174	0000.391
-01.0448	-00.7174	0000.392
-01.0469	-00.7177	0000.393
-01.0494	-00.7180	0000.394
-01.0521	-00.7180	0000.395
-01.0546	-00.7187	0000.396
-01.0579	-00.7183	0000.397
-01.0604	-00.7190	0000.398
-01.0625	-00.7193	0000.399
-01.0656	-00.7196	0000.400
-01.0683	-00.7196	0000.401
-01.0707	-00.7202	0000.402
-01.0738	-00.7199	0000.403
-01.0765	-00.7196	0000.404
-01.0790	-00.7202	0000.405
-01.0814	-00.7208	0000.406
-01.0839	-00.7205	0000.407
-01.0869	-00.7205	0000.408
-01.0894	-00.7211	0000.409
-01.0921	-00.7211	0000.410
-01.0952	-00.7214	0000.411
-01.0976	-00.7214	0000.412
-01.1000	-00.7223	0000.413
-01.1028	-00.7220	0000.414
-01.1052	-00.7220	0000.415
-01.1083	-00.7226	0000.416
-01.1113	-00.7229	0000.417
-01.1135	-00.7223	0000.418
-01.1165	-00.7229	0000.419
-01.1187	-00.7223	0000.420
-01.1214	-00.7229	0000.421
-01.1242	-00.7235	0000.422
-01.1272	-00.7235	0000.423
-01.1296	-00.7241	0000.424
-01.1324	-00.7235	0000.425
-01.1348	-00.7241	0000.426
-01.1376	-00.7241	0000.427
-01.1403	-00.7245	0000.428
-01.1428	-00.7248	0000.429
-01.1455	-00.7248	0000.430
-01.1480	-00.7248	0000.431
-01.1510	-00.7254	0000.432
-01.1535	-00.7251	0000.433
-01.1565	-00.7254	0000.434
-01.1592	-00.7257	0000.435
-01.1620	-00.7263	0000.436
-01.1638	-00.7263	0000.437
-01.1672	-00.7263	0000.438
-01.1696	-00.7263	0000.439
-01.1727	-00.7269	0000.440
-01.1745	-00.7269	0000.441
-01.1779	-00.7269	0000.442
-01.1806	-00.7272	0000.443
-01.1827	-00.7275	0000.444
-01.1852	-00.7275	0000.445
-01.1882	-00.7275	0000.446
-01.1910	-00.7278	0000.447
-01.1937	-00.7278	0000.448
-01.1962	-00.7284	0000.449
-01.1989	-00.7284	0000.450
-01.2020	-00.7281	0000.451
-01.2041	-00.7287	0000.452
-01.2072	-00.7287	0000.453
-01.2099	-00.7290	0000.454
-01.2123	-00.7290	0000.455
-01.2145	-00.7290	0000.456
-01.2178	-00.7290	0000.457
-01.2206	-00.7293	0000.458
-01.2230	-00.7293	0000.459
-01.2255	-00.7296	0000.460
-01.2285	-00.7302	0000.461
-01.2313	-00.7299	0000.462
-01.2337	-00.7302	0000.463
-01.2365	-00.7306	0000.464
-01.2386	-00.7309	0000.465
-01.2420	-00.7306	0000.466
-01.2447	-00.7309	0000.467
-01.2468	-00.7309	0000.468
-01.2496	-00.7312	0000.469
-01.2526	-00.7318	0000.470
-01.2545	-00.7312	0000.471
-01.2581	-00.7315	0000.472
-01.2609	-00.7318	0000.473
-01.2630	-00.7321	0000.474
-01.2661	-00.7324	0000.475
-01.2685	-00.7324	0000.476
-01.2712	-00.7324	0000.477
-01.2740	-00.7327	0000.478
-01.2764	-00.7324	0000.479
-01.2789	-00.7330	0000.480
-01.2819	-00.7327	0000.481
-01.2847	-00.7330	0000.482
-01.2871	-00.7327	0000.483
-01.2899	-00.7327	0000.484
-01.2926	-00.7336	0000.485
-01.2951	-00.7336	0000.486
-01.2978	-00.7333	0000.487
-01.3005	-00.7336	0000.488
-01.3033	-00.7342	0000.489
-01.3060	-00.7339	0000.490
-01.3085	-00.7342	0000.491
-01.3118	-00.7342	0000.492
-01.3143	-00.7345	0000.493
-01.3161	-00.7345	0000.494
-01.3192	-00.7345	0000.495
-01.3219	-00.7348	0000.496
-01.3247	-00.7354	0000.497
-01.3271	-00.7351	0000.498
-01.3298	-00.7351	0000.499
-01.3332	-00.7354	0000.500
-01.3353	-00.7354	0000.501
-01.3381	-00.7357	0000.502
-01.3405	-00.7357	0000.503
-01.3433	-00.7364	0000.504
-01.3460	-00.7360	0000.505
-01.3491	-00.7367	0000.506
-01.3518	-00.7360	0000.507
-01.3546	-00.7370	0000.508
-01.3567	-00.7364	0000.509
-01.3591	-00.7373	0000.510
-01.3622	-00.7367	0000.511
-01.3646	-00.7370	0000.512
-01.3674	-00.7373	0000.513
-01.3704	-00.7370	0000.514
-01.3729	-00.7379	0000.515
-01.3756	-00.7376	0000.516
-01.3778	-00.7376	0000.517
-01.3808	-00.7376	0000.518
-01.3832	-00.7379	0000.519
-01.3860	-00.7385	0000.520
-01.3887	-00.7385	0000.521
-01.3915	-00.7382	0000.522
-01.3942	-00.7385	0000.523
-01.3967	-00.7385	0000.524
-01.3994	-00.7388	0000.525
-01.4022	-00.7388	0000.526
-01.4049	-00.7391	0000.527
-01.4067	-00.7394	0000.528
-01.4101	-00.7388	0000.529
-01.4125	-00.7391	0000.530
-01.4156	-00.7394	0000.531
-01.4174	-00.7394	0000.532
-01.4205	-00.7394	0000.533
-01.4232	-00.7397	0000.534
-01.4266	-00.7397	0000.535
-01.4287	-00.7400	0000.536
-01.4312	-00.7403	0000.537
-01.4345	-00.7400	0000.538
-01.4370	-00.7403	0000.539
-01.4391	-00.7400	0000.540
-01.4421	-00.7403	0000.541
-01.4446	-00.7406	0000.542
-01.4473	-00.7406	0000.543
-01.4504	-00.7412	0000.544
-01.4531	-00.7409	0000.545
-01.4556	-00.7406	0000.546
-01.4577	-00.7415	0000.547
-01.4608	-00.7409	0000.548
-01.4632	-00.7415	0000.549
-01.4663	-00.7418	0000.550
-01.4690	-00.7412	0000.551
-01.4717	-00.7415	0000.552
-01.4742	-00.7418	0000.553
-01.4775	-00.7418	0000.554
-01.4791	-00.7415	0000.555
-01.4824	-00.7418	0000.556
-01.4852	-00.7418	0000.557
-01.4873	-00.7422	0000.558
-01.4904	-00.7425	0000.559
-01.4925	-00.7425	0000.560
-01.4959	-00.7425	0000.561
-01.4986	-00.7425	0000.562
-01.5007	-00.7431	0000.563
-01.5035	-00.7428	0000.564
-01.5059	-00.7431	0000.565
-01.5093	-00.7431	0000.566
-01.5111	-00.7431	0000.567
-01.5142	-00.7434	0000.568
-01.5172	-00.7431	0000.569
-01.5191	-00.7437	0000.570
-01.5221	-00.7434	0000.571
-01.5248	-00.7437	0000.572
-01.5273	-00.7437	0000.573
-01.5300	-00.7437	0000.574
-01.5328	-00.7443	0000.575
-01.5358	-00.7440	0000.576
-01.5386	-00.7443	0000.577
-01.5413	-00.7443	0000.578
-01.5438	-00.7446	0000.579
-01.5465	-00.7443	0000.580
-01.5496	-00.7443	0000.581
-01.5514	-00.7443	0000.582
-01.5541	-00.7446	0000.583
-01.5572	-00.7449	0000.584
-01.5593	-00.7449	0000.585
-01.5624	-00.7452	0000.586
-01.5651	-00.7452	0000.587
-01.5676	-00.7455	0000.588
-01.5703	-00.7449	0000.589
-01.5731	-00.7452	0000.590
-01.5755	-00.7455	0000.591
-01.5786	-00.7455	0000.592
-01.5813	-00.7455	0000.593
-01.5834	-00.7458	0000.594
-01.5865	-00.7461	0000.595
-01.5892	-00.7458	0000.596
-01.5923	-00.7461	0000.597
-01.5941	-00.7461	0000.598
-01.5969	-00.7461	0000.599
-01.5999	-00.7461	0000.600
-01.6021	-00.7464	0000.601
-01.6048	-00.7467	0000.602
-01.6079	-00.7464	0000.603
-01.6106	-00.7467	0000.604
-01.6130	-00.7464	0000.605
-01.6158	-00.7470	0000.606
-01.6185	-00.7464	0000.607
-01.6210	-00.7470	0000.608
-01.6240	-00.7470	0000.609
-01.6265	-00.7473	0000.610
-01.6292	-00.7473	0000.611
-01.6317	-00.7470	0000.612
-01.6344	-00.7470	0000.613
-01.6372	-00.7479	0000.614
-01.6402	-00.7473	0000.615
-01.6426	-00.7473	0000.616
-01.6451	-00.7476	0000.617
-01.6478	-00.7479	0000.618
-01.6506	-00.7479	0000.619
-01.6527	-00.7483	0000.620
-01.6558	-00.7476	0000.621
-01.6591	-00.7486	0000.622
-01.6613	-00.7479	0000.623
-01.6634	-00.7479	0000.624
-01.6661	-00.7486	0000.625
-01.6692	-00.7483	0000.626
-01.6716	-00.7486	0000.627
-01.6744	-00.7483	0000.628
-01.6771	-00.7486	0000.629
-01.6799	-00.7489	0000.630
-01.6823	-00.7489	0000.631
-01.6857	-00.7489	0000.632
-01.6881	-00.7486	0000.633
-01.6903	-00.7495	0000.634
-01.6930	-00.7489	0000.635
-01.6961	-00.7492	0000.636
-01.6988	-00.7489	0000.637
-01.7012	-00.7492	0000.638
-01.7040	-00.7495	0000.639
-01.7067	-00.7498	0000.640
-01.7089	-00.7495	0000.641
-01.7119	-00.7495	0000.642
-01.7144	-00.7498	0000.643
-01.7171	-00.7495	0000.644
-01.7199	-00.7504	0000.645
-01.7226	-00.7498	0000.646
-01.7250	-00.7501	0000.647
-01.7275	-00.7504	0000.648
-01.7305	-00.7504	0000.649
-01.7330	-00.7504	0000.650
-01.7354	-00.7504	0000.651
-01.7382	-00.7504	0000.652
-01.7412	-00.7501	0000.653
-01.7440	-00.7507	0000.654
-01.7464	-00.7516	0000.655
-01.7495	-00.7507	0000.656
-01.7519	-00.7510	0000.657
-01.7546	-00.7510	0000.658
-01.7568	-00.7510	0000.659
-01.7604	-00.7507	0000.660
-01.7629	-00.7513	0000.661
-01.7650	-00.7513	0000.662
-01.7681	-00.7513	0000.663
-01.7705	-00.7516	0000.664
-01.7736	-00.7516	0000.665
-01.7757	-00.7516	0000.666
-01.7781	-00.7516	0000.667
-01.7812	-00.7513	0000.668
-01.7836	-00.7519	0000.669
-01.7867	-00.7522	0000.670
-01.7897	-00.7516	0000.671
-01.7919	-00.7522	0000.672
-01.7943	-00.7519	0000.673
-01.7974	-00.7519	0000.674
-01.7998	-00.7522	0000.675
-01.8032	-00.7522	0000.676
-01.8053	-00.7522	0000.677
-01.8077	-00.7522	0000.678
-01.8105	-00.7525	0000.679
-01.8135	-00.7525	0000.680
-01.8163	-00.7528	0000.681
-01.8184	-00.7525	0000.682
-01.8212	-00.7528	0000.683
-01.8242	-00.7531	0000.684
-01.8270	-00.7531	0000.685
-01.8291	-00.7534	0000.686
-01.8322	-00.7528	0000.687
-01.8349	-00.7531	0000.688
-01.8370	-00.7531	0000.689
-01.8398	-00.7531	0000.690
-01.8428	-00.7534	0000.691
-01.8450	-00.7537	0000.692
-01.8477	-00.7534	0000.693
-01.8511	-00.7541	0000.694
-01.8532	-00.7537	0000.695
-01.8566	-00.7541	0000.696
-01.8587	-00.7537	0000.697
-01.8615	-00.7541	0000.698
-01.8642	-00.7544	0000.699
-01.8666	-00.7547	0000.700
-01.8697	-00.7544	0000.701
-01.8727	-00.7544	0000.702
-01.8746	-00.7544	0000.703
-01.8773	-00.7547	0000.704
-01.8804	-00.7544	0000.705
-01.8834	-00.7550	0000.706
-01.8859	-00.7547	0000.707
-01.8880	-00.7550	0000.708
-01.8905	-00.7550	0000.709
-01.8932	-00.7550	0000.710
-01.8962	-00.7550	0000.711
-01.8987	-00.7553	0000.712
-01.9017	-00.7550	0000.713
-01.9039	-00.7547	0000.714
-01.9069	-00.7556	0000.715
-01.9094	-00.7553	0000.716
-01.9124	-00.7553	0000.717
-01.9152	-00.7559	0000.718
-01.9170	-00.7556	0000.719
-01.9204	-00.7562	0000.720
-01.9225	-00.7559	0000.721
-01.9259	-00.7559	0000.722
-01.9283	-00.7562	0000.723
-01.9307	-00.7559	0000.724
-01.9335	-00.7562	0000.725
-01.9365	-00.7565	0000.726
-01.9390	-00.7565	0000.727
-01.9417	-00.7559	0000.728
-01.9445	-00.7565	0000.729
-01.9472	-00.7571	0000.730
-01.9497	-00.7568	0000.731
-01.9527	-00.7568	0000.732
-01.9548	-00.7565	0000.733
-01.9576	-00.7568	0000.734
-01.9600	-00.7571	0000.735
-01.9631	-00.7574	0000.736
-01.9661	-00.7571	0000.737
-01.9686	-00.7571	0000.738
-01.9710	-00.7574	0000.739
-01.9738	-00.7574	0000.740
-01.9765	-00.7577	0000.741
-01.9786	-00.7574	0000.742
-01.9817	-00.7577	0000.743
-01.9844	-00.7574	0000.744
-01.9872	-00.7574	0000.745
-01.9896	-00.7583	0000.746
-01.9927	-00.7580	0000.747
-01.9942	-00.7580	0000.748
-01.9979	-00.7580	0000.749
-02.0006	-00.7583	0000.750
-02.0031	-00.7583	0000.751
-02.0058	-00.7580	0000.752
-02.0082	-00.7586	0000.753
-02.0110	-00.7583	0000.754
-02.0134	-00.7583	0000.755
-02.0162	-00.7586	0000.756
-02.0189	-00.7586	0000.757
-02.0217	-00.7589	0000.758
-02.0244	-00.7589	0000.759
-02.0272	-00.7586	0000.760
-02.0302	-00.7589	0000.761
-02.0324	-00.7589	0000.762
-02.0351	-00.7589	0000.763
-02.0379	-00.7592	0000.764
-02.0400	-00.7592	0000.765
-02.0424	-00.7592	0000.766
-02.0458	-00.7595	0000.767
-02.0482	-00.7595	0000.768
-02.0510	-00.7592	0000.769
-02.0537	-00.7592	0000.770
-02.0568	-00.7595	0000.771
-02.0586	-00.7595	0000.772
-02.0613	-00.7599	0000.773
-02.0647	-00.7595	0000.774
-02.0671	-00.7602	0000.775
-02.0696	-00.7602	0000.776
-02.0729	-00.7602	0000.777
-02.0748	-00.7602	0000.778
-02.0784	-00.7605	0000.779
-02.0806	-00.7602	0000.780
-02.0827	-00.7602	0000.781
-02.0861	-00.7605	0000.782
-02.0885	-00.7605	0000.783
-02.0906	-00.7605	0000.784
-02.0937	-00.7608	0000.785
-02.0967	-00.7608	0000.786
-02.0995	-00.7608	0000.787
-02.1016	-00.7611	0000.788
-02.1047	-00.7611	0000.789
-02.1074	-00.7611	0000.790
-02.1102	-00.7614	0000.791
-02.1126	-00.7614	0000.792
-02.1144	-00.7611	0000.793
-02.1187	-00.7614	0000.794
-02.1199	-00.7614	0000.795
-02.1233	-00.7614	0000.796
-02.1257	-00.7614	0000.797
-02.1285	-00.7617	0000.798
-02.1309	-00.7617	0000.799
-02.1340	-00.7614	0000.800
-02.1367	-00.7617	0000.801
-02.1395	-00.7623	0000.802
-02.1419	-00.7623	0000.803
-02.1450	-00.7623	0000.804
-02.1474	-00.7620	0000.805
-02.1498	-00.7620	0000.806
-02.1526	-00.7623	0000.807
-02.1553	-00.7626	0000.808
-02.1578	-00.7626	0000.809
-02.1611	-00.7629	0000.810
-02.1633	-00.7629	0000.811
-02.1657	-00.7629	0000.812
-02.1688	-00.7629	0000.813
-02.1709	-00.7626	0000.814
-02.1746	-00.7632	0000.815
-02.1761	-00.7632	0000.816
-02.1798	-00.7632	0000.817
-02.1816	-00.7635	0000.818
-02.1846	-00.7635	0000.819
-02.1877	-00.7629	0000.820
-02.1901	-00.7635	0000.821
-02.1926	-00.7632	0000.822
-02.1953	-00.7635	0000.823
-02.1978	-00.7635	0000.824
-02.1999	-00.7638	0000.825
-02.2033	-00.7638	0000.826
-02.2060	-00.7635	0000.827
-02.2091	-00.7641	0000.828
-02.2115	-00.7638	0000.829
-02.2136	-00.7641	0000.830
-02.2170	-00.7644	0000.831
-02.2194	-00.7638	0000.832
-02.2222	-00.7641	0000.833
-02.2246	-00.7644	0000.834
-02.2274	-00.7647	0000.835
-02.2301	-00.7638	0000.836
-02.2326	-00.7647	0000.837
-02.2356	-00.7647	0000.838
-02.2380	-00.7644	0000.839
-02.2408	-00.7647	0000.840
-02.2429	-00.7644	0000.841
-02.2463	-00.7650	0000.842
-02.2490	-00.7647	0000.843
-02.2518	-00.7650	0000.844
-02.2545	-00.7650	0000.845
-02.2564	-00.7653	0000.846
-02.2591	-00.7656	0000.847
-02.2625	-00.7653	0000.848
-02.2649	-00.7653	0000.849
-02.2670	-00.7656	0000.850
-02.2704	-00.7650	0000.851
-02.2728	-00.7656	0000.852
-02.2753	-00.7656	0000.853
-02.2777	-00.7656	0000.854
-02.2808	-00.7656	0000.855
-02.2832	-00.7663	0000.856
-02.2853	-00.7660	0000.857
-02.2893	-00.7660	0000.858
-02.2915	-00.7666	0000.859
-02.2939	-00.7660	0000.860
-02.2960	-00.7663	0000.861
-02.3000	-00.7663	0000.862
-02.3018	-00.7663	0000.863
-02.3052	-00.7663	0000.864
-02.3076	-00.7660	0000.865
-02.3098	-00.7663	0000.866
-02.3125	-00.7666	0000.867
-02.3156	-00.7669	0000.868
-02.3180	-00.7666	0000.869
-02.3207	-00.7669	0000.870
-02.3235	-00.7666	0000.871
-02.3262	-00.7672	0000.872
-02.3290	-00.7669	0000.873
-02.3314	-00.7669	0000.874
-02.3348	-00.7669	0000.875
-02.3375	-00.7669	0000.876
-02.3397	-00.7675	0000.877
-02.3424	-00.7669	0000.878
-02.3446	-00.7678	0000.879
-02.3473	-00.7672	0000.880
-02.3497	-00.7675	0000.881
-02.3528	-00.7675	0000.882
-02.3552	-00.7675	0000.883
-02.3580	-00.7678	0000.884
-02.3610	-00.7675	0000.885
-02.3638	-00.7678	0000.886
-02.3659	-00.7678	0000.887
-02.3687	-00.7681	0000.888
-02.3717	-00.7681	0000.889
-02.3745	-00.7681	0000.890
-02.3766	-00.7678	0000.891
-02.3796	-00.7678	0000.892
-02.3821	-00.7681	0000.893
-02.3854	-00.7687	0000.894
-02.3876	-00.7687	0000.895
-02.3903	-00.7678	0000.896
-02.3931	-00.7681	0000.897
-02.3958	-00.7681	0000.898
-02.3983	-00.7687	0000.899
-02.4007	-00.7687	0000.900
-02.4035	-00.7684	0000.901
-02.4062	-00.7687	0000.902
-02.4089	-00.7684	0000.903
-02.4117	-00.7687	0000.904
-02.4138	-00.7687	0000.905
-02.4166	-00.7690	0000.906
-02.4202	-00.7687	0000.907
-02.4227	-00.7687	0000.908
-02.4248	-00.7687	0000.909
-02.4273	-00.7690	0000.910
-02.4297	-00.7687	0000.911
-02.4334	-00.7690	0000.912
-02.4358	-00.7693	0000.913
-02.4385	-00.7696	0000.914
-02.4413	-00.7690	0000.915
-02.4434	-00.7693	0000.916
-02.4465	-00.7699	0000.917
-02.4486	-00.7696	0000.918
-02.4520	-00.7693	0000.919
-02.4541	-00.7702	0000.920
-02.4566	-00.7699	0000.921
-02.4596	-00.7693	0000.922
-02.4620	-00.7696	0000.923
-02.4651	-00.7699	0000.924
-02.4675	-00.7699	0000.925
-02.4709	-00.7702	0000.926
-02.4730	-00.7699	0000.927
-02.4764	-00.7702	0000.928
-02.4782	-00.7696	0000.929
-02.4813	-00.7702	0000.930
-02.4837	-00.7702	0000.931
-02.4865	-00.7699	0000.932
-02.4889	-00.7699	0000.933
-02.4913	-00.7699	0000.934
-02.4944	-00.7708	0000.935
-02.4974	-00.7702	0000.936
-02.4999	-00.7699	0000.937
-02.5023	-00.7693	0000.938
-02.5054	-00.7705	0000.939
-02.5078	-00.7705	0000.940
-02.5109	-00.7702	0000.941
-02.5136	-00.7711	0000.942
-02.5158	-00.7705	0000.943
-02.5185	-00.7711	0000.944
-02.5206	-00.7705	0000.945
-02.5234	-00.7705	0000.946
-02.5264	-00.7708	0000.947
-02.5289	-00.7708	0000.948
-02.5316	-00.7708	0000.949
-02.5344	-00.7705	0000.950
-02.5371	-00.7711	0000.951
-02.5399	-00.7708	0000.952
-02.5423	-00.7714	0000.953
-02.5454	-00.7714	0000.954
-02.5478	-00.7714	0000.955
-02.5505	-00.7711	0000.956
-02.5524	-00.7714	0000.957
-02.5560	-00.7714	0000.958
-02.5585	-00.7714	0000.959
-02.5612	-00.7718	0000.960
-02.5637	-00.7714	0000.961
-02.5673	-00.7714	0000.962
-02.5689	-00.7718	0000.963
-02.5716	-00.7714	0000.964
-02.5747	-00.7714	0000.965
-02.5777	-00.7718	0000.966
-02.5798	-00.7718	0000.967
-02.5823	-00.7718	0000.968
-02.5853	-00.7721	0000.969
-02.5881	-00.7718	0000.970
-02.5905	-00.7721	0000.971
-02.5924	-00.7724	0000.972
-02.5957	-00.7724	0000.973
-02.5988	-00.7718	0000.974
-02.6006	-00.7721	0000.975
-02.6043	-00.7724	0000.976
-02.6067	-00.7724	0000.977
-02.6091	-00.7724	0000.978
-02.6122	-00.7724	0000.979
-02.6143	-00.7724	0000.980
-02.6174	-00.7724	0000.981
-02.6195	-00.7727	0000.982
-02.6226	-00.7727	0000.983
-02.6256	-00.7727	0000.984
-02.6284	-00.7727	0000.985
-02.6308	-00.7724	0000.986
-02.6332	-00.7730	0000.987
-02.6363	-00.7730	0000.988
-02.6390	-00.7727	0000.989
-02.6409	-00.7730	0000.990
-02.6436	-00.7727	0000.991
-02.6464	-00.7727	0000.992
-02.6497	-00.7730	0000.993
-02.6513	-00.7733	0000.994
-02.6546	-00.7733	0000.995
-02.6574	-00.7730	0000.996
-02.6601	-00.7733	0000.997
-02.6625	-00.7733	0000.998
-02.6653	-00.7727	0000.999
-02.6680	-00.7733	0001.000
-02.6705	-00.7736	0001.001
-02.6729	-00.7736	0001.002
-02.6760	-00.7733	0001.003
-02.6784	-00.7736	0001.004
-02.6809	-00.7730	0001.005
-02.6839	-00.7736	0001.006
-02.6870	-00.7733	0001.007
-02.6894	-00.7739	0001.008
-02.6918	-00.7739	0001.009
-02.6952	-00.7736	0001.010
-02.6973	-00.7739	0001.011
-02.7004	-00.7739	0001.012
-02.7031	-00.7739	0001.013
-02.7047	-00.7745	0001.014
-02.7080	-00.7739	0001.015
-02.7108	-00.7742	0001.016
-02.7132	-00.7739	0001.017
-02.7163	-00.7742	0001.018
-02.7187	-00.7742	0001.019
-02.7214	-00.7745	0001.020
-02.7236	-00.7742	0001.021
-02.7269	-00.7745	0001.022
-02.7294	-00.7739	0001.023
-02.7318	-00.7742	0001.024
-02.7346	-00.7745	0001.025
-02.7373	-00.7742	0001.026
-02.7401	-00.7742	0001.027
-02.7425	-00.7745	0001.028
-02.7449	-00.7745	0001.029
-02.7486	-00.7748	0001.030
-02.7507	-00.7745	0001.031
-02.7529	-00.7748	0001.032
-02.7562	-00.7745	0001.033
-02.7587	-00.7751	0001.034
-02.7614	-00.7748	0001.035
-02.7639	-00.7745	0001.036
-02.7666	-00.7748	0001.037
-02.7700	-00.7748	0001.038
-02.7727	-00.7748	0001.039
-02.7745	-00.7751	0001.040
-02.7773	-00.7754	0001.041
-02.7806	-00.7748	0001.042
-02.7831	-00.7754	0001.043
-02.7852	-00.7748	0001.044
-02.7883	-00.7751	0001.045
-02.7907	-00.7754	0001.046
-02.7932	-00.7754	0001.047
-02.7968	-00.7754	0001.048
-02.7990	-00.7751	0001.049
-02.8023	-00.7751	0001.050
-02.8041	-00.7754	0001.051
-02.8069	-00.7754	0001.052
-02.8093	-00.7754	0001.053
-02.8118	-00.7754	0001.054
-02.8151	-00.7757	0001.055
-02.8170	-00.7754	0001.056
-02.8203	-00.7751	0001.057
-02.8228	-00.7757	0001.058
-02.8249	-00.7757	0001.059
-02.8286	-00.7760	0001.060
-02.8316	-00.7757	0001.061
-02.8337	-00.7760	0001.062
-02.8362	-00.7757	0001.063
-02.8386	-00.7760	0001.064
-02.8420	-00.7757	0001.065
-02.8441	-00.7763	0001.066
-02.8466	-00.7760	0001.067
-02.8490	-00.7760	0001.068
-02.8518	-00.7760	0001.069
-02.8551	-00.7760	0001.070
-02.8569	-00.7760	0001.071
-02.8603	-00.7763	0001.072
-02.8627	-00.7760	0001.073
-02.8658	-00.7763	0001.074
-02.8682	-00.7760	0001.075
-02.8704	-00.7766	0001.076
-02.8737	-00.7763	0001.077
-02.8762	-00.7763	0001.078
-02.8792	-00.7763	0001.079
-02.8817	-00.7766	0001.080
-02.8844	-00.7763	0001.081
-02.8868	-00.7763	0001.082
-02.8899	-00.7769	0001.083
-02.8923	-00.7766	0001.084
-02.8948	-00.7763	0001.085
-02.8969	-00.7769	0001.086
-02.9003	-00.7769	0001.087
-02.9033	-00.7766	0001.088
-02.9055	-00.7769	0001.089
-02.9079	-00.7769	0001.090
-02.9113	-00.7766	0001.091
-02.9134	-00.7763	0001.092
-02.9158	-00.7776	0001.093
-02.9192	-00.7776	0001.094
-02.9213	-00.7772	0001.095
-02.9244	-00.7769	0001.096
-02.9268	-00.7776	0001.097
-02.9299	-00.7779	0001.098
-02.9326	-00.7772	0001.099
-02.9354	-00.7772	0001.100
-02.9378	-00.7772	0001.101
-02.9403	-00.7769	0001.102
-02.9430	-00.7772	0001.103
-02.9464	-00.7772	0001.104
-02.9479	-00.7772	0001.105
-02.9509	-00.7779	0001.106
-02.9537	-00.7776	0001.107
-02.9564	-00.7772	0001.108
-02.9589	-00.7772	0001.109
-02.9622	-00.7779	0001.110
-02.9650	-00.7776	0001.111
-02.9665	-00.7779	0001.112
-02.9699	-00.7779	0001.113
-02.9720	-00.7779	0001.114
-02.9750	-00.7779	0001.115
-02.9769	-00.7779	0001.116
-02.9802	-00.7779	0001.117
-02.9827	-00.7779	0001.118
-02.9851	-00.7776	0001.119
-02.9882	-00.7779	0001.120
-02.9909	-00.7779	0001.121
-02.9940	-00.7779	0001.122
-02.9964	-00.7782	0001.123
-02.9992	-00.7779	0001.124
-03.0019	-00.7782	0001.125
-03.0043	-00.7779	0001.126
-03.0074	-00.7785	0001.127
-03.0092	-00.7782	0001.128
-03.0129	-00.7785	0001.129
-03.0153	-00.7785	0001.130
-03.0172	-00.7782	0001.131
-03.0202	-00.7785	0001.132
-03.0227	-00.7785	0001.133
-03.0260	-00.7785	0001.134
-03.0278	-00.7785	0001.135
-03.0315	-00.7785	0001.136
-03.0333	-00.7785	0001.137
-03.0370	-00.7788	0001.138
-03.0388	-00.7785	0001.139
-03.0416	-00.7785	0001.140
-03.0437	-00.7785	0001.141
-03.0471	-00.7788	0001.142
-03.0498	-00.7791	0001.143
-03.0526	-00.7785	0001.144
-03.0550	-00.7785	0001.145
-03.0581	-00.7785	0001.146
-03.0605	-00.7791	0001.147
-03.0635	-00.7788	0001.148
-03.0654	-00.7788	0001.149
-03.0678	-00.7791	0001.150
-03.0709	-00.7791	0001.151
-03.0733	-00.7791	0001.152
-03.0764	-00.7791	0001.153
-03.0791	-00.7791	0001.154
-03.0819	-00.7791	0001.155
-03.0843	-00.7794	0001.156
-03.0873	-00.7791	0001.157
-03.0892	-00.7791	0001.158
-03.0922	-00.7791	0001.159
-03.0950	-00.7791	0001.160
-03.0977	-00.7791	0001.161
-03.1008	-00.7794	0001.162
-03.1026	-00.7797	0001.163
-03.1054	-00.7794	0001.164
-03.1084	-00.7797	0001.165
-03.1112	-00.7794	0001.166
-03.1142	-00.7797	0001.167
-03.1170	-00.7794	0001.168
-03.1194	-00.7794	0001.169
-03.1224	-00.7797	0001.170
-03.1243	-00.7794	0001.171
-03.1270	-00.7794	0001.172
-03.1301	-00.7800	0001.173
-03.1319	-00.7800	0001.174
-03.1350	-00.7803	0001.175
-03.1374	-00.7803	0001.176
-03.1405	-00.7800	0001.177
-03.1432	-00.7794	0001.178
-03.1459	-00.7797	0001.179
-03.1487	-00.7800	0001.180
-03.1508	-00.7800	0001.181
-03.1539	-00.7803	0001.182
-03.1566	-00.7800	0001.183
-03.1594	-00.7800	0001.184
-03.1618	-00.7803	0001.185
-03.1646	-00.7803	0001.186
-03.1667	-00.7800	0001.187
-03.1697	-00.7806	0001.188
-03.1725	-00.7800	0001.189
-03.1749	-00.7806	0001.190
-03.1783	-00.7800	0001.191
-03.1807	-00.7806	0001.192
-03.1832	-00.7806	0001.193
-03.1862	-00.7806	0001.194
-03.1890	-00.7803	0001.195
-03.1911	-00.7809	0001.196
-03.1942	-00.7803	0001.197
-03.1963	-00.7806	0001.198
-03.1990	-00.7806	0001.199
-03.2021	-00.7806	0001.200
-03.2051	-00.7803	0001.201
-03.2076	-00.7806	0001.202
-03.2097	-00.7809	0001.203
-03.2134	-00.7803	0001.204
-03.2149	-00.7809	0001.205
-03.2177	-00.7806	0001.206
-03.2216	-00.7806	0001.207
-03.2228	-00.7809	0001.208
-03.2256	-00.7809	0001.209
-03.2293	-00.7809	0001.210
-03.2308	-00.7809	0001.211
-03.2347	-00.7806	0001.212
-03.2369	-00.7809	0001.213
-03.2399	-00.7812	0001.214
-03.2418	-00.7809	0001.215
-03.2445	-00.7812	0001.216
-03.2476	-00.7809	0001.217
-03.2500	-00.7806	0001.218
-03.2534	-00.7812	0001.219
-03.2555	-00.7815	0001.220
-03.2579	-00.7809	0001.221
-03.2604	-00.7812	0001.222
-03.2640	-00.7812	0001.223
-03.2665	-00.7815	0001.224
-03.2686	-00.7818	0001.225
-03.2717	-00.7815	0001.226
-03.2741	-00.7818	0001.227
-03.2766	-00.7812	0001.228
-03.2793	-00.7815	0001.229
-03.2827	-00.7812	0001.230
-03.2851	-00.7812	0001.231
-03.2879	-00.7812	0001.232
-03.2903	-00.7815	0001.233
-03.2927	-00.7815	0001.234
-03.2958	-00.7815	0001.235
-03.2976	-00.7818	0001.236
-03.3013	-00.7818	0001.237
-03.3028	-00.7815	0001.238
-03.3065	-00.7815	0001.239
-03.3086	-00.7818	0001.240
-03.3110	-00.7815	0001.241
-03.3141	-00.7818	0001.242
-03.3168	-00.7821	0001.243
-03.3193	-00.7818	0001.244
-03.3220	-00.7821	0001.245
-03.3254	-00.7821	0001.246
-03.3281	-00.7815	0001.247
-03.3297	-00.7821	0001.248
-03.3324	-00.7824	0001.249
-03.3358	-00.7815	0001.250
-03.3379	-00.7827	0001.251
-03.3410	-00.7821	0001.252
-03.3440	-00.7821	0001.253
-03.3461	-00.7818	0001.254
-03.3489	-00.7824	0001.255
-03.3516	-00.7824	0001.256
-03.3541	-00.7824	0001.257
-03.3568	-00.7824	0001.258
-03.3593	-00.7818	0001.259
-03.3623	-00.7824	0001.260
-03.3651	-00.7821	0001.261
-03.3675	-00.7824	0001.262
-03.3709	-00.7824	0001.263
-03.3730	-00.7827	0001.264
-03.3751	-00.7821	0001.265
-03.3788	-00.7827	0001.266
-03.3809	-00.7827	0001.267
-03.3837	-00.7824	0001.268
-03.3867	-00.7827	0001.269
-03.3892	-00.7824	0001.270
-03.3916	-00.7827	0001.271
-03.3944	-00.7827	0001.272
-03.3974	-00.7824	0001.273
-03.3995	-00.7824	0001.274
-03.4020	-00.7824	0001.275
-03.4047	-00.7830	0001.276
-03.4072	-00.7830	0001.277
-03.4105	-00.7827	0001.278
-03.4130	-00.7833	0001.279
-03.4154	-00.7824	0001.280
-03.4185	-00.7827	0001.281
-03.4209	-00.7830	0001.282
-03.4240	-00.7824	0001.283
-03.4264	-00.7830	0001.284
-03.4291	-00.7833	0001.285
-03.4319	-00.7830	0001.286
-03.4346	-00.7830	0001.287
-03.4371	-00.7830	0001.288
-03.4395	-00.7833	0001.289
-03.4429	-00.7833	0001.290
-03.4453	-00.7833	0001.291
-03.4475	-00.7833	0001.292
-03.4502	-00.7833	0001.293
-03.4530	-00.7837	0001.294
-03.4563	-00.7833	0001.295
-03.4587	-00.7833	0001.296
-03.4615	-00.7833	0001.297
-03.4636	-00.7833	0001.298
-03.4667	-00.7833	0001.299
-03.4691	-00.7837	0001.300
-03.4713	-00.7833	0001.301
-03.4746	-00.7833	0001.302
-03.4774	-00.7837	0001.303
-03.4804	-00.7837	0001.304
-03.4822	-00.7833	0001.305
-03.4853	-00.7833	0001.306
-03.4884	-00.7833	0001.307
-03.4908	-00.7833	0001.308
-03.4929	-00.7833	0001.309
-03.4960	-00.7837	0001.310
-03.4981	-00.7837	0001.311
-03.5018	-00.7840	0001.312
-03.5045	-00.7833	0001.313
-03.5067	-00.7840	0001.314
-03.5097	-00.7837	0001.315
-03.5122	-00.7840	0001.316
-03.5146	-00.7843	0001.317
-03.5170	-00.7843	0001.318
-03.5204	-00.7840	0001.319
-03.5228	-00.7840	0001.320
-03.5265	-00.7837	0001.321
-03.5277	-00.7840	0001.322
-03.5311	-00.7840	0001.323
-03.5329	-00.7840	0001.324
-03.5372	-00.7846	0001.325
-03.5384	-00.7833	0001.326
-03.5411	-00.7843	0001.327
-03.5442	-00.7837	0001.328
-03.5466	-00.7843	0001.329
-03.5488	-00.7840	0001.330
-03.5521	-00.7843	0001.331
-03.5546	-00.7843	0001.332
-03.5567	-00.7846	0001.333
-03.5598	-00.7846	0001.334
-03.5628	-00.7843	0001.335
-03.5656	-00.7843	0001.336
-03.5671	-00.7846	0001.337
-03.5707	-00.7843	0001.338
-03.5732	-00.7843	0001.339
-03.5759	-00.7846	0001.340
-03.5784	-00.7840	0001.341
-03.5814	-00.7846	0001.342
-03.5848	-00.7846	0001.343
-03.5866	-00.7846	0001.344
-03.5894	-00.7846	0001.345
-03.5918	-00.7846	0001.346
-03.5946	-00.7846	0001.347
-03.5976	-00.7843	0001.348
-03.6000	-00.7849	0001.349
-03.6025	-00.7849	0001.350
-03.6052	-00.7846	0001.351
-03.6077	-00.7843	0001.352
-03.6107	-00.7852	0001.353
-03.6129	-00.7849	0001.354
-03.6165	-00.7855	0001.355
-03.6187	-00.7843	0001.356
-03.6211	-00.7846	0001.357
-03.6238	-00.7846	0001.358
-03.6257	-00.7849	0001.359
-03.6293	-00.7849	0001.360
-03.6318	-00.7849	0001.361
-03.6345	-00.7852	0001.362
-03.6382	-00.7846	0001.363
-03.6397	-00.7852	0001.364
-03.6422	-00.7849	0001.365
-03.6455	-00.7849	0001.366
-03.6483	-00.7849	0001.367
-03.6507	-00.7855	0001.368
-03.6531	-00.7849	0001.369
-03.6565	-00.7855	0001.370
-03.6586	-00.7849	0001.371
-03.6614	-00.7849	0001.372
-03.6644	-00.7849	0001.373
-03.6666	-00.7852	0001.374
-03.6693	-00.7852	0001.375
-03.6712	-00.7852	0001.376
-03.6748	-00.7852	0001.377
-03.6773	-00.7855	0001.378
-03.6800	-00.7852	0001.379
-03.6824	-00.7852	0001.380
-03.6855	-00.7852	0001.381
-03.6885	-00.7855	0001.382
-03.6916	-00.7855	0001.383
-03.6937	-00.7852	0001.384
-03.6962	-00.7855	0001.385
-03.6992	-00.7855	0001.386
-03.7014	-00.7855	0001.387
-03.7044	-00.7855	0001.388
-03.7075	-00.7855	0001.389
-03.7099	-00.7858	0001.390
-03.7123	-00.7855	0001.391
-03.7151	-00.7858	0001.392
-03.7169	-00.7855	0001.393
-03.7200	-00.7855	0001.394
-03.7230	-00.7855	0001.395
-03.7255	-00.7855	0001.396
-03.7282	-00.7861	0001.397
-03.7304	-00.7858	0001.398
-03.7331	-00.7858	0001.399
-03.7362	-00.7858	0001.400
-03.7389	-00.7858	0001.401
-03.7404	-00.7855	0001.402
-03.7444	-00.7858	0001.403
-03.7462	-00.7852	0001.404
-03.7502	-00.7858	0001.405
-03.7517	-00.7861	0001.406
-03.7554	-00.7855	0001.407
-03.7581	-00.7864	0001.408
-03.7606	-00.7861	0001.409
-03.7633	-00.7858	0001.410
-03.7658	-00.7858	0001.411
-03.7679	-00.7855	0001.412
-03.7712	-00.7864	0001.413
-03.7734	-00.7858	0001.414
-03.7761	-00.7861	0001.415
-03.7786	-00.7861	0001.416
-03.7819	-00.7864	0001.417
-03.7841	-00.7861	0001.418
-03.7865	-00.7864	0001.419
-03.7896	-00.7864	0001.420
-03.7926	-00.7861	0001.421
-03.7954	-00.7861	0001.422
-03.7978	-00.7864	0001.423
-03.8005	-00.7864	0001.424
-03.8030	-00.7864	0001.425
-03.8054	-00.7864	0001.426
-03.8076	-00.7861	0001.427
-03.8109	-00.7864	0001.428
-03.8137	-00.7864	0001.429
-03.8164	-00.7861	0001.430
-03.8195	-00.7864	0001.431
-03.8219	-00.7864	0001.432
-03.8243	-00.7870	0001.433
-03.8268	-00.7867	0001.434
-03.8298	-00.7867	0001.435
-03.8329	-00.7867	0001.436
-03.8347	-00.7864	0001.437
-03.8378	-00.7867	0001.438
-03.8399	-00.7867	0001.439
-03.8433	-00.7867	0001.440
-03.8460	-00.7873	0001.441
-03.8485	-00.7867	0001.442
-03.8515	-00.7870	0001.443
-03.8543	-00.7867	0001.444
-03.8564	-00.7870	0001.445
-03.8597	-00.7864	0001.446
-03.8619	-00.7870	0001.447
-03.8640	-00.7864	0001.448
-03.8674	-00.7873	0001.449
-03.8701	-00.7870	0001.450
-03.8726	-00.7870	0001.451
-03.8744	-00.7873	0001.452
-03.8781	-00.7867	0001.453
-03.8805	-00.7870	0001.454
-03.8826	-00.7870	0001.455
-03.8863	-00.7870	0001.456
-03.8881	-00.7873	0001.457
-03.8912	-00.7876	0001.458
-03.8948	-00.7873	0001.459
-03.8967	-00.7876	0001.460
-03.8997	-00.7873	0001.461
-03.9019	-00.7876	0001.462
-03.9049	-00.7873	0001.463
-03.9074	-00.7873	0001.464
-03.9095	-00.7870	0001.465
-03.9129	-00.7873	0001.466
-03.9153	-00.7876	0001.467
-03.9180	-00.7876	0001.468
-03.9211	-00.7876	0001.469
-03.9235	-00.7876	0001.470
-03.9263	-00.7873	0001.471
-03.9281	-00.7876	0001.472
-03.9306	-00.7876	0001.473
-03.9336	-00.7873	0001.474
-03.9357	-00.7876	0001.475
-03.9400	-00.7876	0001.476
-03.9425	-00.7876	0001.477
-03.9449	-00.7876	0001.478
-03.9464	-00.7876	0001.479
-03.9498	-00.7879	0001.480
-03.9531	-00.7879	0001.481
-03.9550	-00.7879	0001.482
-03.9574	-00.7879	0001.483
-03.9602	-00.7879	0001.484
-03.9626	-00.7879	0001.485
-03.9660	-00.7879	0001.486
-03.9690	-00.7882	0001.487
-03.9711	-00.7879	0001.488
-03.9736	-00.7879	0001.489
-03.9766	-00.7882	0001.490
-03.9791	-00.7879	0001.491
-03.9818	-00.7882	0001.492
-03.9849	-00.7879	0001.493
-03.9873	-00.7882	0001.494
-03.9904	-00.7879	0001.495
-03.9925	-00.7885	0001.496
-03.9959	-00.7882	0001.497
-03.9980	-00.7879	0001.498
-04.0004	-00.7879	0001.499
-04.0035	-00.7882	0001.500
-04.0059	-00.7882	0001.501
-04.0038	-00.7882	0001.502
-04.0004	-00.7882	0001.503
-03.9983	-00.7882	0001.504
-03.9952	-00.7882	0001.505
-03.9931	-00.7885	0001.506
-03.9901	-00.7885	0001.507
-03.9879	-00.7882	0001.508
-03.9852	-00.7882	0001.509
-03.9824	-00.7879	0001.510
-03.9800	-00.7882	0001.511
-03.9766	-00.7882	0001.512
-03.9748	-00.7882	0001.513
-03.9717	-00.7882	0001.514
-03.9693	-00.7882	0001.515
-03.9666	-00.7885	0001.516
-03.9644	-00.7882	0001.517
-03.9608	-00.7885	0001.518
-03.9580	-00.7882	0001.519
-03.9550	-00.7885	0001.520
-03.9528	-00.7882	0001.521
-03.9498	-00.7882	0001.522
-03.9476	-00.7882	0001.523
-03.9452	-00.7882	0001.524
-03.9428	-00.7879	0001.525
-03.9388	-00.7882	0001.526
-03.9373	-00.7879	0001.527
-03.9342	-00.7879	0001.528
-03.9315	-00.7882	0001.529
-03.9290	-00.7882	0001.530
-03.9260	-00.7885	0001.531
-03.9235	-00.7882	0001.532
-03.9205	-00.7879	0001.533
-03.9171	-00.7885	0001.534
-03.9156	-00.7879	0001.535
-03.9122	-00.7882	0001.536
-03.9101	-00.7885	0001.537
-03.9077	-00.7879	0001.538
-03.9055	-00.7885	0001.539
-03.9025	-00.7885	0001.540
-03.9000	-00.7885	0001.541
-03.8967	-00.7882	0001.542
-03.8942	-00.7882	0001.543
-03.8915	-00.7882	0001.544
-03.8887	-00.7882	0001.545
-03.8854	-00.7882	0001.546
-03.8839	-00.7882	0001.547
-03.8805	-00.7882	0001.548
-03.8778	-00.7882	0001.549
-03.8759	-00.7882	0001.550
-03.8732	-00.7879	0001.551
-03.8701	-00.7882	0001.552
-03.8674	-00.7888	0001.553
-03.8646	-00.7879	0001.554
-03.8622	-00.7885	0001.555
-03.8594	-00.7882	0001.556
-03.8570	-00.7882	0001.557
-03.8543	-00.7882	0001.558
-03.8515	-00.7882	0001.559
-03.8488	-00.7882	0001.560
-03.8457	-00.7879	0001.561
-03.8436	-00.7885	0001.562
-03.8414	-00.7882	0001.563
-03.8381	-00.7879	0001.564
-03.8353	-00.7882	0001.565
-03.8329	-00.7885	0001.566
-03.8298	-00.7879	0001.567
-03.8277	-00.7882	0001.568
-03.8253	-00.7882	0001.569
-03.8222	-00.7882	0001.570
-03.8198	-00.7882	0001.571
-03.8170	-00.7882	0001.572
-03.8140	-00.7885	0001.573
-03.8106	-00.7885	0001.574
-03.8088	-00.7885	0001.575
-03.8057	-00.7882	0001.576
-03.8036	-00.7882	0001.577
-03.8009	-00.7885	0001.578
-03.7978	-00.7882	0001.579
-03.7947	-00.7876	0001.580
-03.7926	-00.7882	0001.581
-03.7902	-00.7879	0001.582
-03.7874	-00.7882	0001.583
-03.7844	-00.7879	0001.584
-03.7822	-00.7882	0001.585
-03.7795	-00.7882	0001.586
-03.7767	-00.7882	0001.587
-03.7746	-00.7876	0001.588
-03.7716	-00.7879	0001.589
-03.7691	-00.7876	0001.590
-03.7658	-00.7879	0001.591
-03.7633	-00.7879	0001.592
-03.7606	-00.7882	0001.593
-03.7584	-00.7882	0001.594
-03.7560	-00.7876	0001.595
-03.7523	-00.7882	0001.596
-03.7505	-00.7879	0001.597
-03.7474	-00.7882	0001.598
-03.7447	-00.7882	0001.599
-03.7426	-00.7879	0001.600
-03.7392	-00.7885	0001.601
-03.7365	-00.7879	0001.602
-03.7337	-00.7882	0001.603
-03.7316	-00.7879	0001.604
-03.7291	-00.7876	0001.605
-03.7258	-00.7879	0001.606
-03.7227	-00.7882	0001.607
-03.7206	-00.7876	0001.608
-03.7178	-00.7879	0001.609
-03.7151	-00.7882	0001.610
-03.7130	-00.7879	0001.611
-03.7102	-00.7876	0001.612
-03.7072	-00.7879	0001.613
-03.7044	-00.7879	0001.614
-03.7017	-00.7882	0001.615
-03.6983	-00.7879	0001.616
-03.6965	-00.7882	0001.617
-03.6937	-00.7879	0001.618
-03.6904	-00.7885	0001.619
-03.6885	-00.7882	0001.620
-03.6855	-00.7882	0001.621
-03.6831	-00.7879	0001.622
-03.6800	-00.7879	0001.623
-03.6779	-00.7882	0001.624
-03.6751	-00.7879	0001.625
-03.6724	-00.7879	0001.626
-03.6702	-00.7879	0001.627
-03.6663	-00.7879	0001.628
-03.6644	-00.7879	0001.629
-03.6620	-00.7882	0001.630
-03.6589	-00.7876	0001.631
-03.6565	-00.7879	0001.632
-03.6541	-00.7882	0001.633
-03.6510	-00.7879	0001.634
-03.6489	-00.7879	0001.635
-03.6458	-00.7882	0001.636
-03.6428	-00.7879	0001.637
-03.6394	-00.7876	0001.638
-03.6382	-00.7879	0001.639
-03.6354	-00.7876	0001.640
-03.6327	-00.7879	0001.641
-03.6293	-00.7882	0001.642
-03.6269	-00.7879	0001.643
-03.6248	-00.7882	0001.644
-03.6217	-00.7876	0001.645
-03.6187	-00.7882	0001.646
-03.6168	-00.7879	0001.647
-03.6135	-00.7879	0001.648
-03.6104	-00.7879	0001.649
-03.6083	-00.7876	0001.650
-03.6052	-00.7876	0001.651
-03.6031	-00.7876	0001.652
-03.6004	-00.7873	0001.653
-03.5979	-00.7879	0001.654
-03.5949	-00.7879	0001.655
-03.5918	-00.7876	0001.656
-03.5888	-00.7876	0001.657
-03.5872	-00.7882	0001.658
-03.5845	-00.7876	0001.659
-03.5820	-00.7879	0001.660
-03.5787	-00.7882	0001.661
-03.5762	-00.7879	0001.662
-03.5735	-00.7879	0001.663
-03.5707	-00.7879	0001.664
-03.5680	-00.7873	0001.665
-03.5659	-00.7879	0001.666
-03.5628	-00.7882	0001.667
-03.5604	-00.7879	0001.668
-03.5579	-00.7879	0001.669
-03.5549	-00.7876	0001.670
-03.5527	-00.7879	0001.671
-03.5494	-00.7879	0001.672
-03.5472	-00.7876	0001.673
-03.5445	-00.7876	0001.674
-03.5411	-00.7873	0001.675
-03.5393	-00.7873	0001.676
-03.5360	-00.7879	0001.677
-03.5338	-00.7879	0001.678
-03.5305	-00.7879	0001.679
-03.5274	-00.7882	0001.680
-03.5265	-00.7876	0001.681
-03.5234	-00.7882	0001.682
-03.5201	-00.7876	0001.683
-03.5173	-00.7876	0001.684
-03.5152	-00.7876	0001.685
-03.5118	-00.7876	0001.686
-03.5097	-00.7876	0001.687
-03.5076	-00.7876	0001.688
-03.5045	-00.7870	0001.689
-03.5018	-00.7879	0001.690
-03.4984	-00.7870	0001.691
-03.4975	-00.7876	0001.692
-03.4935	-00.7876	0001.693
-03.4911	-00.7876	0001.694
-03.4884	-00.7879	0001.695
-03.4856	-00.7879	0001.696
-03.4826	-00.7876	0001.697
-03.4801	-00.7876	0001.698
-03.4774	-00.7876	0001.699
-03.4752	-00.7876	0001.700
-03.4716	-00.7873	0001.701
-03.4688	-00.7876	0001.702
-03.4667	-00.7879	0001.703
-03.4639	-00.7876	0001.704
-03.4621	-00.7873	0001.705
-03.4587	-00.7879	0001.706
-03.4551	-00.7876	0001.707
-03.4539	-00.7873	0001.708
-03.4508	-00.7873	0001.709
-03.4487	-00.7879	0001.710
-03.4459	-00.7873	0001.711
-03.4432	-00.7876	0001.712
-03.4401	-00.7873	0001.713
-03.4368	-00.7873	0001.714
-03.4349	-00.7876	0001.715
-03.4322	-00.7876	0001.716
-03.4295	-00.7873	0001.717
-03.4261	-00.7873	0001.718
-03.4230	-00.7876	0001.719
-03.4209	-00.7873	0001.720
-03.4188	-00.7876	0001.721
-03.4166	-00.7876	0001.722
-03.4133	-00.7873	0001.723
-03.4105	-00.7876	0001.724
-03.4078	-00.7876	0001.725
-03.4050	-00.7876	0001.726
-03.4029	-00.7873	0001.727
-03.4002	-00.7876	0001.728
-03.3974	-00.7876	0001.729
-03.3944	-00.7873	0001.730
-03.3919	-00.7876	0001.731
-03.3898	-00.7873	0001.732
-03.3864	-00.7876	0001.733
-03.3843	-00.7873	0001.734
-03.3809	-00.7879	0001.735
-03.3785	-00.7879	0001.736
-03.3757	-00.7873	0001.737
-03.3742	-00.7870	0001.738
-03.3706	-00.7873	0001.739
-03.3681	-00.7873	0001.740
-03.3644	-00.7876	0001.741
-03.3626	-00.7870	0001.742
-03.3599	-00.7873	0001.743
-03.3574	-00.7870	0001.744
-03.3547	-00.7873	0001.745
-03.3519	-00.7873	0001.746
-03.3489	-00.7876	0001.747
-03.3467	-00.7870	0001.748
-03.3437	-00.7870	0001.749
-03.3410	-00.7876	0001.750
-03.3382	-00.7873	0001.751
-03.3358	-00.7873	0001.752
-03.3336	-00.7867	0001.753
-03.3300	-00.7873	0001.754
-03.3278	-00.7870	0001.755
-03.3245	-00.7873	0001.756
-03.3223	-00.7876	0001.757
-03.3193	-00.7870	0001.758
-03.3175	-00.7870	0001.759
-03.3141	-00.7870	0001.760
-03.3117	-00.7870	0001.761
-03.3095	-00.7870	0001.762
-03.3062	-00.7873	0001.763
-03.3037	-00.7870	0001.764
-03.3010	-00.7876	0001.765
-03.2979	-00.7870	0001.766
-03.2961	-00.7870	0001.767
-03.2930	-00.7873	0001.768
-03.2906	-00.7882	0001.769
-03.2882	-00.7870	0001.770
-03.2857	-00.7867	0001.771
-03.2821	-00.7873	0001.772
-03.2799	-00.7870	0001.773
-03.2775	-00.7870	0001.774
-03.2741	-00.7873	0001.775
-03.2717	-00.7873	0001.776
-03.2695	-00.7867	0001.777
-03.2662	-00.7873	0001.778
-03.2637	-00.7867	0001.779
-03.2613	-00.7873	0001.780
-03.2586	-00.7870	0001.781
-03.2552	-00.7870	0001.782
-03.2528	-00.7867	0001.783
-03.2503	-00.7873	0001.784
-03.2473	-00.7873	0001.785
-03.2454	-00.7873	0001.786
-03.2424	-00.7870	0001.787
-03.2399	-00.7870	0001.788
-03.2369	-00.7870	0001.789
-03.2341	-00.7870	0001.790
-03.2317	-00.7873	0001.791
-03.2296	-00.7873	0001.792
-03.2265	-00.7870	0001.793
-03.2238	-00.7870	0001.794
-03.2210	-00.7870	0001.795
-03.2186	-00.7870	0001.796
-03.2158	-00.7867	0001.797
-03.2131	-00.7870	0001.798
-03.2100	-00.7867	0001.799
-03.2076	-00.7870	0001.800
-03.2045	-00.7870	0001.801
-03.2018	-00.7870	0001.802
-03.2003	-00.7867	0001.803
-03.1975	-00.7867	0001.804
-03.1942	-00.7870	0001.805
-03.1917	-00.7870	0001.806
-03.1890	-00.7870	0001.807
-03.1856	-00.7870	0001.808
-03.1832	-00.7864	0001.809
-03.1804	-00.7870	0001.810
-03.1786	-00.7867	0001.811
-03.1755	-00.7867	0001.812
-03.1728	-00.7870	0001.813
-03.1707	-00.7867	0001.814
-03.1676	-00.7867	0001.815
-03.1646	-00.7867	0001.816
-03.1624	-00.7867	0001.817
-03.1603	-00.7864	0001.818
-03.1563	-00.7864	0001.819
-03.1542	-00.7864	0001.820
-03.1517	-00.7867	0001.821
-03.1487	-00.7864	0001.822
-03.1462	-00.7864	0001.823
-03.1432	-00.7867	0001.824
-03.1408	-00.7867	0001.825
-03.1383	-00.7864	0001.826
-03.1359	-00.7864	0001.827
-03.1325	-00.7870	0001.828
-03.1301	-00.7864	0001.829
-03.1276	-00.7861	0001.830
-03.1246	-00.7867	0001.831
-03.1221	-00.7870	0001.832
-03.1191	-00.7870	0001.833
-03.1173	-00.7864	0001.834
-03.1142	-00.7867	0001.835
-03.1112	-00.7864	0001.836
-03.1090	-00.7867	0001.837
-03.1066	-00.7864	0001.838
-03.1035	-00.7864	0001.839
-03.1002	-00.7864	0001.840
-03.0983	-00.7861	0001.841
-03.0959	-00.7864	0001.842
-03.0928	-00.7864	0001.843
-03.0898	-00.7864	0001.844
-03.0877	-00.7864	0001.845
-03.0846	-00.7864	0001.846
-03.0822	-00.7861	0001.847
-03.0791	-00.7861	0001.848
-03.0767	-00.7864	0001.849
-03.0742	-00.7864	0001.850
-03.0712	-00.7861	0001.851
-03.0684	-00.7867	0001.852
-03.0663	-00.7867	0001.853
-03.0635	-00.7867	0001.854
-03.0605	-00.7861	0001.855
-03.0587	-00.7870	0001.856
-03.0556	-00.7867	0001.857
-03.0523	-00.7858	0001.858
-03.0498	-00.7864	0001.859
-03.0474	-00.7864	0001.860
-03.0446	-00.7864	0001.861
-03.0425	-00.7867	0001.862
-03.0394	-00.7864	0001.863
-03.0370	-00.7864	0001.864
-03.0346	-00.7861	0001.865
-03.0315	-00.7861	0001.866
-03.0288	-00.7867	0001.867
-03.0260	-00.7864	0001.868
-03.0236	-00.7864	0001.869
-03.0211	-00.7864	0001.870
-03.0181	-00.7864	0001.871
-03.0153	-00.7861	0001.872
-03.0129	-00.7864	0001.873
-03.0098	-00.7861	0001.874
-03.0074	-00.7864	0001.875
-03.0046	-00.7861	0001.876
-03.0016	-00.7864	0001.877
-02.9992	-00.7864	0001.878
-02.9967	-00.7864	0001.879
-02.9943	-00.7861	0001.880
-02.9918	-00.7861	0001.881
-02.9885	-00.7858	0001.882
-02.9866	-00.7864	0001.883
-02.9833	-00.7864	0001.884
-02.9805	-00.7858	0001.885
-02.9778	-00.7861	0001.886
-02.9754	-00.7864	0001.887
-02.9726	-00.7861	0001.888
-02.9702	-00.7861	0001.889
-02.9671	-00.7864	0001.890
-02.9650	-00.7861	0001.891
-02.9619	-00.7861	0001.892
-02.9592	-00.7864	0001.893
-02.9564	-00.7861	0001.894
-02.9540	-00.7861	0001.895
-02.9509	-00.7858	0001.896
-02.9482	-00.7861	0001.897
-02.9461	-00.7858	0001.898
-02.9433	-00.7861	0001.899
-02.9409	-00.7861	0001.900
-02.9378	-00.7861	0001.901
-02.9348	-00.7858	0001.902
-02.9332	-00.7861	0001.903
-02.9302	-00.7858	0001.904
-02.9268	-00.7861	0001.905
-02.9244	-00.7858	0001.906
-02.9222	-00.7861	0001.907
-02.9192	-00.7858	0001.908
-02.9161	-00.7861	0001.909
-02.9137	-00.7858	0001.910
-02.9113	-00.7861	0001.911
-02.9082	-00.7858	0001.912
-02.9058	-00.7858	0001.913
-02.9036	-00.7864	0001.914
-02.9003	-00.7861	0001.915
-02.8978	-00.7858	0001.916
-02.8957	-00.7858	0001.917
-02.8930	-00.7861	0001.918
-02.8899	-00.7858	0001.919
-02.8865	-00.7858	0001.920
-02.8847	-00.7858	0001.921
-02.8820	-00.7858	0001.922
-02.8792	-00.7858	0001.923
-02.8765	-00.7861	0001.924
-02.8743	-00.7858	0001.925
-02.8707	-00.7858	0001.926
-02.8691	-00.7858	0001.927
-02.8655	-00.7858	0001.928
-02.8630	-00.7855	0001.929
-02.8603	-00.7861	0001.930
-02.8576	-00.7861	0001.931
-02.8551	-00.7858	0001.932
-02.8530	-00.7855	0001.933
-02.8499	-00.7858	0001.934
-02.8472	-00.7855	0001.935
-02.8447	-00.7855	0001.936
-02.8417	-00.7855	0001.937
-02.8389	-00.7858	0001.938
-02.8371	-00.7855	0001.939
-02.8341	-00.7858	0001.940
-02.8307	-00.7858	0001.941
-02.8286	-00.7858	0001.942
-02.8261	-00.7855	0001.943
-02.8234	-00.7858	0001.944
-02.8209	-00.7858	0001.945
-02.8179	-00.7858	0001.946
-02.8151	-00.7855	0001.947
-02.8130	-00.7858	0001.948
-02.8090	-00.7855	0001.949
-02.8066	-00.7858	0001.950
-02.8041	-00.7855	0001.951
-02.8020	-00.7858	0001.952
-02.7993	-00.7855	0001.953
-02.7965	-00.7855	0001.954
-02.7932	-00.7858	0001.955
-02.7913	-00.7855	0001.956
-02.7883	-00.7858	0001.957
-02.7855	-00.7855	0001.958
-02.7828	-00.7855	0001.959
-02.7803	-00.7855	0001.960
-02.7776	-00.7855	0001.961
-02.7748	-00.7855	0001.962
-02.7724	-00.7855	0001.963
-02.7700	-00.7858	0001.964
-02.7672	-00.7858	0001.965
-02.7639	-00.7855	0001.966
-02.7620	-00.7858	0001.967
-02.7593	-00.7855	0001.968
-02.7562	-00.7858	0001.969
-02.7535	-00.7852	0001.970
-02.7507	-00.7855	0001.971
-02.7483	-00.7855	0001.972
-02.7449	-00.7855	0001.973
-02.7431	-00.7858	0001.974
-02.7404	-00.7855	0001.975
-02.7379	-00.7852	0001.976
-02.7346	-00.7858	0001.977
-02.7324	-00.7855	0001.978
-02.7297	-00.7855	0001.979
-02.7266	-00.7858	0001.980
-02.7239	-00.7852	0001.981
-02.7224	-00.7855	0001.982
-02.7193	-00.7852	0001.983
-02.7166	-00.7855	0001.984
-02.7132	-00.7858	0001.985
-02.7111	-00.7849	0001.986
-02.7083	-00.7852	0001.987
-02.7059	-00.7855	0001.988
-02.7025	-00.7852	0001.989
-02.7007	-00.7852	0001.990
-02.6973	-00.7855	0001.991
-02.6952	-00.7855	0001.992
-02.6918	-00.7852	0001.993
-02.6903	-00.7852	0001.994
-02.6876	-00.7849	0001.995
-02.6842	-00.7855	0001.996
-02.6815	-00.7852	0001.997
-02.6790	-00.7855	0001.998
-02.6763	-00.7849	0001.999
-02.6732	-00.7852	0002.000
-02.6708	-00.7852	0002.001
-02.6686	-00.7852	0002.002
-02.6650	-00.7852	0002.003
-02.6625	-00.7852	0002.004
-02.6607	-00.7855	0002.005
-02.6583	-00.7852	0002.006
-02.6552	-00.7849	0002.007
-02.6516	-00.7852	0002.008
-02.6494	-00.7849	0002.009
-02.6467	-00.7852	0002.010
-02.6439	-00.7852	0002.011
-02.6418	-00.7852	0002.012
-02.6394	-00.7852	0002.013
-02.6360	-00.7849	0002.014
-02.6339	-00.7849	0002.015
-02.6308	-00.7849	0002.016
-02.6284	-00.7852	0002.017
-02.6256	-00.7849	0002.018
-02.6220	-00.7849	0002.019
-02.6201	-00.7852	0002.020
-02.6174	-00.7849	0002.021
-02.6152	-00.7852	0002.022
-02.6125	-00.7849	0002.023
-02.6097	-00.7849	0002.024
-02.6070	-00.7849	0002.025
-02.6040	-00.7849	0002.026
-02.6015	-00.7852	0002.027
-02.5991	-00.7849	0002.028
-02.5966	-00.7849	0002.029
-02.5936	-00.7849	0002.030
-02.5908	-00.7849	0002.031
-02.5878	-00.7849	0002.032
-02.5856	-00.7849	0002.033
-02.5829	-00.7849	0002.034
-02.5801	-00.7849	0002.035
-02.5780	-00.7849	0002.036
-02.5750	-00.7849	0002.037
-02.5716	-00.7849	0002.038
-02.5698	-00.7843	0002.039
-02.5670	-00.7852	0002.040
-02.5637	-00.7846	0002.041
-02.5612	-00.7846	0002.042
-02.5588	-00.7849	0002.043
-02.5557	-00.7852	0002.044
-02.5536	-00.7849	0002.045
-02.5509	-00.7849	0002.046
-02.5484	-00.7846	0002.047
-02.5457	-00.7846	0002.048
-02.5423	-00.7846	0002.049
-02.5402	-00.7849	0002.050
-02.5374	-00.7846	0002.051
-02.5344	-00.7849	0002.052
-02.5316	-00.7849	0002.053
-02.5292	-00.7849	0002.054
-02.5267	-00.7846	0002.055
-02.5240	-00.7846	0002.056
-02.5216	-00.7843	0002.057
-02.5188	-00.7843	0002.058
-02.5164	-00.7849	0002.059
-02.5133	-00.7849	0002.060
-02.5109	-00.7846	0002.061
-02.5081	-00.7852	0002.062
-02.5054	-00.7846	0002.063
-02.5026	-00.7843	0002.064
-02.4999	-00.7846	0002.065
-02.4974	-00.7849	0002.066
-02.4944	-00.7840	0002.067
-02.4923	-00.7849	0002.068
-02.4901	-00.7840	0002.069
-02.4862	-00.7846	0002.070
-02.4843	-00.7846	0002.071
-02.4813	-00.7846	0002.072
-02.4785	-00.7846	0002.073
-02.4761	-00.7846	0002.074
-02.4736	-00.7846	0002.075
-02.4709	-00.7849	0002.076
-02.4678	-00.7843	0002.077
-02.4651	-00.7846	0002.078
-02.4627	-00.7846	0002.079
-02.4599	-00.7846	0002.080
-02.4572	-00.7846	0002.081
-02.4550	-00.7846	0002.082
-02.4520	-00.7846	0002.083
-02.4498	-00.7843	0002.084
-02.4468	-00.7843	0002.085
-02.4440	-00.7846	0002.086
-02.4416	-00.7843	0002.087
-02.4385	-00.7843	0002.088
-02.4364	-00.7843	0002.089
-02.4334	-00.7846	0002.090
-02.4300	-00.7843	0002.091
-02.4282	-00.7849	0002.092
-02.4254	-00.7843	0002.093
-02.4227	-00.7846	0002.094
-02.4199	-00.7846	0002.095
-02.4169	-00.7840	0002.096
-02.4147	-00.7843	0002.097
-02.4120	-00.7840	0002.098
-02.4092	-00.7843	0002.099
-02.4065	-00.7843	0002.100
-02.4041	-00.7846	0002.101
-02.4013	-00.7840	0002.102
-02.3983	-00.7843	0002.103
-02.3955	-00.7843	0002.104
-02.3931	-00.7840	0002.105
-02.3903	-00.7843	0002.106
-02.3876	-00.7843	0002.107
-02.3858	-00.7840	0002.108
-02.3824	-00.7840	0002.109
-02.3800	-00.7840	0002.110
-02.3763	-00.7846	0002.111
-02.3745	-00.7843	0002.112
-02.3720	-00.7846	0002.113
-02.3690	-00.7843	0002.114
-02.3659	-00.7837	0002.115
-02.3638	-00.7840	0002.116
-02.3610	-00.7843	0002.117
-02.3589	-00.7840	0002.118
-02.3555	-00.7840	0002.119
-02.3534	-00.7840	0002.120
-02.3507	-00.7846	0002.121
-02.3476	-00.7840	0002.122
-02.3449	-00.7843	0002.123
-02.3427	-00.7846	0002.124
-02.3394	-00.7843	0002.125
-02.3372	-00.7843	0002.126
-02.3348	-00.7843	0002.127
-02.3314	-00.7837	0002.128
-02.3293	-00.7840	0002.129
-02.3265	-00.7840	0002.130
-02.3235	-00.7840	0002.131
-02.3214	-00.7840	0002.132
-02.3186	-00.7840	0002.133
-02.3156	-00.7840	0002.134
-02.3128	-00.7843	0002.135
-02.3107	-00.7840	0002.136
-02.3079	-00.7837	0002.137
-02.3049	-00.7837	0002.138
-02.3024	-00.7837	0002.139
-02.3000	-00.7840	0002.140
-02.2972	-00.7837	0002.141
-02.2942	-00.7840	0002.142
-02.2918	-00.7843	0002.143
-02.2890	-00.7840	0002.144
-02.2863	-00.7840	0002.145
-02.2832	-00.7837	0002.146
-02.2808	-00.7837	0002.147
-02.2786	-00.7840	0002.148
-02.2753	-00.7837	0002.149
-02.2731	-00.7840	0002.150
-02.2707	-00.7830	0002.151
-02.2680	-00.7837	0002.152
-02.2646	-00.7840	0002.153
-02.2625	-00.7837	0002.154
-02.2600	-00.7837	0002.155
-02.2570	-00.7833	0002.156
-02.2542	-00.7840	0002.157
-02.2518	-00.7833	0002.158
-02.2493	-00.7837	0002.159
-02.2460	-00.7837	0002.160
-02.2432	-00.7840	0002.161
-02.2411	-00.7833	0002.162
-02.2384	-00.7840	0002.163
-02.2359	-00.7833	0002.164
-02.2326	-00.7833	0002.165
-02.2301	-00.7833	0002.166
-02.2277	-00.7833	0002.167
-02.2252	-00.7833	0002.168
-02.2225	-00.7833	0002.169
-02.2191	-00.7830	0002.170
-02.2170	-00.7833	0002.171
-02.2142	-00.7833	0002.172
-02.2112	-00.7837	0002.173
-02.2087	-00.7833	0002.174
-02.2057	-00.7840	0002.175
-02.2033	-00.7833	0002.176
-02.2014	-00.7837	0002.177
-02.1984	-00.7830	0002.178
-02.1956	-00.7837	0002.179
-02.1929	-00.7833	0002.180
-02.1904	-00.7833	0002.181
-02.1877	-00.7830	0002.182
-02.1843	-00.7837	0002.183
-02.1825	-00.7830	0002.184
-02.1795	-00.7833	0002.185
-02.1767	-00.7830	0002.186
-02.1743	-00.7837	0002.187
-02.1721	-00.7833	0002.188
-02.1688	-00.7833	0002.189
-02.1666	-00.7833	0002.190
-02.1630	-00.7830	0002.191
-02.1614	-00.7833	0002.192
-02.1584	-00.7830	0002.193
-02.1556	-00.7837	0002.194
-02.1526	-00.7833	0002.195
-02.1502	-00.7833	0002.196
-02.1480	-00.7833	0002.197
-02.1447	-00.7833	0002.198
-02.1422	-00.7833	0002.199
-02.1398	-00.7833	0002.200
-02.1373	-00.7833	0002.201
-02.1340	-00.7837	0002.202
-02.1312	-00.7830	0002.203
-02.1291	-00.7833	0002.204
-02.1264	-00.7837	0002.205
-02.1233	-00.7833	0002.206
-02.1206	-00.7830	0002.207
-02.1181	-00.7833	0002.208
-02.1157	-00.7830	0002.209
-02.1126	-00.7830	0002.210
-02.1105	-00.7837	0002.211
-02.1074	-00.7830	0002.212
-02.1047	-00.7833	0002.213
-02.1016	-00.7830	0002.214
-02.0995	-00.7833	0002.215
-02.0967	-00.7833	0002.216
-02.0943	-00.7830	0002.217
-02.0913	-00.7830	0002.218
-02.0891	-00.7833	0002.219
-02.0858	-00.7830	0002.220
-02.0836	-00.7830	0002.221
-02.0800	-00.7827	0002.222
-02.0787	-00.7830	0002.223
-02.0754	-00.7830	0002.224
-02.0726	-00.7830	0002.225
-02.0699	-00.7830	0002.226
-02.0671	-00.7830	0002.227
-02.0647	-00.7827	0002.228
-02.0620	-00.7830	0002.229
-02.0595	-00.7830	0002.230
-02.0568	-00.7827	0002.231
-02.0540	-00.7830	0002.232
-02.0510	-00.7833	0002.233
-02.0494	-00.7830	0002.234
-02.0458	-00.7824	0002.235
-02.0433	-00.7830	0002.236
-02.0406	-00.7827	0002.237
-02.0385	-00.7830	0002.238
-02.0357	-00.7827	0002.239
-02.0330	-00.7827	0002.240
-02.0296	-00.7827	0002.241
-02.0278	-00.7833	0002.242
-02.0250	-00.7824	0002.243
-02.0220	-00.7824	0002.244
-02.0192	-00.7824	0002.245
-02.0168	-00.7827	0002.246
-02.0144	-00.7827	0002.247
-02.0113	-00.7833	0002.248
-02.0086	-00.7827	0002.249
-02.0061	-00.7827	0002.250
-02.0034	-00.7824	0002.251
-02.0006	-00.7824	0002.252
-01.9985	-00.7824	0002.253
-01.9954	-00.7827	0002.254
-01.9927	-00.7827	0002.255
-01.9902	-00.7824	0002.256
-01.9875	-00.7827	0002.257
-01.9847	-00.7827	0002.258
-01.9814	-00.7827	0002.259
-01.9793	-00.7824	0002.260
-01.9768	-00.7824	0002.261
-01.9744	-00.7827	0002.262
-01.9713	-00.7827	0002.263
-01.9686	-00.7821	0002.264
-01.9661	-00.7824	0002.265
-01.9640	-00.7824	0002.266
-01.9609	-00.7824	0002.267
-01.9576	-00.7827	0002.268
-01.9558	-00.7827	0002.269
-01.9527	-00.7830	0002.270
-01.9497	-00.7824	0002.271
-01.9478	-00.7827	0002.272
-01.9451	-00.7821	0002.273
-01.9420	-00.7824	0002.274
-01.9393	-00.7824	0002.275
-01.9368	-00.7824	0002.276
-01.9338	-00.7827	0002.277
-01.9316	-00.7824	0002.278
-01.9280	-00.7824	0002.279
-01.9259	-00.7824	0002.280
-01.9231	-00.7821	0002.281
-01.9204	-00.7824	0002.282
-01.9182	-00.7821	0002.283
-01.9155	-00.7821	0002.284
-01.9130	-00.7824	0002.285
-01.9100	-00.7821	0002.286
-01.9075	-00.7821	0002.287
-01.9048	-00.7821	0002.288
-01.9020	-00.7824	0002.289
-01.8993	-00.7821	0002.290
-01.8959	-00.7821	0002.291
-01.8938	-00.7824	0002.292
-01.8911	-00.7824	0002.293
-01.8883	-00.7824	0002.294
-01.8859	-00.7821	0002.295
-01.8831	-00.7821	0002.296
-01.8807	-00.7818	0002.297
-01.8779	-00.7821	0002.298
-01.8746	-00.7818	0002.299
-01.8734	-00.7821	0002.300
-01.8700	-00.7818	0002.301
-01.8673	-00.7821	0002.302
-01.8648	-00.7821	0002.303
-01.8615	-00.7818	0002.304
-01.8587	-00.7821	0002.305
-01.8563	-00.7821	0002.306
-01.8547	-00.7818	0002.307
-01.8508	-00.7821	0002.308
-01.8480	-00.7821	0002.309
-01.8459	-00.7818	0002.310
-01.8431	-00.7821	0002.311
-01.8407	-00.7821	0002.312
-01.8373	-00.7818	0002.313
-01.8355	-00.7821	0002.314
-01.8322	-00.7818	0002.315
-01.8303	-00.7818	0002.316
-01.8270	-00.7821	0002.317
-01.8245	-00.7821	0002.318
-01.8218	-00.7815	0002.319
-01.8187	-00.7821	0002.320
-01.8160	-00.7818	0002.321
-01.8139	-00.7815	0002.322
-01.8108	-00.7821	0002.323
-01.8077	-00.7815	0002.324
-01.8056	-00.7818	0002.325
-01.8032	-00.7821	0002.326
-01.8007	-00.7821	0002.327
-01.7980	-00.7815	0002.328
-01.7952	-00.7815	0002.329
-01.7922	-00.7818	0002.330
-01.7897	-00.7818	0002.331
-01.7870	-00.7815	0002.332
-01.7839	-00.7818	0002.333
-01.7809	-00.7812	0002.334
-01.7791	-00.7812	0002.335
-01.7760	-00.7818	0002.336
-01.7742	-00.7812	0002.337
-01.7711	-00.7818	0002.338
-01.7678	-00.7815	0002.339
-01.7653	-00.7815	0002.340
-01.7626	-00.7812	0002.341
-01.7601	-00.7812	0002.342
-01.7577	-00.7812	0002.343
-01.7550	-00.7815	0002.344
-01.7522	-00.7815	0002.345
-01.7501	-00.7812	0002.346
-01.7470	-00.7812	0002.347
-01.7443	-00.7815	0002.348
-01.7415	-00.7815	0002.349
-01.7388	-00.7812	0002.350
-01.7363	-00.7812	0002.351
-01.7333	-00.7812	0002.352
-01.7318	-00.7815	0002.353
-01.7278	-00.7815	0002.354
-01.7254	-00.7815	0002.355
-01.7229	-00.7815	0002.356
-01.7202	-00.7809	0002.357
-01.7177	-00.7812	0002.358
-01.7150	-00.7812	0002.359
-01.7125	-00.7812	0002.360
-01.7098	-00.7809	0002.361
-01.7070	-00.7812	0002.362
-01.7040	-00.7815	0002.363
-01.7019	-00.7809	0002.364
-01.6991	-00.7815	0002.365
-01.6964	-00.7812	0002.366
-01.6930	-00.7806	0002.367
-01.6912	-00.7812	0002.368
-01.6884	-00.7809	0002.369
-01.6857	-00.7815	0002.370
-01.6829	-00.7815	0002.371
-01.6808	-00.7812	0002.372
-01.6777	-00.7809	0002.373
-01.6744	-00.7812	0002.374
-01.6719	-00.7815	0002.375
-01.6698	-00.7809	0002.376
-01.6668	-00.7812	0002.377
-01.6643	-00.7812	0002.378
-01.6619	-00.7809	0002.379
-01.6585	-00.7809	0002.380
-01.6561	-00.7809	0002.381
-01.6536	-00.7809	0002.382
-01.6506	-00.7809	0002.383
-01.6478	-00.7809	0002.384
-01.6451	-00.7809	0002.385
-01.6426	-00.7809	0002.386
-01.6396	-00.7812	0002.387
-01.6372	-00.7812	0002.388
-01.6347	-00.7809	0002.389
-01.6323	-00.7812	0002.390
-01.6295	-00.7809	0002.391
-01.6268	-00.7812	0002.392
-01.6240	-00.7806	0002.393
-01.6210	-00.7806	0002.394
-01.6191	-00.7809	0002.395
-01.6161	-00.7809	0002.396
-01.6134	-00.7809	0002.397
-01.6112	-00.7812	0002.398
-01.6079	-00.7809	0002.399
-01.6057	-00.7809	0002.400
-01.6027	-00.7809	0002.401
-01.5999	-00.7809	0002.402
-01.5975	-00.7809	0002.403
-01.5950	-00.7803	0002.404
-01.5920	-00.7809	0002.405
-01.5889	-00.7806	0002.406
-01.5865	-00.7809	0002.407
-01.5841	-00.7809	0002.408
-01.5813	-00.7806	0002.409
-01.5792	-00.7809	0002.410
-01.5755	-00.7809	0002.411
-01.5737	-00.7803	0002.412
-01.5703	-00.7809	0002.413
-01.5682	-00.7809	0002.414
-01.5648	-00.7806	0002.415
-01.5627	-00.7806	0002.416
-01.5602	-00.7809	0002.417
-01.5578	-00.7806	0002.418
-01.5548	-00.7809	0002.419
-01.5520	-00.7803	0002.420
-01.5493	-00.7806	0002.421
-01.5465	-00.7806	0002.422
-01.5435	-00.7806	0002.423
-01.5413	-00.7806	0002.424
-01.5386	-00.7806	0002.425
-01.5361	-00.7803	0002.426
-01.5331	-00.7803	0002.427
-01.5303	-00.7800	0002.428
-01.5282	-00.7800	0002.429
-01.5255	-00.7803	0002.430
-01.5227	-00.7806	0002.431
-01.5200	-00.7806	0002.432
-01.5169	-00.7806	0002.433
-01.5148	-00.7806	0002.434
-01.5117	-00.7803	0002.435
-01.5090	-00.7803	0002.436
-01.5065	-00.7803	0002.437
-01.5035	-00.7803	0002.438
-01.5010	-00.7803	0002.439
-01.4986	-00.7806	0002.440
-01.4962	-00.7800	0002.441
-01.4928	-00.7806	0002.442
-01.4907	-00.7800	0002.443
-01.4876	-00.7803	0002.444
-01.4849	-00.7800	0002.445
-01.4821	-00.7803	0002.446
-01.4797	-00.7806	0002.447
-01.4775	-00.7800	0002.448
-01.4742	-00.7803	0002.449
-01.4717	-00.7803	0002.450
-01.4693	-00.7800	0002.451
-01.4666	-00.7800	0002.452
-01.4635	-00.7800	0002.453
-01.4605	-00.7803	0002.454
-01.4580	-00.7800	0002.455
-01.4559	-00.7800	0002.456
-01.4534	-00.7800	0002.457
-01.4507	-00.7800	0002.458
-01.4479	-00.7800	0002.459
-01.4455	-00.7803	0002.460
-01.4425	-00.7800	0002.461
-01.4397	-00.7800	0002.462
-01.4373	-00.7800	0002.463
-01.4342	-00.7800	0002.464
-01.4318	-00.7800	0002.465
-01.4287	-00.7800	0002.466
-01.4266	-00.7803	0002.467
-01.4238	-00.7800	0002.468
-01.4214	-00.7797	0002.469
-01.4180	-00.7797	0002.470
-01.4159	-00.7797	0002.471
-01.4135	-00.7800	0002.472
-01.4107	-00.7797	0002.473
-01.4077	-00.7800	0002.474
-01.4058	-00.7800	0002.475
-01.4025	-00.7794	0002.476
-01.3994	-00.7800	0002.477
-01.3970	-00.7797	0002.478
-01.3942	-00.7803	0002.479
-01.3918	-00.7797	0002.480
-01.3884	-00.7794	0002.481
-01.3863	-00.7797	0002.482
-01.3839	-00.7797	0002.483
-01.3808	-00.7797	0002.484
-01.3784	-00.7797	0002.485
-01.3756	-00.7803	0002.486
-01.3729	-00.7794	0002.487
-01.3701	-00.7797	0002.488
-01.3671	-00.7800	0002.489
-01.3652	-00.7788	0002.490
-01.3625	-00.7797	0002.491
-01.3594	-00.7797	0002.492
-01.3570	-00.7797	0002.493
-01.3546	-00.7797	0002.494
-01.3515	-00.7794	0002.495
-01.3491	-00.7797	0002.496
-01.3460	-00.7794	0002.497
-01.3442	-00.7794	0002.498
-01.3408	-00.7797	0002.499
-01.3381	-00.7794	0002.500
-01.3356	-00.7797	0002.501
-01.3335	-00.7791	0002.502
-01.3305	-00.7794	0002.503
-01.3277	-00.7794	0002.504
-01.3253	-00.7797	0002.505
-01.3225	-00.7791	0002.506
-01.3192	-00.7791	0002.507
-01.3173	-00.7794	0002.508
-01.3152	-00.7791	0002.509
-01.3112	-00.7794	0002.510
-01.3088	-00.7794	0002.511
-01.3063	-00.7794	0002.512
-01.3036	-00.7791	0002.513
-01.3012	-00.7788	0002.514
-01.2981	-00.7785	0002.515
-01.2951	-00.7794	0002.516
-01.2932	-00.7791	0002.517
-01.2905	-00.7791	0002.518
-01.2874	-00.7788	0002.519
-01.2847	-00.7788	0002.520
-01.2822	-00.7791	0002.521
-01.2795	-00.7791	0002.522
-01.2767	-00.7794	0002.523
-01.2743	-00.7788	0002.524
-01.2719	-00.7794	0002.525
-01.2688	-00.7785	0002.526
-01.2664	-00.7788	0002.527
-01.2636	-00.7791	0002.528
-01.2606	-00.7791	0002.529
-01.2581	-00.7785	0002.530
-01.2557	-00.7788	0002.531
-01.2529	-00.7788	0002.532
-01.2502	-00.7785	0002.533
-01.2474	-00.7788	0002.534
-01.2447	-00.7797	0002.535
-01.2426	-00.7788	0002.536
-01.2395	-00.7785	0002.537
-01.2368	-00.7788	0002.538
-01.2340	-00.7788	0002.539
-01.2313	-00.7791	0002.540
-01.2288	-00.7791	0002.541
-01.2264	-00.7788	0002.542
-01.2233	-00.7788	0002.543
-01.2212	-00.7785	0002.544
-01.2185	-00.7785	0002.545
-01.2151	-00.7791	0002.546
-01.2127	-00.7788	0002.547
-01.2099	-00.7788	0002.548
-01.2075	-00.7788	0002.549
-01.2047	-00.7785	0002.550
-01.2023	-00.7785	0002.551
-01.1992	-00.7782	0002.552
-01.1965	-00.7791	0002.553
-01.1937	-00.7788	0002.554
-01.1916	-00.7791	0002.555
-01.1885	-00.7788	0002.556
-01.1861	-00.7788	0002.557
-01.1831	-00.7788	0002.558
-01.1809	-00.7791	0002.559
-01.1779	-00.7785	0002.560
-01.1754	-00.7785	0002.561
-01.1727	-00.7788	0002.562
-01.1702	-00.7785	0002.563
-01.1672	-00.7788	0002.564
-01.1641	-00.7782	0002.565
-01.1617	-00.7782	0002.566
-01.1599	-00.7788	0002.567
-01.1565	-00.7785	0002.568
-01.1538	-00.7785	0002.569
-01.1513	-00.7782	0002.570
-01.1486	-00.7785	0002.571
-01.1455	-00.7779	0002.572
-01.1434	-00.7785	0002.573
-01.1406	-00.7782	0002.574
-01.1379	-00.7785	0002.575
-01.1354	-00.7782	0002.576
-01.1327	-00.7782	0002.577
-01.1300	-00.7785	0002.578
-01.1269	-00.7782	0002.579
-01.1245	-00.7782	0002.580
-01.1217	-00.7782	0002.581
-01.1193	-00.7782	0002.582
-01.1168	-00.7782	0002.583
-01.1138	-00.7779	0002.584
-01.1113	-00.7782	0002.585
-01.1086	-00.7779	0002.586
-01.1058	-00.7782	0002.587
-01.1031	-00.7782	0002.588
-01.1004	-00.7779	0002.589
-01.0985	-00.7782	0002.590
-01.0952	-00.7782	0002.591
-01.0927	-00.7779	0002.592
-01.0903	-00.7779	0002.593
-01.0872	-00.7779	0002.594
-01.0848	-00.7785	0002.595
-01.0817	-00.7779	0002.596
-01.0796	-00.7779	0002.597
-01.0765	-00.7782	0002.598
-01.0735	-00.7766	0002.599
-01.0711	-00.7782	0002.600
-01.0686	-00.7776	0002.601
-01.0653	-00.7782	0002.602
-01.0637	-00.7779	0002.603
-01.0607	-00.7779	0002.604
-01.0579	-00.7779	0002.605
-01.0555	-00.7782	0002.606
-01.0524	-00.7779	0002.607
-01.0500	-00.7779	0002.608
-01.0472	-00.7776	0002.609
-01.0445	-00.7782	0002.610
-01.0421	-00.7779	0002.611
-01.0393	-00.7776	0002.612
-01.0363	-00.7779	0002.613
-01.0338	-00.7776	0002.614
-01.0311	-00.7779	0002.615
-01.0289	-00.7776	0002.616
-01.0262	-00.7776	0002.617
-01.0231	-00.7776	0002.618
-01.0204	-00.7776	0002.619
-01.0176	-00.7779	0002.620
-01.0152	-00.7776	0002.621
-01.0122	-00.7776	0002.622
-01.0097	-00.7779	0002.623
-01.0073	-00.7776	0002.624
-01.0039	-00.7776	0002.625
-01.0015	-00.7772	0002.626
-00.9987	-00.7772	0002.627
-00.9966	-00.7757	0002.628
-00.9938	-00.7776	0002.629
-00.9908	-00.7776	0002.630
-00.9887	-00.7772	0002.631
-00.9856	-00.7776	0002.632
-00.9835	-00.7776	0002.633
-00.9801	-00.7772	0002.634
-00.9780	-00.7772	0002.635
-00.9752	-00.7772	0002.636
-00.9722	-00.7769	0002.637
-00.9694	-00.7772	0002.638
-00.9673	-00.7769	0002.639
-00.9642	-00.7772	0002.640
-00.9618	-00.7772	0002.641
-00.9584	-00.7769	0002.642
-00.9566	-00.7776	0002.643
-00.9536	-00.7772	0002.644
-00.9511	-00.7772	0002.645
-00.9481	-00.7776	0002.646
-00.9462	-00.7776	0002.647
-00.9429	-00.7766	0002.648
-00.9404	-00.7772	0002.649
-00.9380	-00.7772	0002.650
-00.9353	-00.7769	0002.651
-00.9328	-00.7776	0002.652
-00.9298	-00.7772	0002.653
-00.9270	-00.7769	0002.654
-00.9246	-00.7769	0002.655
-00.9212	-00.7769	0002.656
-00.9191	-00.7772	0002.657
-00.9163	-00.7769	0002.658
-00.9139	-00.7769	0002.659
-00.9111	-00.7772	0002.660
-00.9078	-00.7766	0002.661
-00.9056	-00.7766	0002.662
-00.9029	-00.7766	0002.663
-00.9002	-00.7760	0002.664
-00.8974	-00.7766	0002.665
-00.8953	-00.7766	0002.666
-00.8925	-00.7769	0002.667
-00.8901	-00.7772	0002.668
-00.8873	-00.7763	0002.669
-00.8843	-00.7766	0002.670
-00.8815	-00.7766	0002.671
-00.8788	-00.7766	0002.672
-00.8764	-00.7769	0002.673
-00.8736	-00.7766	0002.674
-00.8706	-00.7766	0002.675
-00.8681	-00.7766	0002.676
-00.8660	-00.7766	0002.677
-00.8632	-00.7769	0002.678
-00.8596	-00.7760	0002.679
-00.8580	-00.7763	0002.680
-00.8547	-00.7769	0002.681
-00.8519	-00.7766	0002.682
-00.8492	-00.7766	0002.683
-00.8464	-00.7766	0002.684
-00.8443	-00.7757	0002.685
-00.8413	-00.7769	0002.686
-00.8388	-00.7760	0002.687
-00.8355	-00.7757	0002.688
-00.8339	-00.7763	0002.689
-00.8309	-00.7763	0002.690
-00.8284	-00.7766	0002.691
-00.8257	-00.7760	0002.692
-00.8229	-00.7760	0002.693
-00.8205	-00.7763	0002.694
-00.8171	-00.7763	0002.695
-00.8144	-00.7766	0002.696
-00.8120	-00.7763	0002.697
-00.8092	-00.7760	0002.698
-00.8068	-00.7760	0002.699
-00.8040	-00.7760	0002.700
-00.8010	-00.7757	0002.701
-00.7988	-00.7757	0002.702
-00.7958	-00.7763	0002.703
-00.7940	-00.7757	0002.704
-00.7900	-00.7760	0002.705
-00.7882	-00.7760	0002.706
-00.7854	-00.7760	0002.707
-00.7833	-00.7760	0002.708
-00.7802	-00.7757	0002.709
-00.7775	-00.7760	0002.710
-00.7750	-00.7757	0002.711
-00.7726	-00.7760	0002.712
-00.7692	-00.7760	0002.713
-00.7665	-00.7757	0002.714
-00.7644	-00.7760	0002.715
-00.7619	-00.7760	0002.716
-00.7589	-00.7760	0002.717
-00.7561	-00.7760	0002.718
-00.7534	-00.7757	0002.719
-00.7506	-00.7757	0002.720
-00.7479	-00.7757	0002.721
-00.7454	-00.7757	0002.722
-00.7430	-00.7757	0002.723
-00.7399	-00.7757	0002.724
-00.7375	-00.7760	0002.725
-00.7347	-00.7757	0002.726
-00.7323	-00.7757	0002.727
-00.7296	-00.7757	0002.728
-00.7265	-00.7757	0002.729
-00.7238	-00.7751	0002.730
-00.7210	-00.7754	0002.731
-00.7186	-00.7757	0002.732
-00.7158	-00.7757	0002.733
-00.7137	-00.7757	0002.734
-00.7103	-00.7754	0002.735
-00.7079	-00.7754	0002.736
-00.7055	-00.7751	0002.737
-00.7027	-00.7754	0002.738
-00.7003	-00.7754	0002.739
-00.6972	-00.7754	0002.740
-00.6942	-00.7754	0002.741
-00.6923	-00.7754	0002.742
-00.6893	-00.7751	0002.743
-00.6862	-00.7751	0002.744
-00.6838	-00.7751	0002.745
-00.6813	-00.7751	0002.746
-00.6789	-00.7751	0002.747
-00.6762	-00.7751	0002.748
-00.6731	-00.7751	0002.749
-00.6707	-00.7751	0002.750
-00.6679	-00.7751	0002.751
-00.6649	-00.7757	0002.752
-00.6627	-00.7754	0002.753
-00.6600	-00.7748	0002.754
-00.6569	-00.7748	0002.755
-00.6551	-00.7748	0002.756
-00.6520	-00.7748	0002.757
-00.6490	-00.7751	0002.758
-00.6469	-00.7748	0002.759
-00.6435	-00.7745	0002.760
-00.6417	-00.7748	0002.761
-00.6389	-00.7748	0002.762
-00.6356	-00.7748	0002.763
-00.6334	-00.7751	0002.764
-00.6307	-00.7748	0002.765
-00.6279	-00.7751	0002.766
-00.6249	-00.7751	0002.767
-00.6224	-00.7748	0002.768
-00.6197	-00.7742	0002.769
-00.6173	-00.7748	0002.770
-00.6148	-00.7745	0002.771
-00.6124	-00.7745	0002.772
-00.6090	-00.7751	0002.773
-00.6066	-00.7745	0002.774
-00.6038	-00.7748	0002.775
-00.6011	-00.7745	0002.776
-00.5983	-00.7748	0002.777
-00.5959	-00.7748	0002.778
-00.5935	-00.7742	0002.779
-00.5904	-00.7748	0002.780
-00.5877	-00.7742	0002.781
-00.5852	-00.7745	0002.782
-00.5825	-00.7751	0002.783
-00.5803	-00.7745	0002.784
-00.5773	-00.7742	0002.785
-00.5742	-00.7745	0002.786
-00.5718	-00.7742	0002.787
-00.5687	-00.7745	0002.788
-00.5663	-00.7742	0002.789
-00.5639	-00.7742	0002.790
-00.5608	-00.7742	0002.791
-00.5590	-00.7742	0002.792
-00.5556	-00.7745	0002.793
-00.5532	-00.7742	0002.794
-00.5501	-00.7742	0002.795
-00.5483	-00.7745	0002.796
-00.5455	-00.7742	0002.797
-00.5425	-00.7736	0002.798
-00.5400	-00.7742	0002.799
-00.5367	-00.7742	0002.800
-00.5346	-00.7742	0002.801
-00.5315	-00.7739	0002.802
-00.5291	-00.7739	0002.803
-00.5263	-00.7742	0002.804
-00.5233	-00.7742	0002.805
-00.5208	-00.7742	0002.806
-00.5184	-00.7739	0002.807
-00.5162	-00.7742	0002.808
-00.5129	-00.7742	0002.809
-00.5104	-00.7733	0002.810
-00.5077	-00.7739	0002.811
-00.5046	-00.7745	0002.812
-00.5025	-00.7742	0002.813
-00.4995	-00.7733	0002.814
-00.4976	-00.7739	0002.815
-00.4946	-00.7742	0002.816
-00.4918	-00.7739	0002.817
-00.4888	-00.7736	0002.818
-00.4857	-00.7736	0002.819
-00.4839	-00.7742	0002.820
-00.4811	-00.7733	0002.821
-00.4787	-00.7742	0002.822
-00.4757	-00.7736	0002.823
-00.4729	-00.7739	0002.824
-00.4705	-00.7736	0002.825
-00.4671	-00.7736	0002.826
-00.4650	-00.7733	0002.827
-00.4625	-00.7739	0002.828
-00.4592	-00.7736	0002.829
-00.4573	-00.7736	0002.830
-00.4546	-00.7736	0002.831
-00.4515	-00.7736	0002.832
-00.4491	-00.7733	0002.833
-00.4467	-00.7736	0002.834
-00.4436	-00.7733	0002.835
-00.4412	-00.7736	0002.836
-00.4384	-00.7730	0002.837
-00.4357	-00.7736	0002.838
-00.4329	-00.7730	0002.839
-00.4302	-00.7733	0002.840
-00.4284	-00.7733	0002.841
-00.4250	-00.7736	0002.842
-00.4226	-00.7730	0002.843
-00.4195	-00.7730	0002.844
-00.4168	-00.7730	0002.845
-00.4146	-00.7730	0002.846
-00.4116	-00.7733	0002.847
-00.4088	-00.7736	0002.848
-00.4061	-00.7724	0002.849
-00.4036	-00.7730	0002.850
-00.4012	-00.7733	0002.851
-00.3981	-00.7733	0002.852
-00.3957	-00.7730	0002.853
-00.3930	-00.7730	0002.854
-00.3905	-00.7730	0002.855
-00.3875	-00.7727	0002.856
-00.3850	-00.7733	0002.857
-00.3826	-00.7727	0002.858
-00.3792	-00.7730	0002.859
-00.3774	-00.7730	0002.860
-00.3743	-00.7727	0002.861
-00.3716	-00.7727	0002.862
-00.3685	-00.7730	0002.863
-00.3664	-00.7730	0002.864
-00.3634	-00.7727	0002.865
-00.3609	-00.7730	0002.866
-00.3582	-00.7727	0002.867
-00.3557	-00.7727	0002.868
-00.3524	-00.7730	0002.869
-00.3505	-00.7727	0002.870
-00.3475	-00.7730	0002.871
-00.3450	-00.7727	0002.872
-00.3423	-00.7727	0002.873
-00.3389	-00.7727	0002.874
-00.3368	-00.7724	0002.875
-00.3347	-00.7724	0002.876
-00.3310	-00.7724	0002.877
-00.3286	-00.7727	0002.878
-00.3261	-00.7724	0002.879
-00.3237	-00.7721	0002.880
-00.3206	-00.7727	0002.881
-00.3182	-00.7727	0002.882
-00.3160	-00.7721	0002.883
-00.3127	-00.7724	0002.884
-00.3103	-00.7724	0002.885
-00.3075	-00.7721	0002.886
-00.3045	-00.7721	0002.887
-00.3020	-00.7724	0002.888
-00.2993	-00.7724	0002.889
-00.2968	-00.7721	0002.890
-00.2944	-00.7721	0002.891
-00.2910	-00.7718	0002.892
-00.2886	-00.7721	0002.893
-00.2861	-00.7724	0002.894
-00.2837	-00.7718	0002.895
-00.2806	-00.7724	0002.896
-00.2782	-00.7721	0002.897
-00.2755	-00.7721	0002.898
-00.2727	-00.7721	0002.899
-00.2700	-00.7714	0002.900
-00.2672	-00.7721	0002.901
-00.2642	-00.7721	0002.902
-00.2617	-00.7714	0002.903
-00.2596	-00.7718	0002.904
-00.2565	-00.7724	0002.905
-00.2541	-00.7718	0002.906
-00.2514	-00.7714	0002.907
-00.2489	-00.7714	0002.908
-00.2459	-00.7721	0002.909
-00.2434	-00.7721	0002.910
-00.2404	-00.7718	0002.911
-00.2382	-00.7718	0002.912
-00.2352	-00.7714	0002.913
-00.2330	-00.7718	0002.914
-00.2303	-00.7714	0002.915
-00.2272	-00.7718	0002.916
-00.2248	-00.7705	0002.917
-00.2221	-00.7714	0002.918
-00.2190	-00.7714	0002.919
-00.2169	-00.7714	0002.920
-00.2138	-00.7714	0002.921
-00.2114	-00.7718	0002.922
-00.2086	-00.7714	0002.923
-00.2059	-00.7714	0002.924
-00.2034	-00.7711	0002.925
-00.2004	-00.7711	0002.926
-00.1979	-00.7711	0002.927
-00.1955	-00.7714	0002.928
-00.1928	-00.7708	0002.929
-00.1894	-00.7714	0002.930
-00.1867	-00.7714	0002.931
-00.1845	-00.7711	0002.932
-00.1821	-00.7711	0002.933
-00.1793	-00.7708	0002.934
-00.1763	-00.7711	0002.935
-00.1735	-00.7708	0002.936
-00.1711	-00.7708	0002.937
-00.1686	-00.7708	0002.938
-00.1656	-00.7711	0002.939
-00.1635	-00.7718	0002.940
-00.1610	-00.7708	0002.941
-00.1580	-00.7711	0002.942
-00.1555	-00.7711	0002.943
-00.1531	-00.7705	0002.944
-00.1503	-00.7708	0002.945
-00.1476	-00.7705	0002.946
-00.1442	-00.7711	0002.947
-00.1418	-00.7705	0002.948
-00.1400	-00.7708	0002.949
-00.1363	-00.7708	0002.950
-00.1342	-00.7705	0002.951
-00.1308	-00.7708	0002.952
-00.1287	-00.7708	0002.953
-00.1256	-00.7705	0002.954
-00.1232	-00.7702	0002.955
-00.1204	-00.7708	0002.956
-00.1180	-00.7708	0002.957
-00.1152	-00.7705	0002.958
-00.1125	-00.7705	0002.959
-00.1101	-00.7705	0002.960
-00.1073	-00.7702	0002.961
-00.1046	-00.7708	0002.962
-00.1018	-00.7702	0002.963
-00.0994	-00.7705	0002.964
-00.0963	-00.7702	0002.965
-00.0939	-00.7699	0002.966
-00.0911	-00.7699	0002.967
-00.0881	-00.7699	0002.968
-00.0856	-00.7699	0002.969
-00.0829	-00.7702	0002.970
-00.0808	-00.7702	0002.971
-00.0780	-00.7705	0002.972
-00.0753	-00.7702	0002.973
-00.0725	-00.7699	0002.974
-00.0698	-00.7699	0002.975
-00.0673	-00.7702	0002.976
-00.0646	-00.7699	0002.977
-00.0618	-00.7699	0002.978
-00.0594	-00.7699	0002.979
-00.0570	-00.7699	0002.980
-00.0533	-00.7696	0002.981
-00.0515	-00.7699	0002.982
-00.0487	-00.7699	0002.983
-00.0460	-00.7696	0002.984
-00.0432	-00.7696	0002.985
-00.0405	-00.7699	0002.986
-00.0380	-00.7699	0002.987
-00.0356	-00.7693	0002.988
-00.0322	-00.7693	0002.989
-00.0298	-00.7693	0002.990
-00.0274	-00.7696	0002.991
-00.0243	-00.7693	0002.992
-00.0216	-00.7699	0002.993
-00.0191	-00.7693	0002.994
-00.0167	-00.7690	0002.995
-00.0133	-00.7693	0002.996
-00.0109	-00.7693	0002.997
-00.0084	-00.7690	0002.998
-00.0057	-00.7696	0002.999
