R,Ohm	C,pF	Temp,C
0000000000	0000100000	+025.00
Ch1,V	Ch2,V	Time,s
+00.0001	-00.0006	0000.000
-00.0002	-00.0009	0000.001
+00.0029	-00.0006	0000.002
+00.0074	-00.0006	0000.003
+00.0114	-00.0006	0000.004
+00.0157	-00.0006	0000.005
+00.0200	-00.0006	0000.006
+00.0230	-00.0012	0000.007
+00.0273	-00.0006	0000.008
+00.0315	-00.0009	0000.009
+00.0352	-00.0009	0000.010
+00.0398	-00.0003	0000.011
+00.0434	-00.0006	0000.012
+00.0477	-00.0003	0000.013
+00.0517	-00.0006	0000.014
+00.0554	-00.0006	0000.015
+00.0593	+00.0000	0000.016
+00.0633	-00.0003	0000.017
+00.0676	-00.0003	0000.018
+00.0712	-00.0006	0000.019
+00.0758	-00.0006	0000.020
+00.0798	-00.0006	0000.021
+00.0837	-00.0003	0000.022
+00.0877	-00.0003	0000.023
+00.0917	-00.0006	0000.024
+00.0956	-00.0003	0000.025
+00.0996	-00.0003	0000.026
+00.1039	-00.0003	0000.027
+00.1078	+00.0003	0000.028
+00.1112	-00.0003	0000.029
+00.1161	+00.0003	0000.030
+00.1197	+00.0000	0000.031
+00.1237	-00.0003	0000.032
+00.1274	+00.0006	0000.033
+00.1313	+00.0003	0000.034
+00.1356	+00.0000	0000.035
+00.1396	+00.0000	0000.036
+00.1442	+00.0003	0000.037
+00.1478	-00.0003	0000.038
+00.1521	+00.0000	0000.039
+00.1561	+00.0006	0000.040
+00.1600	+00.0003	0000.041
+00.1637	+00.0003	0000.042
+00.1680	+00.0006	0000.043
+00.1716	+00.0003	0000.044
+00.1756	+00.0003	0000.045
+00.1796	+00.0006	0000.046
+00.1841	+00.0003	0000.047
+00.1878	+00.0006	0000.048
+00.1921	+00.0000	0000.049
+00.1957	+00.0006	0000.050
+00.1997	+00.0006	0000.051
+00.2037	+00.0003	0000.052
+00.2079	+00.0006	0000.053
+00.2122	+00.0006	0000.054
+00.2156	+00.0006	0000.055
+00.2198	+00.0010	0000.056
+00.2238	+00.0013	0000.057
+00.2281	+00.0010	0000.058
+00.2314	+00.0006	0000.059
+00.2354	+00.0010	0000.060
+00.2400	+00.0013	0000.061
+00.2446	+00.0010	0000.062
+00.2479	+00.0010	0000.063
+00.2519	+00.0013	0000.064
+00.2562	+00.0013	0000.065
+00.2601	+00.0013	0000.066
+00.2638	+00.0013	0000.067
+00.2684	+00.0016	0000.068
+00.2720	+00.0016	0000.069
+00.2763	+00.0013	0000.070
+00.2797	+00.0019	0000.071
+00.2836	+00.0016	0000.072
+00.2876	+00.0016	0000.073
+00.2919	+00.0019	0000.074
+00.2958	+00.0019	0000.075
+00.2998	+00.0016	0000.076
+00.3038	+00.0019	0000.077
+00.3080	+00.0016	0000.078
+00.3123	+00.0019	0000.079
+00.3160	+00.0019	0000.080
+00.3202	+00.0019	0000.081
+00.3239	+00.0016	0000.082
+00.3282	+00.0019	0000.083
+00.3318	+00.0019	0000.084
+00.3355	+00.0022	0000.085
+00.3398	+00.0019	0000.086
+00.3440	+00.0022	0000.087
+00.3483	+00.0022	0000.088
+00.3520	+00.0022	0000.089
+00.3563	+00.0025	0000.090
+00.3602	+00.0022	0000.091
+00.3642	+00.0025	0000.092
+00.3672	+00.0028	0000.093
+00.3721	+00.0022	0000.094
+00.3764	+00.0025	0000.095
+00.3801	+00.0025	0000.096
+00.3840	+00.0028	0000.097
+00.3880	+00.0028	0000.098
+00.3923	+00.0025	0000.099
+00.3956	+00.0025	0000.100
+00.4002	+00.0028	0000.101
+00.4039	+00.0028	0000.102
+00.4081	+00.0025	0000.103
+00.4124	+00.0028	0000.104
+00.4161	+00.0028	0000.105
+00.4206	+00.0031	0000.106
+00.4243	+00.0034	0000.107
+00.4283	+00.0031	0000.108
+00.4319	+00.0034	0000.109
+00.4359	+00.0034	0000.110
+00.4399	+00.0031	0000.111
+00.4444	+00.0034	0000.112
+00.4484	+00.0034	0000.113
+00.4530	+00.0040	0000.114
+00.4560	+00.0037	0000.115
+00.4606	+00.0037	0000.116
+00.4646	+00.0034	0000.117
+00.4686	+00.0040	0000.118
+00.4716	+00.0040	0000.119
+00.4759	+00.0037	0000.120
+00.4799	+00.0037	0000.121
+00.4841	+00.0043	0000.122
+00.4884	+00.0040	0000.123
+00.4921	+00.0040	0000.124
+00.4960	+00.0043	0000.125
+00.5003	+00.0040	0000.126
+00.5043	+00.0043	0000.127
+00.5079	+00.0043	0000.128
+00.5131	+00.0043	0000.129
+00.5162	+00.0043	0000.130
+00.5198	+00.0043	0000.131
+00.5244	+00.0043	0000.132
+00.5284	+00.0040	0000.133
+00.5320	+00.0046	0000.134
+00.5363	+00.0046	0000.135
+00.5403	+00.0046	0000.136
+00.5445	+00.0046	0000.137
+00.5482	+00.0049	0000.138
+00.5528	+00.0043	0000.139
+00.5564	+00.0046	0000.140
+00.5601	+00.0049	0000.141
+00.5647	+00.0049	0000.142
+00.5684	+00.0049	0000.143
+00.5723	+00.0052	0000.144
+00.5760	+00.0049	0000.145
+00.5803	+00.0049	0000.146
+00.5842	+00.0052	0000.147
+00.5882	+00.0052	0000.148
+00.5925	+00.0055	0000.149
+00.5964	+00.0055	0000.150
+00.6007	+00.0052	0000.151
+00.6044	+00.0055	0000.152
+00.6083	+00.0052	0000.153
+00.6126	+00.0055	0000.154
+00.6166	+00.0055	0000.155
+00.6205	+00.0058	0000.156
+00.6242	+00.0058	0000.157
+00.6288	+00.0055	0000.158
+00.6318	+00.0061	0000.159
+00.6370	+00.0058	0000.160
+00.6410	+00.0061	0000.161
+00.6443	+00.0055	0000.162
+00.6486	+00.0061	0000.163
+00.6526	+00.0061	0000.164
+00.6562	+00.0061	0000.165
+00.6602	+00.0061	0000.166
+00.6648	+00.0061	0000.167
+00.6681	+00.0061	0000.168
+00.6724	+00.0061	0000.169
+00.6767	+00.0061	0000.170
+00.6807	+00.0064	0000.171
+00.6846	+00.0064	0000.172
+00.6889	+00.0061	0000.173
+00.6926	+00.0064	0000.174
+00.6962	+00.0068	0000.175
+00.7005	+00.0068	0000.176
+00.7038	+00.0068	0000.177
+00.7087	+00.0068	0000.178
+00.7130	+00.0068	0000.179
+00.7167	+00.0068	0000.180
+00.7206	+00.0068	0000.181
+00.7246	+00.0071	0000.182
+00.7289	+00.0068	0000.183
+00.7325	+00.0071	0000.184
+00.7365	+00.0071	0000.185
+00.7405	+00.0074	0000.186
+00.7450	+00.0074	0000.187
+00.7490	+00.0071	0000.188
+00.7527	+00.0071	0000.189
+00.7566	+00.0071	0000.190
+00.7609	+00.0074	0000.191
+00.7649	+00.0074	0000.192
+00.7682	+00.0074	0000.193
+00.7722	+00.0074	0000.194
+00.7765	+00.0074	0000.195
+00.7811	+00.0077	0000.196
+00.7841	+00.0077	0000.197
+00.7890	+00.0074	0000.198
+00.7927	+00.0080	0000.199
+00.7963	+00.0077	0000.200
+00.8009	+00.0080	0000.201
+00.8049	+00.0077	0000.202
+00.8085	+00.0080	0000.203
+00.8128	+00.0080	0000.204
+00.8165	+00.0077	0000.205
+00.8204	+00.0080	0000.206
+00.8250	+00.0080	0000.207
+00.8290	+00.0083	0000.208
+00.8329	+00.0086	0000.209
+00.8363	+00.0080	0000.210
+00.8406	+00.0083	0000.211
+00.8448	+00.0083	0000.212
+00.8485	+00.0080	0000.213
+00.8528	+00.0083	0000.214
+00.8570	+00.0083	0000.215
+00.8610	+00.0086	0000.216
+00.8650	+00.0086	0000.217
+00.8689	+00.0083	0000.218
+00.8729	+00.0086	0000.219
+00.8766	+00.0083	0000.220
+00.8809	+00.0086	0000.221
+00.8848	+00.0086	0000.222
+00.8888	+00.0089	0000.223
+00.8928	+00.0089	0000.224
+00.8967	+00.0089	0000.225
+00.9013	+00.0086	0000.226
+00.9050	+00.0086	0000.227
+00.9086	+00.0089	0000.228
+00.9129	+00.0089	0000.229
+00.9169	+00.0095	0000.230
+00.9208	+00.0089	0000.231
+00.9248	+00.0095	0000.232
+00.9291	+00.0089	0000.233
+00.9330	+00.0092	0000.234
+00.9370	+00.0095	0000.235
+00.9410	+00.0089	0000.236
+00.9449	+00.0095	0000.237
+00.9489	+00.0092	0000.238
+00.9529	+00.0098	0000.239
+00.9568	+00.0092	0000.240
+00.9608	+00.0092	0000.241
+00.9645	+00.0089	0000.242
+00.9690	+00.0098	0000.243
+00.9730	+00.0098	0000.244
+00.9770	+00.0095	0000.245
+00.9806	+00.0095	0000.246
+00.9849	+00.0098	0000.247
+00.9892	+00.0092	0000.248
+00.9932	+00.0098	0000.249
+00.9974	+00.0101	0000.250
+01.0005	+00.0095	0000.251
+01.0048	+00.0095	0000.252
+01.0087	+00.0098	0000.253
+01.0133	+00.0095	0000.254
+01.0173	+00.0101	0000.255
+01.0215	+00.0095	0000.256
+01.0249	+00.0095	0000.257
+01.0292	+00.0098	0000.258
+01.0331	+00.0101	0000.259
+01.0371	+00.0101	0000.260
+01.0414	+00.0101	0000.261
+01.0453	+00.0098	0000.262
+01.0493	+00.0101	0000.263
+01.0533	+00.0104	0000.264
+01.0569	+00.0098	0000.265
+01.0612	+00.0104	0000.266
+01.0652	+00.0101	0000.267
+01.0694	+00.0101	0000.268
+01.0731	+00.0104	0000.269
+01.0774	+00.0104	0000.270
+01.0817	+00.0101	0000.271
+01.0853	+00.0107	0000.272
+01.0890	+00.0104	0000.273
+01.0933	+00.0107	0000.274
+01.0969	+00.0104	0000.275
+01.1009	+00.0107	0000.276
+01.1049	+00.0107	0000.277
+01.1085	+00.0107	0000.278
+01.1134	+00.0110	0000.279
+01.1174	+00.0107	0000.280
+01.1207	+00.0104	0000.281
+01.1253	+00.0110	0000.282
+01.1296	+00.0107	0000.283
+01.1335	+00.0110	0000.284
+01.1375	+00.0107	0000.285
+01.1412	+00.0113	0000.286
+01.1451	+00.0110	0000.287
+01.1494	+00.0113	0000.288
+01.1531	+00.0110	0000.289
+01.1576	+00.0110	0000.290
+01.1613	+00.0110	0000.291
+01.1653	+00.0110	0000.292
+01.1695	+00.0107	0000.293
+01.1735	+00.0113	0000.294
+01.1769	+00.0113	0000.295
+01.1811	+00.0110	0000.296
+01.1860	+00.0113	0000.297
+01.1894	+00.0116	0000.298
+01.1927	+00.0119	0000.299
+01.1973	+00.0116	0000.300
+01.2016	+00.0113	0000.301
+01.2053	+00.0113	0000.302
+01.2095	+00.0113	0000.303
+01.2132	+00.0116	0000.304
+01.2175	+00.0110	0000.305
+01.2208	+00.0116	0000.306
+01.2251	+00.0113	0000.307
+01.2297	+00.0122	0000.308
+01.2333	+00.0113	0000.309
+01.2373	+00.0119	0000.310
+01.2413	+00.0119	0000.311
+01.2452	+00.0119	0000.312
+01.2495	+00.0122	0000.313
+01.2535	+00.0122	0000.314
+01.2571	+00.0119	0000.315
+01.2617	+00.0119	0000.316
+01.2651	+00.0119	0000.317
+01.2690	+00.0119	0000.318
+01.2739	+00.0122	0000.319
+01.2776	+00.0122	0000.320
+01.2822	+00.0119	0000.321
+01.2855	+00.0122	0000.322
+01.2901	+00.0116	0000.323
+01.2934	+00.0122	0000.324
+01.2974	+00.0122	0000.325
+01.3014	+00.0122	0000.326
+01.3054	+00.0119	0000.327
+01.3093	+00.0125	0000.328
+01.3139	+00.0125	0000.329
+01.3182	+00.0122	0000.330
+01.3218	+00.0125	0000.331
+01.3252	+00.0119	0000.332
+01.3295	+00.0122	0000.333
+01.3334	+00.0135	0000.334
+01.3377	+00.0125	0000.335
+01.3414	+00.0125	0000.336
+01.3459	+00.0125	0000.337
+01.3496	+00.0125	0000.338
+01.3536	+00.0122	0000.339
+01.3575	+00.0132	0000.340
+01.3615	+00.0129	0000.341
+01.3658	+00.0132	0000.342
+01.3697	+00.0125	0000.343
+01.3737	+00.0132	0000.344
+01.3780	+00.0125	0000.345
+01.3813	+00.0132	0000.346
+01.3859	+00.0129	0000.347
+01.3902	+00.0129	0000.348
+01.3935	+00.0135	0000.349
+01.3978	+00.0132	0000.350
+01.4018	+00.0132	0000.351
+01.4054	+00.0135	0000.352
+01.4097	+00.0132	0000.353
+01.4137	+00.0132	0000.354
+01.4177	+00.0129	0000.355
+01.4213	+00.0132	0000.356
+01.4259	+00.0138	0000.357
+01.4299	+00.0132	0000.358
+01.4338	+00.0135	0000.359
+01.4375	+00.0132	0000.360
+01.4415	+00.0135	0000.361
+01.4454	+00.0138	0000.362
+01.4497	+00.0135	0000.363
+01.4537	+00.0135	0000.364
+01.4570	+00.0135	0000.365
+01.4619	+00.0138	0000.366
+01.4659	+00.0138	0000.367
+01.4701	+00.0138	0000.368
+01.4735	+00.0135	0000.369
+01.4775	+00.0135	0000.370
+01.4820	+00.0141	0000.371
+01.4851	+00.0138	0000.372
+01.4900	+00.0141	0000.373
+01.4939	+00.0141	0000.374
+01.4982	+00.0135	0000.375
+01.5019	+00.0138	0000.376
+01.5055	+00.0141	0000.377
+01.5098	+00.0141	0000.378
+01.5138	+00.0141	0000.379
+01.5184	+00.0135	0000.380
+01.5220	+00.0144	0000.381
+01.5257	+00.0144	0000.382
+01.5293	+00.0141	0000.383
+01.5336	+00.0138	0000.384
+01.5379	+00.0147	0000.385
+01.5419	+00.0144	0000.386
+01.5461	+00.0144	0000.387
+01.5495	+00.0141	0000.388
+01.5538	+00.0147	0000.389
+01.5577	+00.0141	0000.390
+01.5617	+00.0144	0000.391
+01.5657	+00.0147	0000.392
+01.5702	+00.0144	0000.393
+01.5739	+00.0147	0000.394
+01.5779	+00.0147	0000.395
+01.5812	+00.0141	0000.396
+01.5864	+00.0144	0000.397
+01.5901	+00.0147	0000.398
+01.5934	+00.0147	0000.399
+01.5983	+00.0141	0000.400
+01.6023	+00.0147	0000.401
+01.6059	+00.0150	0000.402
+01.6105	+00.0144	0000.403
+01.6142	+00.0147	0000.404
+01.6179	+00.0141	0000.405
+01.6221	+00.0153	0000.406
+01.6258	+00.0150	0000.407
+01.6301	+00.0150	0000.408
+01.6340	+00.0153	0000.409
+01.6380	+00.0150	0000.410
+01.6417	+00.0150	0000.411
+01.6459	+00.0147	0000.412
+01.6499	+00.0153	0000.413
+01.6545	+00.0147	0000.414
+01.6581	+00.0153	0000.415
+01.6621	+00.0150	0000.416
+01.6658	+00.0150	0000.417
+01.6697	+00.0156	0000.418
+01.6746	+00.0156	0000.419
+01.6780	+00.0150	0000.420
+01.6819	+00.0153	0000.421
+01.6862	+00.0153	0000.422
+01.6902	+00.0153	0000.423
+01.6938	+00.0159	0000.424
+01.6984	+00.0153	0000.425
+01.7021	+00.0156	0000.426
+01.7057	+00.0159	0000.427
+01.7100	+00.0156	0000.428
+01.7140	+00.0156	0000.429
+01.7176	+00.0156	0000.430
+01.7225	+00.0159	0000.431
+01.7262	+00.0156	0000.432
+01.7302	+00.0159	0000.433
+01.7341	+00.0156	0000.434
+01.7375	+00.0159	0000.435
+01.7424	+00.0159	0000.436
+01.7460	+00.0156	0000.437
+01.7500	+00.0159	0000.438
+01.7537	+00.0156	0000.439
+01.7582	+00.0162	0000.440
+01.7616	+00.0162	0000.441
+01.7665	+00.0162	0000.442
+01.7701	+00.0159	0000.443
+01.7744	+00.0162	0000.444
+01.7787	+00.0159	0000.445
+01.7820	+00.0159	0000.446
+01.7863	+00.0162	0000.447
+01.7903	+00.0159	0000.448
+01.7936	+00.0165	0000.449
+01.7988	+00.0162	0000.450
+01.8019	+00.0165	0000.451
+01.8064	+00.0162	0000.452
+01.8101	+00.0165	0000.453
+01.8144	+00.0162	0000.454
+01.8184	+00.0162	0000.455
+01.8220	+00.0165	0000.456
+01.8263	+00.0159	0000.457
+01.8299	+00.0165	0000.458
+01.8348	+00.0165	0000.459
+01.8388	+00.0165	0000.460
+01.8422	+00.0165	0000.461
+01.8461	+00.0162	0000.462
+01.8504	+00.0168	0000.463
+01.8544	+00.0171	0000.464
+01.8583	+00.0165	0000.465
+01.8620	+00.0165	0000.466
+01.8663	+00.0168	0000.467
+01.8702	+00.0168	0000.468
+01.8748	+00.0165	0000.469
+01.8785	+00.0165	0000.470
+01.8821	+00.0162	0000.471
+01.8864	+00.0168	0000.472
+01.8901	+00.0168	0000.473
+01.8937	+00.0171	0000.474
+01.8977	+00.0168	0000.475
+01.9023	+00.0168	0000.476
+01.9062	+00.0180	0000.477
+01.9102	+00.0168	0000.478
+01.9145	+00.0171	0000.479
+01.9184	+00.0168	0000.480
+01.9224	+00.0171	0000.481
+01.9267	+00.0168	0000.482
+01.9304	+00.0168	0000.483
+01.9346	+00.0177	0000.484
+01.9383	+00.0171	0000.485
+01.9423	+00.0174	0000.486
+01.9465	+00.0171	0000.487
+01.9505	+00.0171	0000.488
+01.9548	+00.0171	0000.489
+01.9578	+00.0171	0000.490
+01.9627	+00.0177	0000.491
+01.9664	+00.0168	0000.492
+01.9700	+00.0171	0000.493
+01.9743	+00.0171	0000.494
+01.9780	+00.0174	0000.495
+01.9822	+00.0174	0000.496
+01.9865	+00.0171	0000.497
+01.9905	+00.0174	0000.498
+01.9944	+00.0174	0000.499
+01.9984	+00.0177	0000.500
+02.0024	+00.0174	0000.501
+02.0066	+00.0177	0000.502
+02.0103	+00.0174	0000.503
+02.0140	+00.0177	0000.504
+02.0182	+00.0174	0000.505
+02.0225	+00.0177	0000.506
+02.0265	+00.0177	0000.507
+02.0304	+00.0177	0000.508
+02.0344	+00.0177	0000.509
+02.0390	+00.0180	0000.510
+02.0424	+00.0177	0000.511
+02.0469	+00.0177	0000.512
+02.0503	+00.0177	0000.513
+02.0539	+00.0177	0000.514
+02.0582	+00.0177	0000.515
+02.0628	+00.0183	0000.516
+02.0662	+00.0180	0000.517
+02.0707	+00.0180	0000.518
+02.0747	+00.0183	0000.519
+02.0790	+00.0180	0000.520
+02.0826	+00.0177	0000.521
+02.0866	+00.0180	0000.522
+02.0906	+00.0183	0000.523
+02.0942	+00.0187	0000.524
+02.0982	+00.0177	0000.525
+02.1028	+00.0187	0000.526
+02.1064	+00.0180	0000.527
+02.1110	+00.0183	0000.528
+02.1144	+00.0187	0000.529
+02.1186	+00.0187	0000.530
+02.1232	+00.0183	0000.531
+02.1269	+00.0183	0000.532
+02.1305	+00.0183	0000.533
+02.1348	+00.0180	0000.534
+02.1388	+00.0187	0000.535
+02.1428	+00.0187	0000.536
+02.1464	+00.0183	0000.537
+02.1504	+00.0180	0000.538
+02.1550	+00.0187	0000.539
+02.1583	+00.0187	0000.540
+02.1623	+00.0193	0000.541
+02.1666	+00.0187	0000.542
+02.1711	+00.0187	0000.543
+02.1748	+00.0187	0000.544
+02.1791	+00.0187	0000.545
+02.1824	+00.0187	0000.546
+02.1870	+00.0193	0000.547
+02.1910	+00.0190	0000.548
+02.1946	+00.0187	0000.549
+02.1983	+00.0187	0000.550
+02.2032	+00.0190	0000.551
+02.2062	+00.0190	0000.552
+02.2105	+00.0193	0000.553
+02.2148	+00.0193	0000.554
+02.2190	+00.0193	0000.555
+02.2233	+00.0190	0000.556
+02.2270	+00.0193	0000.557
+02.2306	+00.0193	0000.558
+02.2346	+00.0196	0000.559
+02.2389	+00.0193	0000.560
+02.2425	+00.0193	0000.561
+02.2471	+00.0193	0000.562
+02.2508	+00.0193	0000.563
+02.2548	+00.0193	0000.564
+02.2590	+00.0193	0000.565
+02.2627	+00.0199	0000.566
+02.2667	+00.0193	0000.567
+02.2712	+00.0193	0000.568
+02.2749	+00.0199	0000.569
+02.2786	+00.0193	0000.570
+02.2828	+00.0196	0000.571
+02.2868	+00.0193	0000.572
+02.2908	+00.0199	0000.573
+02.2953	+00.0199	0000.574
+02.2987	+00.0196	0000.575
+02.3027	+00.0199	0000.576
+02.3063	+00.0199	0000.577
+02.3109	+00.0199	0000.578
+02.3152	+00.0199	0000.579
+02.3185	+00.0196	0000.580
+02.3228	+00.0196	0000.581
+02.3274	+00.0196	0000.582
+02.3310	+00.0202	0000.583
+02.3350	+00.0202	0000.584
+02.3390	+00.0196	0000.585
+02.3429	+00.0199	0000.586
+02.3469	+00.0202	0000.587
+02.3509	+00.0199	0000.588
+02.3549	+00.0199	0000.589
+02.3594	+00.0202	0000.590
+02.3631	+00.0196	0000.591
+02.3671	+00.0202	0000.592
+02.3704	+00.0205	0000.593
+02.3747	+00.0202	0000.594
+02.3790	+00.0202	0000.595
+02.3829	+00.0202	0000.596
+02.3869	+00.0205	0000.597
+02.3909	+00.0205	0000.598
+02.3951	+00.0205	0000.599
+02.3991	+00.0202	0000.600
+02.4031	+00.0205	0000.601
+02.4070	+00.0202	0000.602
+02.4116	+00.0205	0000.603
+02.4153	+00.0208	0000.604
+02.4186	+00.0205	0000.605
+02.4232	+00.0205	0000.606
+02.4266	+00.0208	0000.607
+02.4308	+00.0208	0000.608
+02.4348	+00.0208	0000.609
+02.4391	+00.0208	0000.610
+02.4434	+00.0205	0000.611
+02.4467	+00.0205	0000.612
+02.4513	+00.0208	0000.613
+02.4549	+00.0211	0000.614
+02.4589	+00.0208	0000.615
+02.4638	+00.0205	0000.616
+02.4668	+00.0211	0000.617
+02.4714	+00.0208	0000.618
+02.4751	+00.0211	0000.619
+02.4794	+00.0211	0000.620
+02.4833	+00.0208	0000.621
+02.4870	+00.0211	0000.622
+02.4910	+00.0211	0000.623
+02.4952	+00.0211	0000.624
+02.4989	+00.0214	0000.625
+02.5041	+00.0208	0000.626
+02.5068	+00.0205	0000.627
+02.5111	+00.0211	0000.628
+02.5157	+00.0214	0000.629
+02.5193	+00.0211	0000.630
+02.5236	+00.0211	0000.631
+02.5273	+00.0214	0000.632
+02.5309	+00.0211	0000.633
+02.5349	+00.0214	0000.634
+02.5392	+00.0211	0000.635
+02.5425	+00.0211	0000.636
+02.5471	+00.0214	0000.637
+02.5508	+00.0211	0000.638
+02.5554	+00.0217	0000.639
+02.5593	+00.0211	0000.640
+02.5627	+00.0211	0000.641
+02.5666	+00.0217	0000.642
+02.5712	+00.0217	0000.643
+02.5755	+00.0217	0000.644
+02.5792	+00.0217	0000.645
+02.5834	+00.0214	0000.646
+02.5871	+00.0217	0000.647
+02.5920	+00.0217	0000.648
+02.5944	+00.0217	0000.649
+02.5990	+00.0214	0000.650
+02.6033	+00.0217	0000.651
+02.6078	+00.0217	0000.652
+02.6109	+00.0217	0000.653
+02.6152	+00.0217	0000.654
+02.6188	+00.0214	0000.655
+02.6234	+00.0217	0000.656
+02.6271	+00.0217	0000.657
+02.6313	+00.0220	0000.658
+02.6353	+00.0217	0000.659
+02.6396	+00.0217	0000.660
+02.6426	+00.0220	0000.661
+02.6475	+00.0220	0000.662
+02.6515	+00.0223	0000.663
+02.6551	+00.0220	0000.664
+02.6597	+00.0226	0000.665
+02.6628	+00.0220	0000.666
+02.6680	+00.0220	0000.667
+02.6710	+00.0223	0000.668
+02.6756	+00.0223	0000.669
+02.6799	+00.0223	0000.670
+02.6823	+00.0223	0000.671
+02.6869	+00.0223	0000.672
+02.6912	+00.0223	0000.673
+02.6954	+00.0229	0000.674
+02.6991	+00.0226	0000.675
+02.7031	+00.0220	0000.676
+02.7073	+00.0226	0000.677
+02.7116	+00.0220	0000.678
+02.7156	+00.0226	0000.679
+02.7195	+00.0223	0000.680
+02.7229	+00.0229	0000.681
+02.7278	+00.0223	0000.682
+02.7311	+00.0229	0000.683
+02.7357	+00.0226	0000.684
+02.7397	+00.0223	0000.685
+02.7433	+00.0229	0000.686
+02.7485	+00.0229	0000.687
+02.7516	+00.0226	0000.688
+02.7559	+00.0226	0000.689
+02.7595	+00.0229	0000.690
+02.7638	+00.0229	0000.691
+02.7674	+00.0232	0000.692
+02.7726	+00.0229	0000.693
+02.7751	+00.0229	0000.694
+02.7793	+00.0229	0000.695
+02.7833	+00.0229	0000.696
+02.7873	+00.0232	0000.697
+02.7919	+00.0232	0000.698
+02.7955	+00.0229	0000.699
+02.8001	+00.0229	0000.700
+02.8038	+00.0232	0000.701
+02.8071	+00.0235	0000.702
+02.8114	+00.0229	0000.703
+02.8154	+00.0229	0000.704
+02.8196	+00.0232	0000.705
+02.8236	+00.0232	0000.706
+02.8276	+00.0232	0000.707
+02.8321	+00.0232	0000.708
+02.8355	+00.0232	0000.709
+02.8401	+00.0235	0000.710
+02.8440	+00.0232	0000.711
+02.8480	+00.0235	0000.712
+02.8520	+00.0232	0000.713
+02.8556	+00.0232	0000.714
+02.8599	+00.0232	0000.715
+02.8636	+00.0235	0000.716
+02.8682	+00.0238	0000.717
+02.8715	+00.0232	0000.718
+02.8764	+00.0232	0000.719
+02.8798	+00.0238	0000.720
+02.8840	+00.0235	0000.721
+02.8874	+00.0241	0000.722
+02.8920	+00.0235	0000.723
+02.8956	+00.0235	0000.724
+02.8996	+00.0241	0000.725
+02.9036	+00.0235	0000.726
+02.9081	+00.0241	0000.727
+02.9118	+00.0241	0000.728
+02.9161	+00.0238	0000.729
+02.9200	+00.0245	0000.730
+02.9243	+00.0241	0000.731
+02.9283	+00.0241	0000.732
+02.9325	+00.0238	0000.733
+02.9359	+00.0241	0000.734
+02.9396	+00.0238	0000.735
+02.9435	+00.0238	0000.736
+02.9481	+00.0238	0000.737
+02.9521	+00.0241	0000.738
+02.9557	+00.0238	0000.739
+02.9603	+00.0245	0000.740
+02.9640	+00.0238	0000.741
+02.9679	+00.0245	0000.742
+02.9719	+00.0245	0000.743
+02.9759	+00.0241	0000.744
+02.9789	+00.0241	0000.745
+02.9838	+00.0248	0000.746
+02.9875	+00.0241	0000.747
+02.9918	+00.0245	0000.748
+02.9954	+00.0241	0000.749
+03.0003	+00.0241	0000.750
+03.0040	+00.0248	0000.751
+03.0076	+00.0248	0000.752
+03.0125	+00.0248	0000.753
+03.0159	+00.0245	0000.754
+03.0201	+00.0251	0000.755
+03.0238	+00.0245	0000.756
+03.0272	+00.0248	0000.757
+03.0320	+00.0248	0000.758
+03.0369	+00.0248	0000.759
+03.0400	+00.0248	0000.760
+03.0439	+00.0248	0000.761
+03.0479	+00.0254	0000.762
+03.0519	+00.0245	0000.763
+03.0561	+00.0248	0000.764
+03.0598	+00.0251	0000.765
+03.0641	+00.0251	0000.766
+03.0677	+00.0248	0000.767
+03.0723	+00.0248	0000.768
+03.0760	+00.0251	0000.769
+03.0799	+00.0248	0000.770
+03.0842	+00.0248	0000.771
+03.0885	+00.0254	0000.772
+03.0915	+00.0254	0000.773
+03.0961	+00.0251	0000.774
+03.1001	+00.0251	0000.775
+03.1044	+00.0254	0000.776
+03.1083	+00.0251	0000.777
+03.1120	+00.0251	0000.778
+03.1160	+00.0251	0000.779
+03.1199	+00.0254	0000.780
+03.1239	+00.0254	0000.781
+03.1282	+00.0254	0000.782
+03.1327	+00.0251	0000.783
+03.1361	+00.0257	0000.784
+03.1404	+00.0254	0000.785
+03.1443	+00.0254	0000.786
+03.1483	+00.0254	0000.787
+03.1523	+00.0257	0000.788
+03.1569	+00.0254	0000.789
+03.1596	+00.0254	0000.790
+03.1639	+00.0257	0000.791
+03.1681	+00.0254	0000.792
+03.1724	+00.0257	0000.793
+03.1758	+00.0260	0000.794
+03.1794	+00.0257	0000.795
+03.1852	+00.0260	0000.796
+03.1880	+00.0257	0000.797
+03.1923	+00.0257	0000.798
+03.1959	+00.0260	0000.799
+03.1996	+00.0257	0000.800
+03.2045	+00.0266	0000.801
+03.2087	+00.0260	0000.802
+03.2124	+00.0260	0000.803
+03.2158	+00.0260	0000.804
+03.2206	+00.0263	0000.805
+03.2243	+00.0263	0000.806
+03.2289	+00.0263	0000.807
+03.2325	+00.0263	0000.808
+03.2365	+00.0260	0000.809
+03.2408	+00.0260	0000.810
+03.2438	+00.0263	0000.811
+03.2484	+00.0263	0000.812
+03.2518	+00.0263	0000.813
+03.2563	+00.0266	0000.814
+03.2606	+00.0266	0000.815
+03.2643	+00.0266	0000.816
+03.2682	+00.0260	0000.817
+03.2716	+00.0266	0000.818
+03.2765	+00.0263	0000.819
+03.2795	+00.0266	0000.820
+03.2844	+00.0266	0000.821
+03.2887	+00.0266	0000.822
+03.2927	+00.0266	0000.823
+03.2966	+00.0266	0000.824
+03.3006	+00.0266	0000.825
+03.3046	+00.0266	0000.826
+03.3088	+00.0263	0000.827
+03.3122	+00.0266	0000.828
+03.3162	+00.0269	0000.829
+03.3198	+00.0269	0000.830
+03.3241	+00.0266	0000.831
+03.3278	+00.0269	0000.832
+03.3323	+00.0269	0000.833
+03.3366	+00.0269	0000.834
+03.3403	+00.0269	0000.835
+03.3445	+00.0266	0000.836
+03.3485	+00.0269	0000.837
+03.3528	+00.0272	0000.838
+03.3561	+00.0269	0000.839
+03.3604	+00.0266	0000.840
+03.3644	+00.0269	0000.841
+03.3677	+00.0272	0000.842
+03.3726	+00.0272	0000.843
+03.3766	+00.0269	0000.844
+03.3805	+00.0272	0000.845
+03.3848	+00.0272	0000.846
+03.3885	+00.0272	0000.847
+03.3924	+00.0272	0000.848
+03.3961	+00.0272	0000.849
+03.4001	+00.0272	0000.850
+03.4043	+00.0275	0000.851
+03.4086	+00.0275	0000.852
+03.4126	+00.0272	0000.853
+03.4166	+00.0275	0000.854
+03.4208	+00.0272	0000.855
+03.4248	+00.0275	0000.856
+03.4297	+00.0272	0000.857
+03.4318	+00.0275	0000.858
+03.4373	+00.0272	0000.859
+03.4398	+00.0275	0000.860
+03.4452	+00.0278	0000.861
+03.4486	+00.0278	0000.862
+03.4526	+00.0278	0000.863
+03.4565	+00.0275	0000.864
+03.4605	+00.0281	0000.865
+03.4642	+00.0275	0000.866
+03.4687	+00.0278	0000.867
+03.4733	+00.0278	0000.868
+03.4764	+00.0278	0000.869
+03.4803	+00.0278	0000.870
+03.4852	+00.0278	0000.871
+03.4889	+00.0281	0000.872
+03.4932	+00.0278	0000.873
+03.4965	+00.0281	0000.874
+03.5002	+00.0281	0000.875
+03.5044	+00.0278	0000.876
+03.5090	+00.0281	0000.877
+03.5124	+00.0281	0000.878
+03.5163	+00.0284	0000.879
+03.5206	+00.0281	0000.880
+03.5252	+00.0278	0000.881
+03.5283	+00.0287	0000.882
+03.5322	+00.0284	0000.883
+03.5374	+00.0281	0000.884
+03.5408	+00.0287	0000.885
+03.5450	+00.0290	0000.886
+03.5487	+00.0284	0000.887
+03.5527	+00.0284	0000.888
+03.5572	+00.0284	0000.889
+03.5609	+00.0287	0000.890
+03.5652	+00.0284	0000.891
+03.5691	+00.0284	0000.892
+03.5722	+00.0284	0000.893
+03.5762	+00.0287	0000.894
+03.5810	+00.0287	0000.895
+03.5847	+00.0284	0000.896
+03.5893	+00.0290	0000.897
+03.5926	+00.0284	0000.898
+03.5972	+00.0287	0000.899
+03.6003	+00.0284	0000.900
+03.6049	+00.0290	0000.901
+03.6094	+00.0287	0000.902
+03.6131	+00.0290	0000.903
+03.6171	+00.0290	0000.904
+03.6210	+00.0293	0000.905
+03.6250	+00.0287	0000.906
+03.6283	+00.0287	0000.907
+03.6326	+00.0290	0000.908
+03.6369	+00.0290	0000.909
+03.6406	+00.0293	0000.910
+03.6451	+00.0290	0000.911
+03.6482	+00.0290	0000.912
+03.6528	+00.0290	0000.913
+03.6570	+00.0293	0000.914
+03.6601	+00.0290	0000.915
+03.6647	+00.0293	0000.916
+03.6692	+00.0293	0000.917
+03.6726	+00.0290	0000.918
+03.6772	+00.0293	0000.919
+03.6808	+00.0293	0000.920
+03.6851	+00.0290	0000.921
+03.6894	+00.0296	0000.922
+03.6937	+00.0296	0000.923
+03.6967	+00.0296	0000.924
+03.7007	+00.0293	0000.925
+03.7046	+00.0293	0000.926
+03.7092	+00.0293	0000.927
+03.7132	+00.0293	0000.928
+03.7175	+00.0299	0000.929
+03.7208	+00.0299	0000.930
+03.7251	+00.0293	0000.931
+03.7281	+00.0296	0000.932
+03.7333	+00.0299	0000.933
+03.7379	+00.0296	0000.934
+03.7407	+00.0296	0000.935
+03.7455	+00.0296	0000.936
+03.7495	+00.0299	0000.937
+03.7535	+00.0296	0000.938
+03.7571	+00.0296	0000.939
+03.7608	+00.0299	0000.940
+03.7648	+00.0296	0000.941
+03.7687	+00.0296	0000.942
+03.7733	+00.0302	0000.943
+03.7770	+00.0302	0000.944
+03.7819	+00.0302	0000.945
+03.7849	+00.0306	0000.946
+03.7898	+00.0306	0000.947
+03.7934	+00.0299	0000.948
+03.7971	+00.0299	0000.949
+03.8008	+00.0302	0000.950
+03.8054	+00.0302	0000.951
+03.8087	+00.0302	0000.952
+03.8127	+00.0302	0000.953
+03.8173	+00.0302	0000.954
+03.8212	+00.0302	0000.955
+03.8249	+00.0306	0000.956
+03.8292	+00.0302	0000.957
+03.8331	+00.0302	0000.958
+03.8374	+00.0306	0000.959
+03.8411	+00.0302	0000.960
+03.8444	+00.0306	0000.961
+03.8487	+00.0306	0000.962
+03.8536	+00.0302	0000.963
+03.8572	+00.0302	0000.964
+03.8612	+00.0309	0000.965
+03.8652	+00.0309	0000.966
+03.8688	+00.0306	0000.967
+03.8728	+00.0309	0000.968
+03.8768	+00.0306	0000.969
+03.8807	+00.0309	0000.970
+03.8853	+00.0309	0000.971
+03.8893	+00.0309	0000.972
+03.8939	+00.0309	0000.973
+03.8975	+00.0309	0000.974
+03.9018	+00.0309	0000.975
+03.9058	+00.0309	0000.976
+03.9088	+00.0309	0000.977
+03.9134	+00.0315	0000.978
+03.9177	+00.0312	0000.979
+03.9216	+00.0306	0000.980
+03.9253	+00.0312	0000.981
+03.9286	+00.0315	0000.982
+03.9335	+00.0312	0000.983
+03.9369	+00.0309	0000.984
+03.9418	+00.0312	0000.985
+03.9457	+00.0312	0000.986
+03.9494	+00.0312	0000.987
+03.9537	+00.0312	0000.988
+03.9570	+00.0312	0000.989
+03.9607	+00.0312	0000.990
+03.9650	+00.0318	0000.991
+03.9689	+00.0315	0000.992
+03.9738	+00.0318	0000.993
+03.9769	+00.0312	0000.994
+03.9811	+00.0315	0000.995
+03.9851	+00.0315	0000.996
+03.9888	+00.0312	0000.997
+03.9933	+00.0315	0000.998
+03.9976	+00.0318	0000.999
+04.0013	+00.0315	0001.000
+04.0062	+00.0315	0001.001
+04.0013	+00.0318	0001.002
+03.9973	+00.0321	0001.003
+03.9933	+00.0318	0001.004
+03.9894	+00.0321	0001.005
+03.9857	+00.0321	0001.006
+03.9817	+00.0315	0001.007
+03.9772	+00.0315	0001.008
+03.9738	+00.0318	0001.009
+03.9698	+00.0327	0001.010
+03.9656	+00.0318	0001.011
+03.9616	+00.0321	0001.012
+03.9570	+00.0318	0001.013
+03.9543	+00.0318	0001.014
+03.9500	+00.0318	0001.015
+03.9451	+00.0318	0001.016
+03.9421	+00.0312	0001.017
+03.9378	+00.0318	0001.018
+03.9335	+00.0318	0001.019
+03.9293	+00.0318	0001.020
+03.9256	+00.0315	0001.021
+03.9204	+00.0315	0001.022
+03.9177	+00.0318	0001.023
+03.9131	+00.0321	0001.024
+03.9094	+00.0315	0001.025
+03.9054	+00.0321	0001.026
+03.9015	+00.0318	0001.027
+03.8975	+00.0315	0001.028
+03.8935	+00.0318	0001.029
+03.8896	+00.0318	0001.030
+03.8856	+00.0318	0001.031
+03.8813	+00.0318	0001.032
+03.8777	+00.0318	0001.033
+03.8737	+00.0315	0001.034
+03.8688	+00.0318	0001.035
+03.8655	+00.0318	0001.036
+03.8615	+00.0318	0001.037
+03.8578	+00.0318	0001.038
+03.8530	+00.0315	0001.039
+03.8490	+00.0315	0001.040
+03.8447	+00.0318	0001.041
+03.8417	+00.0321	0001.042
+03.8371	+00.0315	0001.043
+03.8334	+00.0318	0001.044
+03.8292	+00.0315	0001.045
+03.8255	+00.0318	0001.046
+03.8215	+00.0318	0001.047
+03.8173	+00.0315	0001.048
+03.8130	+00.0318	0001.049
+03.8090	+00.0315	0001.050
+03.8057	+00.0318	0001.051
+03.8017	+00.0315	0001.052
+03.7971	+00.0318	0001.053
+03.7938	+00.0315	0001.054
+03.7892	+00.0318	0001.055
+03.7855	+00.0321	0001.056
+03.7822	+00.0315	0001.057
+03.7770	+00.0318	0001.058
+03.7730	+00.0321	0001.059
+03.7693	+00.0315	0001.060
+03.7651	+00.0315	0001.061
+03.7614	+00.0318	0001.062
+03.7577	+00.0315	0001.063
+03.7538	+00.0315	0001.064
+03.7495	+00.0315	0001.065
+03.7449	+00.0315	0001.066
+03.7410	+00.0318	0001.067
+03.7370	+00.0318	0001.068
+03.7333	+00.0315	0001.069
+03.7291	+00.0315	0001.070
+03.7260	+00.0318	0001.071
+03.7214	+00.0315	0001.072
+03.7178	+00.0318	0001.073
+03.7138	+00.0315	0001.074
+03.7098	+00.0318	0001.075
+03.7053	+00.0312	0001.076
+03.7016	+00.0318	0001.077
+03.6973	+00.0312	0001.078
+03.6921	+00.0315	0001.079
+03.6900	+00.0315	0001.080
+03.6848	+00.0318	0001.081
+03.6808	+00.0315	0001.082
+03.6775	+00.0315	0001.083
+03.6732	+00.0312	0001.084
+03.6689	+00.0315	0001.085
+03.6656	+00.0312	0001.086
+03.6610	+00.0315	0001.087
+03.6573	+00.0318	0001.088
+03.6531	+00.0315	0001.089
+03.6491	+00.0315	0001.090
+03.6454	+00.0315	0001.091
+03.6421	+00.0315	0001.092
+03.6372	+00.0309	0001.093
+03.6341	+00.0318	0001.094
+03.6290	+00.0315	0001.095
+03.6253	+00.0318	0001.096
+03.6210	+00.0315	0001.097
+03.6174	+00.0318	0001.098
+03.6131	+00.0318	0001.099
+03.6091	+00.0312	0001.100
+03.6055	+00.0315	0001.101
+03.6015	+00.0309	0001.102
+03.5972	+00.0309	0001.103
+03.5936	+00.0315	0001.104
+03.5890	+00.0312	0001.105
+03.5853	+00.0312	0001.106
+03.5810	+00.0315	0001.107
+03.5771	+00.0315	0001.108
+03.5731	+00.0315	0001.109
+03.5694	+00.0315	0001.110
+03.5655	+00.0312	0001.111
+03.5612	+00.0315	0001.112
+03.5572	+00.0315	0001.113
+03.5527	+00.0312	0001.114
+03.5496	+00.0309	0001.115
+03.5450	+00.0315	0001.116
+03.5411	+00.0309	0001.117
+03.5368	+00.0315	0001.118
+03.5334	+00.0315	0001.119
+03.5292	+00.0312	0001.120
+03.5255	+00.0315	0001.121
+03.5209	+00.0312	0001.122
+03.5163	+00.0312	0001.123
+03.5133	+00.0309	0001.124
+03.5087	+00.0312	0001.125
+03.5051	+00.0312	0001.126
+03.5017	+00.0312	0001.127
+03.4974	+00.0312	0001.128
+03.4929	+00.0312	0001.129
+03.4892	+00.0309	0001.130
+03.4849	+00.0309	0001.131
+03.4806	+00.0315	0001.132
+03.4770	+00.0315	0001.133
+03.4733	+00.0315	0001.134
+03.4690	+00.0312	0001.135
+03.4648	+00.0309	0001.136
+03.4602	+00.0312	0001.137
+03.4575	+00.0309	0001.138
+03.4535	+00.0312	0001.139
+03.4486	+00.0309	0001.140
+03.4452	+00.0312	0001.141
+03.4404	+00.0309	0001.142
+03.4364	+00.0302	0001.143
+03.4333	+00.0312	0001.144
+03.4282	+00.0309	0001.145
+03.4248	+00.0312	0001.146
+03.4208	+00.0309	0001.147
+03.4166	+00.0312	0001.148
+03.4135	+00.0309	0001.149
+03.4092	+00.0312	0001.150
+03.4043	+00.0309	0001.151
+03.4004	+00.0309	0001.152
+03.3973	+00.0309	0001.153
+03.3931	+00.0306	0001.154
+03.3888	+00.0309	0001.155
+03.3851	+00.0309	0001.156
+03.3805	+00.0312	0001.157
+03.3772	+00.0309	0001.158
+03.3732	+00.0306	0001.159
+03.3683	+00.0306	0001.160
+03.3647	+00.0312	0001.161
+03.3604	+00.0309	0001.162
+03.3570	+00.0306	0001.163
+03.3525	+00.0312	0001.164
+03.3485	+00.0309	0001.165
+03.3448	+00.0309	0001.166
+03.3406	+00.0309	0001.167
+03.3369	+00.0309	0001.168
+03.3326	+00.0309	0001.169
+03.3293	+00.0309	0001.170
+03.3250	+00.0309	0001.171
+03.3201	+00.0309	0001.172
+03.3162	+00.0309	0001.173
+03.3131	+00.0309	0001.174
+03.3088	+00.0309	0001.175
+03.3043	+00.0309	0001.176
+03.3006	+00.0312	0001.177
+03.2969	+00.0309	0001.178
+03.2927	+00.0312	0001.179
+03.2887	+00.0309	0001.180
+03.2847	+00.0309	0001.181
+03.2804	+00.0306	0001.182
+03.2768	+00.0306	0001.183
+03.2719	+00.0306	0001.184
+03.2685	+00.0309	0001.185
+03.2646	+00.0309	0001.186
+03.2603	+00.0312	0001.187
+03.2563	+00.0309	0001.188
+03.2530	+00.0309	0001.189
+03.2487	+00.0309	0001.190
+03.2444	+00.0309	0001.191
+03.2405	+00.0306	0001.192
+03.2362	+00.0306	0001.193
+03.2328	+00.0306	0001.194
+03.2292	+00.0306	0001.195
+03.2246	+00.0306	0001.196
+03.2206	+00.0306	0001.197
+03.2167	+00.0302	0001.198
+03.2124	+00.0306	0001.199
+03.2087	+00.0306	0001.200
+03.2042	+00.0302	0001.201
+03.2005	+00.0306	0001.202
+03.1965	+00.0306	0001.203
+03.1929	+00.0306	0001.204
+03.1886	+00.0309	0001.205
+03.1849	+00.0309	0001.206
+03.1800	+00.0306	0001.207
+03.1764	+00.0302	0001.208
+03.1730	+00.0302	0001.209
+03.1688	+00.0309	0001.210
+03.1642	+00.0306	0001.211
+03.1602	+00.0309	0001.212
+03.1562	+00.0306	0001.213
+03.1520	+00.0306	0001.214
+03.1486	+00.0302	0001.215
+03.1450	+00.0302	0001.216
+03.1395	+00.0302	0001.217
+03.1364	+00.0306	0001.218
+03.1324	+00.0302	0001.219
+03.1285	+00.0302	0001.220
+03.1242	+00.0302	0001.221
+03.1202	+00.0302	0001.222
+03.1163	+00.0302	0001.223
+03.1126	+00.0299	0001.224
+03.1077	+00.0302	0001.225
+03.1041	+00.0306	0001.226
+03.0995	+00.0302	0001.227
+03.0961	+00.0302	0001.228
+03.0928	+00.0302	0001.229
+03.0885	+00.0302	0001.230
+03.0842	+00.0302	0001.231
+03.0799	+00.0302	0001.232
+03.0760	+00.0299	0001.233
+03.0729	+00.0302	0001.234
+03.0680	+00.0302	0001.235
+03.0641	+00.0302	0001.236
+03.0607	+00.0302	0001.237
+03.0564	+00.0299	0001.238
+03.0522	+00.0299	0001.239
+03.0485	+00.0302	0001.240
+03.0445	+00.0306	0001.241
+03.0409	+00.0302	0001.242
+03.0369	+00.0306	0001.243
+03.0320	+00.0302	0001.244
+03.0281	+00.0302	0001.245
+03.0232	+00.0306	0001.246
+03.0207	+00.0299	0001.247
+03.0162	+00.0299	0001.248
+03.0125	+00.0299	0001.249
+03.0079	+00.0299	0001.250
+03.0046	+00.0302	0001.251
+03.0003	+00.0299	0001.252
+02.9966	+00.0299	0001.253
+02.9927	+00.0302	0001.254
+02.9884	+00.0302	0001.255
+02.9844	+00.0299	0001.256
+02.9805	+00.0299	0001.257
+02.9759	+00.0299	0001.258
+02.9728	+00.0299	0001.259
+02.9686	+00.0296	0001.260
+02.9643	+00.0302	0001.261
+02.9606	+00.0299	0001.262
+02.9557	+00.0299	0001.263
+02.9518	+00.0299	0001.264
+02.9484	+00.0296	0001.265
+02.9438	+00.0299	0001.266
+02.9402	+00.0299	0001.267
+02.9362	+00.0299	0001.268
+02.9325	+00.0299	0001.269
+02.9283	+00.0299	0001.270
+02.9243	+00.0299	0001.271
+02.9203	+00.0296	0001.272
+02.9161	+00.0299	0001.273
+02.9118	+00.0296	0001.274
+02.9081	+00.0296	0001.275
+02.9042	+00.0299	0001.276
+02.8999	+00.0296	0001.277
+02.8962	+00.0302	0001.278
+02.8923	+00.0296	0001.279
+02.8886	+00.0293	0001.280
+02.8846	+00.0296	0001.281
+02.8801	+00.0296	0001.282
+02.8764	+00.0299	0001.283
+02.8724	+00.0296	0001.284
+02.8682	+00.0299	0001.285
+02.8636	+00.0296	0001.286
+02.8605	+00.0296	0001.287
+02.8563	+00.0296	0001.288
+02.8523	+00.0296	0001.289
+02.8486	+00.0299	0001.290
+02.8447	+00.0296	0001.291
+02.8395	+00.0296	0001.292
+02.8358	+00.0299	0001.293
+02.8318	+00.0293	0001.294
+02.8282	+00.0296	0001.295
+02.8245	+00.0293	0001.296
+02.8196	+00.0296	0001.297
+02.8163	+00.0293	0001.298
+02.8123	+00.0296	0001.299
+02.8074	+00.0299	0001.300
+02.8044	+00.0296	0001.301
+02.8001	+00.0296	0001.302
+02.7958	+00.0293	0001.303
+02.7919	+00.0299	0001.304
+02.7876	+00.0293	0001.305
+02.7836	+00.0296	0001.306
+02.7800	+00.0296	0001.307
+02.7763	+00.0293	0001.308
+02.7720	+00.0293	0001.309
+02.7678	+00.0290	0001.310
+02.7638	+00.0296	0001.311
+02.7598	+00.0296	0001.312
+02.7562	+00.0296	0001.313
+02.7522	+00.0296	0001.314
+02.7476	+00.0293	0001.315
+02.7443	+00.0290	0001.316
+02.7400	+00.0293	0001.317
+02.7357	+00.0293	0001.318
+02.7314	+00.0296	0001.319
+02.7278	+00.0296	0001.320
+02.7238	+00.0296	0001.321
+02.7195	+00.0293	0001.322
+02.7159	+00.0287	0001.323
+02.7122	+00.0290	0001.324
+02.7073	+00.0290	0001.325
+02.7031	+00.0296	0001.326
+02.6994	+00.0293	0001.327
+02.6960	+00.0293	0001.328
+02.6921	+00.0290	0001.329
+02.6875	+00.0290	0001.330
+02.6832	+00.0293	0001.331
+02.6799	+00.0293	0001.332
+02.6759	+00.0293	0001.333
+02.6719	+00.0290	0001.334
+02.6680	+00.0293	0001.335
+02.6631	+00.0293	0001.336
+02.6600	+00.0293	0001.337
+02.6554	+00.0290	0001.338
+02.6512	+00.0290	0001.339
+02.6469	+00.0293	0001.340
+02.6439	+00.0290	0001.341
+02.6396	+00.0290	0001.342
+02.6356	+00.0293	0001.343
+02.6316	+00.0293	0001.344
+02.6280	+00.0290	0001.345
+02.6240	+00.0290	0001.346
+02.6194	+00.0290	0001.347
+02.6158	+00.0293	0001.348
+02.6109	+00.0290	0001.349
+02.6075	+00.0290	0001.350
+02.6036	+00.0290	0001.351
+02.5996	+00.0290	0001.352
+02.5953	+00.0290	0001.353
+02.5917	+00.0290	0001.354
+02.5877	+00.0284	0001.355
+02.5834	+00.0290	0001.356
+02.5798	+00.0290	0001.357
+02.5755	+00.0287	0001.358
+02.5718	+00.0287	0001.359
+02.5673	+00.0287	0001.360
+02.5639	+00.0290	0001.361
+02.5596	+00.0290	0001.362
+02.5557	+00.0293	0001.363
+02.5517	+00.0290	0001.364
+02.5477	+00.0290	0001.365
+02.5431	+00.0287	0001.366
+02.5401	+00.0290	0001.367
+02.5355	+00.0287	0001.368
+02.5315	+00.0284	0001.369
+02.5270	+00.0290	0001.370
+02.5239	+00.0290	0001.371
+02.5200	+00.0290	0001.372
+02.5151	+00.0287	0001.373
+02.5117	+00.0290	0001.374
+02.5071	+00.0287	0001.375
+02.5035	+00.0284	0001.376
+02.4992	+00.0284	0001.377
+02.4955	+00.0290	0001.378
+02.4916	+00.0287	0001.379
+02.4873	+00.0290	0001.380
+02.4839	+00.0284	0001.381
+02.4788	+00.0284	0001.382
+02.4757	+00.0284	0001.383
+02.4711	+00.0284	0001.384
+02.4672	+00.0287	0001.385
+02.4635	+00.0290	0001.386
+02.4592	+00.0290	0001.387
+02.4556	+00.0284	0001.388
+02.4516	+00.0287	0001.389
+02.4473	+00.0287	0001.390
+02.4434	+00.0281	0001.391
+02.4397	+00.0287	0001.392
+02.4354	+00.0290	0001.393
+02.4314	+00.0281	0001.394
+02.4269	+00.0284	0001.395
+02.4229	+00.0287	0001.396
+02.4192	+00.0284	0001.397
+02.4153	+00.0281	0001.398
+02.4110	+00.0284	0001.399
+02.4073	+00.0281	0001.400
+02.4034	+00.0284	0001.401
+02.3994	+00.0287	0001.402
+02.3951	+00.0284	0001.403
+02.3909	+00.0281	0001.404
+02.3869	+00.0284	0001.405
+02.3832	+00.0284	0001.406
+02.3790	+00.0287	0001.407
+02.3750	+00.0278	0001.408
+02.3713	+00.0281	0001.409
+02.3674	+00.0284	0001.410
+02.3628	+00.0284	0001.411
+02.3594	+00.0284	0001.412
+02.3552	+00.0284	0001.413
+02.3509	+00.0284	0001.414
+02.3472	+00.0281	0001.415
+02.3436	+00.0281	0001.416
+02.3396	+00.0281	0001.417
+02.3347	+00.0281	0001.418
+02.3314	+00.0281	0001.419
+02.3274	+00.0287	0001.420
+02.3231	+00.0281	0001.421
+02.3194	+00.0281	0001.422
+02.3149	+00.0281	0001.423
+02.3109	+00.0281	0001.424
+02.3069	+00.0281	0001.425
+02.3030	+00.0284	0001.426
+02.2996	+00.0275	0001.427
+02.2953	+00.0278	0001.428
+02.2911	+00.0281	0001.429
+02.2868	+00.0278	0001.430
+02.2831	+00.0281	0001.431
+02.2792	+00.0278	0001.432
+02.2746	+00.0281	0001.433
+02.2715	+00.0278	0001.434
+02.2673	+00.0281	0001.435
+02.2633	+00.0281	0001.436
+02.2593	+00.0281	0001.437
+02.2551	+00.0278	0001.438
+02.2514	+00.0281	0001.439
+02.2474	+00.0278	0001.440
+02.2429	+00.0278	0001.441
+02.2386	+00.0278	0001.442
+02.2352	+00.0275	0001.443
+02.2316	+00.0284	0001.444
+02.2267	+00.0278	0001.445
+02.2230	+00.0278	0001.446
+02.2184	+00.0278	0001.447
+02.2148	+00.0284	0001.448
+02.2114	+00.0278	0001.449
+02.2071	+00.0281	0001.450
+02.2026	+00.0278	0001.451
+02.1989	+00.0278	0001.452
+02.1949	+00.0278	0001.453
+02.1913	+00.0278	0001.454
+02.1873	+00.0278	0001.455
+02.1830	+00.0278	0001.456
+02.1788	+00.0275	0001.457
+02.1751	+00.0275	0001.458
+02.1705	+00.0275	0001.459
+02.1672	+00.0278	0001.460
+02.1632	+00.0275	0001.461
+02.1592	+00.0272	0001.462
+02.1550	+00.0275	0001.463
+02.1510	+00.0272	0001.464
+02.1470	+00.0272	0001.465
+02.1434	+00.0275	0001.466
+02.1391	+00.0272	0001.467
+02.1354	+00.0275	0001.468
+02.1309	+00.0275	0001.469
+02.1266	+00.0275	0001.470
+02.1229	+00.0275	0001.471
+02.1193	+00.0278	0001.472
+02.1144	+00.0272	0001.473
+02.1104	+00.0275	0001.474
+02.1067	+00.0272	0001.475
+02.1031	+00.0275	0001.476
+02.0985	+00.0278	0001.477
+02.0945	+00.0272	0001.478
+02.0906	+00.0275	0001.479
+02.0869	+00.0272	0001.480
+02.0826	+00.0275	0001.481
+02.0790	+00.0275	0001.482
+02.0744	+00.0275	0001.483
+02.0707	+00.0266	0001.484
+02.0668	+00.0275	0001.485
+02.0631	+00.0275	0001.486
+02.0588	+00.0272	0001.487
+02.0536	+00.0272	0001.488
+02.0506	+00.0269	0001.489
+02.0469	+00.0272	0001.490
+02.0427	+00.0272	0001.491
+02.0387	+00.0272	0001.492
+02.0347	+00.0275	0001.493
+02.0301	+00.0272	0001.494
+02.0268	+00.0269	0001.495
+02.0228	+00.0272	0001.496
+02.0185	+00.0266	0001.497
+02.0146	+00.0272	0001.498
+02.0106	+00.0269	0001.499
+02.0066	+00.0272	0001.500
+02.0027	+00.0269	0001.501
+01.9987	+00.0269	0001.502
+01.9947	+00.0269	0001.503
+01.9908	+00.0266	0001.504
+01.9871	+00.0272	0001.505
+01.9828	+00.0269	0001.506
+01.9789	+00.0269	0001.507
+01.9749	+00.0266	0001.508
+01.9709	+00.0269	0001.509
+01.9667	+00.0272	0001.510
+01.9627	+00.0266	0001.511
+01.9581	+00.0272	0001.512
+01.9548	+00.0269	0001.513
+01.9505	+00.0269	0001.514
+01.9474	+00.0266	0001.515
+01.9432	+00.0266	0001.516
+01.9389	+00.0266	0001.517
+01.9340	+00.0269	0001.518
+01.9304	+00.0266	0001.519
+01.9264	+00.0269	0001.520
+01.9224	+00.0263	0001.521
+01.9184	+00.0269	0001.522
+01.9148	+00.0266	0001.523
+01.9102	+00.0269	0001.524
+01.9062	+00.0266	0001.525
+01.9026	+00.0266	0001.526
+01.8986	+00.0269	0001.527
+01.8940	+00.0263	0001.528
+01.8910	+00.0266	0001.529
+01.8864	+00.0269	0001.530
+01.8827	+00.0266	0001.531
+01.8785	+00.0263	0001.532
+01.8751	+00.0266	0001.533
+01.8705	+00.0266	0001.534
+01.8669	+00.0269	0001.535
+01.8629	+00.0260	0001.536
+01.8586	+00.0266	0001.537
+01.8544	+00.0266	0001.538
+01.8507	+00.0266	0001.539
+01.8470	+00.0266	0001.540
+01.8428	+00.0266	0001.541
+01.8388	+00.0266	0001.542
+01.8342	+00.0263	0001.543
+01.8303	+00.0263	0001.544
+01.8266	+00.0263	0001.545
+01.8226	+00.0266	0001.546
+01.8187	+00.0263	0001.547
+01.8144	+00.0263	0001.548
+01.8101	+00.0260	0001.549
+01.8064	+00.0263	0001.550
+01.8025	+00.0260	0001.551
+01.7988	+00.0263	0001.552
+01.7945	+00.0263	0001.553
+01.7903	+00.0260	0001.554
+01.7863	+00.0266	0001.555
+01.7823	+00.0260	0001.556
+01.7784	+00.0266	0001.557
+01.7747	+00.0263	0001.558
+01.7704	+00.0260	0001.559
+01.7662	+00.0260	0001.560
+01.7628	+00.0260	0001.561
+01.7582	+00.0260	0001.562
+01.7540	+00.0260	0001.563
+01.7503	+00.0263	0001.564
+01.7469	+00.0260	0001.565
+01.7421	+00.0257	0001.566
+01.7381	+00.0263	0001.567
+01.7350	+00.0254	0001.568
+01.7305	+00.0260	0001.569
+01.7265	+00.0260	0001.570
+01.7222	+00.0260	0001.571
+01.7183	+00.0260	0001.572
+01.7143	+00.0260	0001.573
+01.7103	+00.0263	0001.574
+01.7064	+00.0260	0001.575
+01.7024	+00.0260	0001.576
+01.6987	+00.0257	0001.577
+01.6944	+00.0260	0001.578
+01.6905	+00.0260	0001.579
+01.6868	+00.0257	0001.580
+01.6822	+00.0263	0001.581
+01.6783	+00.0257	0001.582
+01.6746	+00.0257	0001.583
+01.6706	+00.0260	0001.584
+01.6667	+00.0257	0001.585
+01.6624	+00.0260	0001.586
+01.6584	+00.0257	0001.587
+01.6542	+00.0260	0001.588
+01.6505	+00.0257	0001.589
+01.6462	+00.0257	0001.590
+01.6423	+00.0257	0001.591
+01.6383	+00.0257	0001.592
+01.6337	+00.0260	0001.593
+01.6304	+00.0257	0001.594
+01.6264	+00.0254	0001.595
+01.6224	+00.0254	0001.596
+01.6185	+00.0257	0001.597
+01.6139	+00.0257	0001.598
+01.6108	+00.0257	0001.599
+01.6063	+00.0254	0001.600
+01.6020	+00.0254	0001.601
+01.5986	+00.0257	0001.602
+01.5944	+00.0254	0001.603
+01.5901	+00.0254	0001.604
+01.5864	+00.0254	0001.605
+01.5825	+00.0254	0001.606
+01.5785	+00.0257	0001.607
+01.5745	+00.0251	0001.608
+01.5699	+00.0254	0001.609
+01.5663	+00.0251	0001.610
+01.5620	+00.0257	0001.611
+01.5586	+00.0251	0001.612
+01.5544	+00.0257	0001.613
+01.5501	+00.0254	0001.614
+01.5458	+00.0254	0001.615
+01.5422	+00.0257	0001.616
+01.5382	+00.0254	0001.617
+01.5342	+00.0254	0001.618
+01.5300	+00.0251	0001.619
+01.5260	+00.0251	0001.620
+01.5217	+00.0251	0001.621
+01.5181	+00.0248	0001.622
+01.5141	+00.0254	0001.623
+01.5098	+00.0251	0001.624
+01.5062	+00.0248	0001.625
+01.5022	+00.0251	0001.626
+01.4982	+00.0248	0001.627
+01.4939	+00.0254	0001.628
+01.4897	+00.0251	0001.629
+01.4860	+00.0248	0001.630
+01.4817	+00.0248	0001.631
+01.4775	+00.0251	0001.632
+01.4738	+00.0248	0001.633
+01.4698	+00.0248	0001.634
+01.4662	+00.0248	0001.635
+01.4628	+00.0248	0001.636
+01.4576	+00.0248	0001.637
+01.4534	+00.0248	0001.638
+01.4497	+00.0251	0001.639
+01.4457	+00.0248	0001.640
+01.4421	+00.0248	0001.641
+01.4384	+00.0248	0001.642
+01.4341	+00.0248	0001.643
+01.4299	+00.0248	0001.644
+01.4262	+00.0248	0001.645
+01.4213	+00.0245	0001.646
+01.4177	+00.0245	0001.647
+01.4140	+00.0248	0001.648
+01.4091	+00.0241	0001.649
+01.4058	+00.0248	0001.650
+01.4021	+00.0248	0001.651
+01.3981	+00.0248	0001.652
+01.3939	+00.0248	0001.653
+01.3896	+00.0248	0001.654
+01.3865	+00.0248	0001.655
+01.3819	+00.0248	0001.656
+01.3777	+00.0248	0001.657
+01.3740	+00.0245	0001.658
+01.3700	+00.0241	0001.659
+01.3661	+00.0245	0001.660
+01.3621	+00.0241	0001.661
+01.3578	+00.0245	0001.662
+01.3539	+00.0241	0001.663
+01.3499	+00.0245	0001.664
+01.3456	+00.0245	0001.665
+01.3417	+00.0245	0001.666
+01.3377	+00.0241	0001.667
+01.3337	+00.0241	0001.668
+01.3301	+00.0245	0001.669
+01.3258	+00.0241	0001.670
+01.3221	+00.0241	0001.671
+01.3176	+00.0245	0001.672
+01.3139	+00.0245	0001.673
+01.3096	+00.0238	0001.674
+01.3063	+00.0241	0001.675
+01.3017	+00.0241	0001.676
+01.2977	+00.0238	0001.677
+01.2938	+00.0238	0001.678
+01.2898	+00.0245	0001.679
+01.2858	+00.0238	0001.680
+01.2822	+00.0238	0001.681
+01.2782	+00.0241	0001.682
+01.2739	+00.0245	0001.683
+01.2696	+00.0238	0001.684
+01.2657	+00.0241	0001.685
+01.2614	+00.0238	0001.686
+01.2577	+00.0238	0001.687
+01.2538	+00.0238	0001.688
+01.2498	+00.0238	0001.689
+01.2458	+00.0235	0001.690
+01.2419	+00.0238	0001.691
+01.2382	+00.0235	0001.692
+01.2339	+00.0238	0001.693
+01.2294	+00.0238	0001.694
+01.2257	+00.0232	0001.695
+01.2217	+00.0241	0001.696
+01.2172	+00.0232	0001.697
+01.2135	+00.0235	0001.698
+01.2095	+00.0238	0001.699
+01.2059	+00.0232	0001.700
+01.2019	+00.0235	0001.701
+01.1976	+00.0238	0001.702
+01.1930	+00.0232	0001.703
+01.1897	+00.0235	0001.704
+01.1857	+00.0235	0001.705
+01.1818	+00.0235	0001.706
+01.1775	+00.0235	0001.707
+01.1741	+00.0232	0001.708
+01.1699	+00.0235	0001.709
+01.1659	+00.0235	0001.710
+01.1613	+00.0235	0001.711
+01.1573	+00.0232	0001.712
+01.1537	+00.0238	0001.713
+01.1494	+00.0232	0001.714
+01.1457	+00.0235	0001.715
+01.1415	+00.0232	0001.716
+01.1375	+00.0229	0001.717
+01.1338	+00.0232	0001.718
+01.1296	+00.0232	0001.719
+01.1256	+00.0229	0001.720
+01.1210	+00.0226	0001.721
+01.1177	+00.0229	0001.722
+01.1134	+00.0232	0001.723
+01.1094	+00.0229	0001.724
+01.1055	+00.0232	0001.725
+01.1018	+00.0232	0001.726
+01.0975	+00.0226	0001.727
+01.0939	+00.0232	0001.728
+01.0896	+00.0232	0001.729
+01.0856	+00.0232	0001.730
+01.0817	+00.0226	0001.731
+01.0777	+00.0226	0001.732
+01.0737	+00.0229	0001.733
+01.0691	+00.0229	0001.734
+01.0655	+00.0226	0001.735
+01.0615	+00.0232	0001.736
+01.0582	+00.0226	0001.737
+01.0533	+00.0229	0001.738
+01.0496	+00.0226	0001.739
+01.0453	+00.0226	0001.740
+01.0414	+00.0226	0001.741
+01.0374	+00.0226	0001.742
+01.0334	+00.0226	0001.743
+01.0298	+00.0226	0001.744
+01.0249	+00.0226	0001.745
+01.0218	+00.0223	0001.746
+01.0176	+00.0226	0001.747
+01.0136	+00.0226	0001.748
+01.0093	+00.0223	0001.749
+01.0054	+00.0226	0001.750
+01.0014	+00.0226	0001.751
+00.9974	+00.0226	0001.752
+00.9938	+00.0223	0001.753
+00.9895	+00.0223	0001.754
+00.9849	+00.0223	0001.755
+00.9816	+00.0223	0001.756
+00.9776	+00.0223	0001.757
+00.9736	+00.0223	0001.758
+00.9687	+00.0226	0001.759
+00.9654	+00.0220	0001.760
+00.9611	+00.0220	0001.761
+00.9575	+00.0217	0001.762
+00.9529	+00.0223	0001.763
+00.9495	+00.0220	0001.764
+00.9452	+00.0223	0001.765
+00.9419	+00.0220	0001.766
+00.9367	+00.0220	0001.767
+00.9327	+00.0223	0001.768
+00.9294	+00.0220	0001.769
+00.9251	+00.0220	0001.770
+00.9208	+00.0220	0001.771
+00.9169	+00.0223	0001.772
+00.9132	+00.0220	0001.773
+00.9095	+00.0223	0001.774
+00.9050	+00.0220	0001.775
+00.9016	+00.0220	0001.776
+00.8964	+00.0217	0001.777
+00.8931	+00.0223	0001.778
+00.8888	+00.0220	0001.779
+00.8854	+00.0217	0001.780
+00.8812	+00.0220	0001.781
+00.8772	+00.0214	0001.782
+00.8732	+00.0217	0001.783
+00.8696	+00.0214	0001.784
+00.8650	+00.0217	0001.785
+00.8616	+00.0217	0001.786
+00.8574	+00.0217	0001.787
+00.8528	+00.0214	0001.788
+00.8491	+00.0220	0001.789
+00.8451	+00.0217	0001.790
+00.8406	+00.0217	0001.791
+00.8372	+00.0214	0001.792
+00.8329	+00.0211	0001.793
+00.8293	+00.0217	0001.794
+00.8247	+00.0211	0001.795
+00.8207	+00.0214	0001.796
+00.8168	+00.0211	0001.797
+00.8128	+00.0214	0001.798
+00.8088	+00.0208	0001.799
+00.8049	+00.0211	0001.800
+00.8012	+00.0214	0001.801
+00.7969	+00.0211	0001.802
+00.7930	+00.0217	0001.803
+00.7893	+00.0214	0001.804
+00.7847	+00.0211	0001.805
+00.7811	+00.0214	0001.806
+00.7774	+00.0208	0001.807
+00.7728	+00.0211	0001.808
+00.7689	+00.0214	0001.809
+00.7649	+00.0211	0001.810
+00.7615	+00.0214	0001.811
+00.7569	+00.0211	0001.812
+00.7530	+00.0208	0001.813
+00.7493	+00.0211	0001.814
+00.7450	+00.0208	0001.815
+00.7408	+00.0208	0001.816
+00.7371	+00.0208	0001.817
+00.7325	+00.0208	0001.818
+00.7292	+00.0208	0001.819
+00.7249	+00.0205	0001.820
+00.7212	+00.0208	0001.821
+00.7170	+00.0205	0001.822
+00.7130	+00.0208	0001.823
+00.7090	+00.0208	0001.824
+00.7045	+00.0208	0001.825
+00.7011	+00.0205	0001.826
+00.6968	+00.0205	0001.827
+00.6932	+00.0208	0001.828
+00.6886	+00.0205	0001.829
+00.6849	+00.0202	0001.830
+00.6810	+00.0205	0001.831
+00.6770	+00.0208	0001.832
+00.6724	+00.0202	0001.833
+00.6688	+00.0202	0001.834
+00.6645	+00.0202	0001.835
+00.6605	+00.0205	0001.836
+00.6569	+00.0205	0001.837
+00.6526	+00.0202	0001.838
+00.6486	+00.0202	0001.839
+00.6450	+00.0202	0001.840
+00.6410	+00.0199	0001.841
+00.6370	+00.0205	0001.842
+00.6327	+00.0205	0001.843
+00.6291	+00.0205	0001.844
+00.6248	+00.0205	0001.845
+00.6205	+00.0202	0001.846
+00.6163	+00.0193	0001.847
+00.6132	+00.0205	0001.848
+00.6086	+00.0205	0001.849
+00.6047	+00.0202	0001.850
+00.6007	+00.0202	0001.851
+00.5961	+00.0199	0001.852
+00.5931	+00.0202	0001.853
+00.5885	+00.0199	0001.854
+00.5848	+00.0199	0001.855
+00.5806	+00.0199	0001.856
+00.5772	+00.0196	0001.857
+00.5723	+00.0199	0001.858
+00.5690	+00.0196	0001.859
+00.5650	+00.0196	0001.860
+00.5604	+00.0196	0001.861
+00.5564	+00.0199	0001.862
+00.5528	+00.0196	0001.863
+00.5482	+00.0199	0001.864
+00.5449	+00.0199	0001.865
+00.5406	+00.0196	0001.866
+00.5369	+00.0193	0001.867
+00.5326	+00.0199	0001.868
+00.5290	+00.0193	0001.869
+00.5247	+00.0193	0001.870
+00.5204	+00.0190	0001.871
+00.5168	+00.0193	0001.872
+00.5125	+00.0196	0001.873
+00.5088	+00.0190	0001.874
+00.5046	+00.0193	0001.875
+00.5003	+00.0193	0001.876
+00.4963	+00.0199	0001.877
+00.4927	+00.0193	0001.878
+00.4890	+00.0193	0001.879
+00.4847	+00.0190	0001.880
+00.4802	+00.0193	0001.881
+00.4768	+00.0190	0001.882
+00.4725	+00.0190	0001.883
+00.4686	+00.0193	0001.884
+00.4646	+00.0190	0001.885
+00.4606	+00.0193	0001.886
+00.4567	+00.0190	0001.887
+00.4530	+00.0190	0001.888
+00.4484	+00.0187	0001.889
+00.4444	+00.0190	0001.890
+00.4402	+00.0183	0001.891
+00.4365	+00.0187	0001.892
+00.4325	+00.0193	0001.893
+00.4289	+00.0187	0001.894
+00.4243	+00.0187	0001.895
+00.4203	+00.0183	0001.896
+00.4173	+00.0190	0001.897
+00.4124	+00.0187	0001.898
+00.4084	+00.0183	0001.899
+00.4048	+00.0183	0001.900
+00.4008	+00.0187	0001.901
+00.3965	+00.0183	0001.902
+00.3926	+00.0187	0001.903
+00.3880	+00.0187	0001.904
+00.3843	+00.0183	0001.905
+00.3804	+00.0180	0001.906
+00.3767	+00.0180	0001.907
+00.3724	+00.0183	0001.908
+00.3682	+00.0180	0001.909
+00.3642	+00.0180	0001.910
+00.3605	+00.0180	0001.911
+00.3563	+00.0177	0001.912
+00.3523	+00.0180	0001.913
+00.3480	+00.0183	0001.914
+00.3447	+00.0180	0001.915
+00.3404	+00.0174	0001.916
+00.3364	+00.0177	0001.917
+00.3321	+00.0180	0001.918
+00.3282	+00.0174	0001.919
+00.3239	+00.0180	0001.920
+00.3202	+00.0177	0001.921
+00.3163	+00.0174	0001.922
+00.3123	+00.0174	0001.923
+00.3086	+00.0177	0001.924
+00.3044	+00.0171	0001.925
+00.3001	+00.0174	0001.926
+00.2958	+00.0171	0001.927
+00.2919	+00.0177	0001.928
+00.2885	+00.0174	0001.929
+00.2842	+00.0171	0001.930
+00.2800	+00.0171	0001.931
+00.2763	+00.0174	0001.932
+00.2723	+00.0168	0001.933
+00.2684	+00.0171	0001.934
+00.2647	+00.0171	0001.935
+00.2601	+00.0171	0001.936
+00.2562	+00.0171	0001.937
+00.2525	+00.0168	0001.938
+00.2482	+00.0174	0001.939
+00.2439	+00.0168	0001.940
+00.2403	+00.0171	0001.941
+00.2363	+00.0171	0001.942
+00.2324	+00.0168	0001.943
+00.2281	+00.0168	0001.944
+00.2241	+00.0165	0001.945
+00.2208	+00.0168	0001.946
+00.2159	+00.0162	0001.947
+00.2122	+00.0165	0001.948
+00.2082	+00.0168	0001.949
+00.2043	+00.0165	0001.950
+00.2003	+00.0165	0001.951
+00.1963	+00.0162	0001.952
+00.1921	+00.0165	0001.953
+00.1881	+00.0162	0001.954
+00.1838	+00.0162	0001.955
+00.1799	+00.0162	0001.956
+00.1753	+00.0165	0001.957
+00.1719	+00.0162	0001.958
+00.1683	+00.0162	0001.959
+00.1640	+00.0165	0001.960
+00.1597	+00.0159	0001.961
+00.1561	+00.0156	0001.962
+00.1518	+00.0162	0001.963
+00.1481	+00.0159	0001.964
+00.1439	+00.0156	0001.965
+00.1399	+00.0156	0001.966
+00.1362	+00.0159	0001.967
+00.1319	+00.0159	0001.968
+00.1280	+00.0156	0001.969
+00.1240	+00.0153	0001.970
+00.1204	+00.0156	0001.971
+00.1164	+00.0153	0001.972
+00.1115	+00.0156	0001.973
+00.1078	+00.0156	0001.974
+00.1042	+00.0156	0001.975
+00.0999	+00.0153	0001.976
+00.0962	+00.0153	0001.977
+00.0920	+00.0150	0001.978
+00.0880	+00.0153	0001.979
+00.0837	+00.0150	0001.980
+00.0804	+00.0159	0001.981
+00.0761	+00.0150	0001.982
+00.0718	+00.0150	0001.983
+00.0679	+00.0150	0001.984
+00.0639	+00.0150	0001.985
+00.0599	+00.0150	0001.986
+00.0557	+00.0153	0001.987
+00.0517	+00.0144	0001.988
+00.0477	+00.0150	0001.989
+00.0441	+00.0144	0001.990
+00.0398	+00.0150	0001.991
+00.0358	+00.0147	0001.992
+00.0322	+00.0144	0001.993
+00.0279	+00.0144	0001.994
+00.0239	+00.0144	0001.995
+00.0203	+00.0144	0001.996
+00.0160	+00.0141	0001.997
+00.0120	+00.0141	0001.998
+00.0080	+00.0141	0001.999
