R,Ohm	C,pF	Temp,C
0000000000	0000100000	+025.00
Ch1,V	Ch2,V	Time,s
-00.0002	-00.0012	0000.000
-00.0002	-00.0006	0000.001
+00.0022	-00.0009	0000.002
+00.0047	-00.0009	0000.003
+00.0077	-00.0006	0000.004
+00.0099	-00.0009	0000.005
+00.0129	-00.0006	0000.006
+00.0157	-00.0009	0000.007
+00.0184	-00.0009	0000.008
+00.0212	-00.0003	0000.009
+00.0236	-00.0006	0000.010
+00.0261	-00.0006	0000.011
+00.0294	-00.0012	0000.012
+00.0312	-00.0012	0000.013
+00.0343	-00.0003	0000.014
+00.0373	-00.0006	0000.015
+00.0398	-00.0003	0000.016
+00.0422	-00.0006	0000.017
+00.0450	-00.0009	0000.018
+00.0477	-00.0006	0000.019
+00.0505	-00.0009	0000.020
+00.0529	-00.0009	0000.021
+00.0557	-00.0006	0000.022
+00.0584	-00.0006	0000.023
+00.0608	-00.0009	0000.024
+00.0636	-00.0003	0000.025
+00.0666	-00.0006	0000.026
+00.0685	-00.0006	0000.027
+00.0712	-00.0003	0000.028
+00.0743	-00.0006	0000.029
+00.0767	-00.0003	0000.030
+00.0798	-00.0006	0000.031
+00.0819	-00.0003	0000.032
+00.0850	-00.0003	0000.033
+00.0880	-00.0006	0000.034
+00.0904	-00.0006	0000.035
+00.0932	-00.0003	0000.036
+00.0959	-00.0003	0000.037
+00.0987	-00.0003	0000.038
+00.1014	+00.0000	0000.039
+00.1039	-00.0006	0000.040
+00.1063	+00.0000	0000.041
+00.1091	-00.0006	0000.042
+00.1115	-00.0003	0000.043
+00.1142	-00.0003	0000.044
+00.1173	+00.0000	0000.045
+00.1200	-00.0003	0000.046
+00.1222	+00.0000	0000.047
+00.1252	-00.0003	0000.048
+00.1277	-00.0003	0000.049
+00.1304	+00.0000	0000.050
+00.1332	+00.0000	0000.051
+00.1359	-00.0006	0000.052
+00.1387	-00.0003	0000.053
+00.1411	+00.0000	0000.054
+00.1439	-00.0006	0000.055
+00.1466	+00.0000	0000.056
+00.1493	+00.0003	0000.057
+00.1524	-00.0003	0000.058
+00.1542	+00.0000	0000.059
+00.1573	-00.0006	0000.060
+00.1600	+00.0000	0000.061
+00.1628	+00.0000	0000.062
+00.1649	-00.0003	0000.063
+00.1677	+00.0000	0000.064
+00.1704	+00.0000	0000.065
+00.1728	+00.0000	0000.066
+00.1756	+00.0000	0000.067
+00.1786	-00.0003	0000.068
+00.1811	+00.0003	0000.069
+00.1832	+00.0000	0000.070
+00.1866	+00.0000	0000.071
+00.1887	+00.0003	0000.072
+00.1921	+00.0003	0000.073
+00.1945	+00.0003	0000.074
+00.1970	+00.0003	0000.075
+00.2003	+00.0000	0000.076
+00.2028	+00.0003	0000.077
+00.2049	+00.0003	0000.078
+00.2076	+00.0003	0000.079
+00.2104	+00.0006	0000.080
+00.2134	+00.0000	0000.081
+00.2156	+00.0006	0000.082
+00.2183	+00.0000	0000.083
+00.2211	+00.0006	0000.084
+00.2241	+00.0006	0000.085
+00.2259	+00.0000	0000.086
+00.2293	+00.0003	0000.087
+00.2314	+00.0010	0000.088
+00.2348	+00.0006	0000.089
+00.2369	+00.0003	0000.090
+00.2400	+00.0003	0000.091
+00.2424	+00.0010	0000.092
+00.2449	+00.0006	0000.093
+00.2476	+00.0003	0000.094
+00.2507	+00.0010	0000.095
+00.2534	+00.0006	0000.096
+00.2559	+00.0006	0000.097
+00.2589	+00.0006	0000.098
+00.2616	+00.0006	0000.099
+00.2641	+00.0010	0000.100
+00.2662	+00.0006	0000.101
+00.2690	+00.0006	0000.102
+00.2717	+00.0010	0000.103
+00.2748	+00.0010	0000.104
+00.2775	+00.0010	0000.105
+00.2797	+00.0013	0000.106
+00.2830	+00.0010	0000.107
+00.2848	+00.0010	0000.108
+00.2879	+00.0010	0000.109
+00.2906	+00.0010	0000.110
+00.2937	+00.0013	0000.111
+00.2958	+00.0010	0000.112
+00.2983	+00.0013	0000.113
+00.3007	+00.0010	0000.114
+00.3038	+00.0016	0000.115
+00.3062	+00.0016	0000.116
+00.3093	+00.0010	0000.117
+00.3117	+00.0010	0000.118
+00.3151	+00.0013	0000.119
+00.3169	+00.0006	0000.120
+00.3199	+00.0013	0000.121
+00.3230	+00.0016	0000.122
+00.3257	+00.0016	0000.123
+00.3282	+00.0010	0000.124
+00.3309	+00.0016	0000.125
+00.3334	+00.0013	0000.126
+00.3361	+00.0010	0000.127
+00.3382	+00.0016	0000.128
+00.3413	+00.0016	0000.129
+00.3447	+00.0013	0000.130
+00.3462	+00.0016	0000.131
+00.3495	+00.0013	0000.132
+00.3520	+00.0013	0000.133
+00.3544	+00.0019	0000.134
+00.3572	+00.0013	0000.135
+00.3602	+00.0016	0000.136
+00.3624	+00.0013	0000.137
+00.3654	+00.0016	0000.138
+00.3675	+00.0019	0000.139
+00.3706	+00.0016	0000.140
+00.3733	+00.0016	0000.141
+00.3758	+00.0019	0000.142
+00.3788	+00.0016	0000.143
+00.3813	+00.0016	0000.144
+00.3840	+00.0016	0000.145
+00.3871	+00.0022	0000.146
+00.3895	+00.0022	0000.147
+00.3923	+00.0022	0000.148
+00.3953	+00.0016	0000.149
+00.3975	+00.0022	0000.150
+00.4002	+00.0019	0000.151
+00.4026	+00.0019	0000.152
+00.4051	+00.0022	0000.153
+00.4081	+00.0022	0000.154
+00.4112	+00.0019	0000.155
+00.4136	+00.0019	0000.156
+00.4167	+00.0022	0000.157
+00.4185	+00.0022	0000.158
+00.4219	+00.0022	0000.159
+00.4246	+00.0019	0000.160
+00.4271	+00.0019	0000.161
+00.4295	+00.0022	0000.162
+00.4319	+00.0022	0000.163
+00.4347	+00.0028	0000.164
+00.4380	+00.0028	0000.165
+00.4405	+00.0025	0000.166
+00.4429	+00.0022	0000.167
+00.4454	+00.0025	0000.168
+00.4481	+00.0025	0000.169
+00.4509	+00.0025	0000.170
+00.4539	+00.0025	0000.171
+00.4564	+00.0025	0000.172
+00.4588	+00.0028	0000.173
+00.4618	+00.0028	0000.174
+00.4643	+00.0028	0000.175
+00.4667	+00.0031	0000.176
+00.4695	+00.0031	0000.177
+00.4719	+00.0031	0000.178
+00.4747	+00.0028	0000.179
+00.4774	+00.0028	0000.180
+00.4802	+00.0028	0000.181
+00.4826	+00.0031	0000.182
+00.4860	+00.0028	0000.183
+00.4884	+00.0031	0000.184
+00.4908	+00.0031	0000.185
+00.4939	+00.0031	0000.186
+00.4963	+00.0034	0000.187
+00.4997	+00.0034	0000.188
+00.5018	+00.0034	0000.189
+00.5043	+00.0034	0000.190
+00.5070	+00.0034	0000.191
+00.5095	+00.0037	0000.192
+00.5116	+00.0031	0000.193
+00.5149	+00.0034	0000.194
+00.5177	+00.0034	0000.195
+00.5201	+00.0034	0000.196
+00.5232	+00.0037	0000.197
+00.5259	+00.0037	0000.198
+00.5281	+00.0034	0000.199
+00.5311	+00.0037	0000.200
+00.5339	+00.0037	0000.201
+00.5363	+00.0037	0000.202
+00.5394	+00.0037	0000.203
+00.5418	+00.0034	0000.204
+00.5445	+00.0040	0000.205
+00.5470	+00.0040	0000.206
+00.5497	+00.0040	0000.207
+00.5522	+00.0040	0000.208
+00.5552	+00.0040	0000.209
+00.5577	+00.0040	0000.210
+00.5601	+00.0040	0000.211
+00.5629	+00.0043	0000.212
+00.5656	+00.0040	0000.213
+00.5680	+00.0043	0000.214
+00.5711	+00.0040	0000.215
+00.5738	+00.0046	0000.216
+00.5763	+00.0046	0000.217
+00.5793	+00.0046	0000.218
+00.5815	+00.0049	0000.219
+00.5842	+00.0046	0000.220
+00.5873	+00.0046	0000.221
+00.5897	+00.0052	0000.222
+00.5918	+00.0049	0000.223
+00.5949	+00.0046	0000.224
+00.5976	+00.0052	0000.225
+00.6010	+00.0052	0000.226
+00.6028	+00.0052	0000.227
+00.6059	+00.0049	0000.228
+00.6089	+00.0052	0000.229
+00.6117	+00.0052	0000.230
+00.6135	+00.0052	0000.231
+00.6163	+00.0052	0000.232
+00.6190	+00.0052	0000.233
+00.6215	+00.0052	0000.234
+00.6242	+00.0055	0000.235
+00.6272	+00.0052	0000.236
+00.6297	+00.0055	0000.237
+00.6321	+00.0055	0000.238
+00.6346	+00.0058	0000.239
+00.6382	+00.0058	0000.240
+00.6407	+00.0058	0000.241
+00.6428	+00.0061	0000.242
+00.6462	+00.0058	0000.243
+00.6483	+00.0061	0000.244
+00.6511	+00.0064	0000.245
+00.6538	+00.0061	0000.246
+00.6562	+00.0061	0000.247
+00.6593	+00.0068	0000.248
+00.6623	+00.0068	0000.249
+00.6648	+00.0068	0000.250
+00.6669	+00.0064	0000.251
+00.6703	+00.0071	0000.252
+00.6724	+00.0071	0000.253
+00.6749	+00.0074	0000.254
+00.6776	+00.0074	0000.255
+00.6807	+00.0074	0000.256
+00.6831	+00.0077	0000.257
+00.6855	+00.0077	0000.258
+00.6886	+00.0077	0000.259
+00.6913	+00.0074	0000.260
+00.6938	+00.0080	0000.261
+00.6965	+00.0080	0000.262
+00.6996	+00.0083	0000.263
+00.7017	+00.0080	0000.264
+00.7048	+00.0080	0000.265
+00.7072	+00.0086	0000.266
+00.7103	+00.0083	0000.267
+00.7124	+00.0086	0000.268
+00.7151	+00.0086	0000.269
+00.7179	+00.0089	0000.270
+00.7206	+00.0092	0000.271
+00.7234	+00.0092	0000.272
+00.7261	+00.0095	0000.273
+00.7289	+00.0101	0000.274
+00.7316	+00.0098	0000.275
+00.7338	+00.0107	0000.276
+00.7368	+00.0107	0000.277
+00.7396	+00.0129	0000.278
+00.7423	+00.0144	0000.279
+00.7447	+00.0153	0000.280
+00.7472	+00.0174	0000.281
+00.7499	+00.0208	0000.282
+00.7527	+00.0223	0000.283
+00.7551	+00.0235	0000.284
+00.7582	+00.0248	0000.285
+00.7606	+00.0254	0000.286
+00.7634	+00.0260	0000.287
+00.7661	+00.0269	0000.288
+00.7682	+00.0278	0000.289
+00.7713	+00.0287	0000.290
+00.7746	+00.0296	0000.291
+00.7771	+00.0312	0000.292
+00.7798	+00.0315	0000.293
+00.7817	+00.0324	0000.294
+00.7844	+00.0342	0000.295
+00.7875	+00.0370	0000.296
+00.7902	+00.0391	0000.297
+00.7933	+00.0406	0000.298
+00.7954	+00.0425	0000.299
+00.7975	+00.0434	0000.300
+00.8006	+00.0443	0000.301
+00.8033	+00.0467	0000.302
+00.8058	+00.0534	0000.303
+00.8088	+00.0556	0000.304
+00.8113	+00.0580	0000.305
+00.8140	+00.0602	0000.306
+00.8168	+00.0632	0000.307
+00.8195	+00.0660	0000.308
+00.8220	+00.0690	0000.309
+00.8247	+00.0708	0000.310
+00.8274	+00.0821	0000.311
+00.8302	+00.0895	0000.312
+00.8326	+00.0956	0000.313
+00.8354	+00.1041	0000.314
+00.8378	+00.1145	0000.315
+00.8406	+00.2506	0000.316
+00.8439	+00.2909	0000.317
+00.8461	+00.3003	0000.318
+00.8491	+00.3061	0000.319
+00.8512	+00.3208	0000.320
+00.8543	+00.4435	0000.321
+00.8564	+00.5701	0000.322
+00.8595	+00.5915	0000.323
+00.8622	+00.6018	0000.324
+00.8647	+00.6076	0000.325
+00.8668	+00.6141	0000.326
+00.8696	+00.6186	0000.327
+00.8729	+00.6229	0000.328
+00.8757	+00.6260	0000.329
+00.8781	+00.6293	0000.330
+00.8809	+00.6314	0000.331
+00.8836	+00.6342	0000.332
+00.8860	+00.6357	0000.333
+00.8888	+00.6379	0000.334
+00.8915	+00.6397	0000.335
+00.8940	+00.6409	0000.336
+00.8964	+00.6427	0000.337
+00.8995	+00.6440	0000.338
+00.9025	+00.6449	0000.339
+00.9050	+00.6464	0000.340
+00.9068	+00.6470	0000.341
+00.9101	+00.6485	0000.342
+00.9135	+00.6498	0000.343
+00.9159	+00.6513	0000.344
+00.9181	+00.6525	0000.345
+00.9205	+00.6528	0000.346
+00.9239	+00.6537	0000.347
+00.9263	+00.6546	0000.348
+00.9285	+00.6559	0000.349
+00.9315	+00.6565	0000.350
+00.9343	+00.6574	0000.351
+00.9373	+00.6577	0000.352
+00.9394	+00.6583	0000.353
+00.9422	+00.6595	0000.354
+00.9449	+00.6601	0000.355
+00.9474	+00.6607	0000.356
+00.9501	+00.6614	0000.357
+00.9526	+00.6620	0000.358
+00.9562	+00.6626	0000.359
+00.9578	+00.6632	0000.360
+00.9614	+00.6641	0000.361
+00.9636	+00.6644	0000.362
+00.9663	+00.6650	0000.363
+00.9687	+00.6656	0000.364
+00.9721	+00.6662	0000.365
+00.9745	+00.6665	0000.366
+00.9770	+00.6672	0000.367
+00.9794	+00.6681	0000.368
+00.9825	+00.6684	0000.369
+00.9846	+00.6687	0000.370
+00.9880	+00.6699	0000.371
+00.9904	+00.6702	0000.372
+00.9925	+00.6845	0000.373
+00.9959	+00.6873	0000.374
+00.9986	+00.6906	0000.375
+01.0008	+00.6949	0000.376
+01.0035	+00.6977	0000.377
+01.0060	+00.6995	0000.378
+01.0087	+00.7001	0000.379
+01.0121	+00.7010	0000.380
+01.0145	+00.7013	0000.381
+01.0173	+00.7022	0000.382
+01.0194	+00.7029	0000.383
+01.0221	+00.7035	0000.384
+01.0249	+00.7041	0000.385
+01.0283	+00.7044	0000.386
+01.0301	+00.7047	0000.387
+01.0328	+00.7053	0000.388
+01.0359	+00.7056	0000.389
+01.0386	+00.7059	0000.390
+01.0414	+00.7062	0000.391
+01.0435	+00.7068	0000.392
+01.0463	+00.7068	0000.393
+01.0490	+00.7074	0000.394
+01.0517	+00.7077	0000.395
+01.0548	+00.7080	0000.396
+01.0569	+00.7080	0000.397
+01.0597	+00.7087	0000.398
+01.0630	+00.7087	0000.399
+01.0649	+00.7093	0000.400
+01.0679	+00.7096	0000.401
+01.0704	+00.7096	0000.402
+01.0731	+00.7105	0000.403
+01.0759	+00.7108	0000.404
+01.0789	+00.7111	0000.405
+01.0810	+00.7108	0000.406
+01.0841	+00.7108	0000.407
+01.0868	+00.7117	0000.408
+01.0896	+00.7120	0000.409
+01.0920	+00.7120	0000.410
+01.0945	+00.7120	0000.411
+01.0972	+00.7126	0000.412
+01.0997	+00.7126	0000.413
+01.1024	+00.7126	0000.414
+01.1049	+00.7132	0000.415
+01.1076	+00.7135	0000.416
+01.1110	+00.7132	0000.417
+01.1128	+00.7138	0000.418
+01.1158	+00.7145	0000.419
+01.1186	+00.7141	0000.420
+01.1210	+00.7145	0000.421
+01.1235	+00.7151	0000.422
+01.1268	+00.7148	0000.423
+01.1293	+00.7157	0000.424
+01.1320	+00.7157	0000.425
+01.1345	+00.7163	0000.426
+01.1375	+00.7163	0000.427
+01.1399	+00.7163	0000.428
+01.1427	+00.7166	0000.429
+01.1448	+00.7166	0000.430
+01.1482	+00.7169	0000.431
+01.1506	+00.7172	0000.432
+01.1531	+00.7172	0000.433
+01.1561	+00.7178	0000.434
+01.1583	+00.7175	0000.435
+01.1613	+00.7184	0000.436
+01.1641	+00.7181	0000.437
+01.1665	+00.7187	0000.438
+01.1695	+00.7187	0000.439
+01.1714	+00.7187	0000.440
+01.1744	+00.7193	0000.441
+01.1775	+00.7193	0000.442
+01.1796	+00.7196	0000.443
+01.1824	+00.7196	0000.444
+01.1857	+00.7196	0000.445
+01.1882	+00.7196	0000.446
+01.1906	+00.7199	0000.447
+01.1934	+00.7203	0000.448
+01.1961	+00.7206	0000.449
+01.1985	+00.7209	0000.450
+01.2016	+00.7209	0000.451
+01.2034	+00.7212	0000.452
+01.2065	+00.7212	0000.453
+01.2095	+00.7215	0000.454
+01.2123	+00.7221	0000.455
+01.2147	+00.7221	0000.456
+01.2168	+00.7221	0000.457
+01.2202	+00.7221	0000.458
+01.2230	+00.7221	0000.459
+01.2251	+00.7227	0000.460
+01.2281	+00.7221	0000.461
+01.2306	+00.7230	0000.462
+01.2333	+00.7233	0000.463
+01.2364	+00.7233	0000.464
+01.2388	+00.7230	0000.465
+01.2416	+00.7236	0000.466
+01.2440	+00.7236	0000.467
+01.2468	+00.7236	0000.468
+01.2495	+00.7242	0000.469
+01.2516	+00.7242	0000.470
+01.2544	+00.7242	0000.471
+01.2577	+00.7248	0000.472
+01.2602	+00.7248	0000.473
+01.2626	+00.7248	0000.474
+01.2657	+00.7251	0000.475
+01.2681	+00.7254	0000.476
+01.2709	+00.7254	0000.477
+01.2736	+00.7251	0000.478
+01.2761	+00.7254	0000.479
+01.2785	+00.7257	0000.480
+01.2815	+00.7257	0000.481
+01.2840	+00.7264	0000.482
+01.2867	+00.7264	0000.483
+01.2898	+00.7267	0000.484
+01.2922	+00.7267	0000.485
+01.2944	+00.7273	0000.486
+01.2977	+00.7273	0000.487
+01.2999	+00.7273	0000.488
+01.3029	+00.7279	0000.489
+01.3054	+00.7273	0000.490
+01.3078	+00.7279	0000.491
+01.3115	+00.7279	0000.492
+01.3136	+00.7285	0000.493
+01.3160	+00.7285	0000.494
+01.3188	+00.7288	0000.495
+01.3215	+00.7288	0000.496
+01.3246	+00.7291	0000.497
+01.3273	+00.7294	0000.498
+01.3298	+00.7294	0000.499
+01.3322	+00.7297	0000.500
+01.3350	+00.7300	0000.501
+01.3377	+00.7297	0000.502
+01.3395	+00.7306	0000.503
+01.3429	+00.7303	0000.504
+01.3453	+00.7306	0000.505
+01.3484	+00.7306	0000.506
+01.3508	+00.7309	0000.507
+01.3536	+00.7309	0000.508
+01.3560	+00.7318	0000.509
+01.3591	+00.7318	0000.510
+01.3615	+00.7318	0000.511
+01.3642	+00.7322	0000.512
+01.3667	+00.7328	0000.513
+01.3700	+00.7340	0000.514
+01.3722	+00.7343	0000.515
+01.3749	+00.7340	0000.516
+01.3777	+00.7343	0000.517
+01.3801	+00.7346	0000.518
+01.3835	+00.7352	0000.519
+01.3856	+00.7352	0000.520
+01.3884	+00.7352	0000.521
+01.3905	+00.7358	0000.522
+01.3935	+00.7358	0000.523
+01.3963	+00.7358	0000.524
+01.3984	+00.7364	0000.525
+01.4018	+00.7364	0000.526
+01.4042	+00.7373	0000.527
+01.4064	+00.7373	0000.528
+01.4094	+00.7370	0000.529
+01.4119	+00.7367	0000.530
+01.4155	+00.7383	0000.531
+01.4174	+00.7383	0000.532
+01.4204	+00.7383	0000.533
+01.4228	+00.7383	0000.534
+01.4259	+00.7380	0000.535
+01.4283	+00.7389	0000.536
+01.4308	+00.7392	0000.537
+01.4335	+00.7389	0000.538
+01.4363	+00.7395	0000.539
+01.4390	+00.7398	0000.540
+01.4421	+00.7401	0000.541
+01.4442	+00.7404	0000.542
+01.4470	+00.7410	0000.543
+01.4494	+00.7410	0000.544
+01.4524	+00.7407	0000.545
+01.4552	+00.7419	0000.546
+01.4576	+00.7419	0000.547
+01.4601	+00.7419	0000.548
+01.4631	+00.7422	0000.549
+01.4659	+00.7422	0000.550
+01.4683	+00.7422	0000.551
+01.4714	+00.7425	0000.552
+01.4738	+00.7431	0000.553
+01.4762	+00.7431	0000.554
+01.4793	+00.7434	0000.555
+01.4820	+00.7434	0000.556
+01.4842	+00.7437	0000.557
+01.4875	+00.7437	0000.558
+01.4897	+00.7441	0000.559
+01.4927	+00.7441	0000.560
+01.4946	+00.7441	0000.561
+01.4982	+00.7444	0000.562
+01.5007	+00.7444	0000.563
+01.5040	+00.7444	0000.564
+01.5052	+00.7450	0000.565
+01.5083	+00.7444	0000.566
+01.5107	+00.7447	0000.567
+01.5141	+00.7453	0000.568
+01.5168	+00.7450	0000.569
+01.5187	+00.7450	0000.570
+01.5217	+00.7453	0000.571
+01.5239	+00.7453	0000.572
+01.5275	+00.7453	0000.573
+01.5297	+00.7456	0000.574
+01.5324	+00.7459	0000.575
+01.5355	+00.7462	0000.576
+01.5382	+00.7462	0000.577
+01.5403	+00.7462	0000.578
+01.5428	+00.7465	0000.579
+01.5458	+00.7459	0000.580
+01.5489	+00.7462	0000.581
+01.5510	+00.7468	0000.582
+01.5544	+00.7468	0000.583
+01.5568	+00.7468	0000.584
+01.5593	+00.7474	0000.585
+01.5617	+00.7474	0000.586
+01.5648	+00.7471	0000.587
+01.5669	+00.7474	0000.588
+01.5693	+00.7474	0000.589
+01.5721	+00.7477	0000.590
+01.5754	+00.7480	0000.591
+01.5782	+00.7477	0000.592
+01.5809	+00.7480	0000.593
+01.5834	+00.7477	0000.594
+01.5858	+00.7483	0000.595
+01.5889	+00.7483	0000.596
+01.5910	+00.7483	0000.597
+01.5940	+00.7480	0000.598
+01.5965	+00.7483	0000.599
+01.5995	+00.7483	0000.600
+01.6017	+00.7486	0000.601
+01.6047	+00.7489	0000.602
+01.6072	+00.7486	0000.603
+01.6099	+00.7489	0000.604
+01.6124	+00.7489	0000.605
+01.6151	+00.7495	0000.606
+01.6182	+00.7492	0000.607
+01.6209	+00.7492	0000.608
+01.6227	+00.7492	0000.609
+01.6261	+00.7499	0000.610
+01.6285	+00.7495	0000.611
+01.6310	+00.7499	0000.612
+01.6343	+00.7499	0000.613
+01.6365	+00.7499	0000.614
+01.6395	+00.7499	0000.615
+01.6423	+00.7505	0000.616
+01.6447	+00.7505	0000.617
+01.6471	+00.7505	0000.618
+01.6502	+00.7505	0000.619
+01.6523	+00.7508	0000.620
+01.6557	+00.7505	0000.621
+01.6581	+00.7508	0000.622
+01.6606	+00.7514	0000.623
+01.6636	+00.7508	0000.624
+01.6658	+00.7511	0000.625
+01.6685	+00.7511	0000.626
+01.6710	+00.7517	0000.627
+01.6743	+00.7514	0000.628
+01.6771	+00.7514	0000.629
+01.6792	+00.7520	0000.630
+01.6822	+00.7514	0000.631
+01.6850	+00.7517	0000.632
+01.6874	+00.7520	0000.633
+01.6905	+00.7517	0000.634
+01.6929	+00.7526	0000.635
+01.6957	+00.7523	0000.636
+01.6981	+00.7523	0000.637
+01.7006	+00.7523	0000.638
+01.7033	+00.7520	0000.639
+01.7060	+00.7526	0000.640
+01.7088	+00.7526	0000.641
+01.7115	+00.7526	0000.642
+01.7140	+00.7526	0000.643
+01.7164	+00.7532	0000.644
+01.7192	+00.7529	0000.645
+01.7225	+00.7532	0000.646
+01.7244	+00.7529	0000.647
+01.7271	+00.7532	0000.648
+01.7305	+00.7535	0000.649
+01.7329	+00.7532	0000.650
+01.7353	+00.7535	0000.651
+01.7384	+00.7535	0000.652
+01.7408	+00.7541	0000.653
+01.7433	+00.7541	0000.654
+01.7460	+00.7538	0000.655
+01.7488	+00.7541	0000.656
+01.7515	+00.7538	0000.657
+01.7543	+00.7544	0000.658
+01.7564	+00.7541	0000.659
+01.7591	+00.7541	0000.660
+01.7622	+00.7541	0000.661
+01.7646	+00.7544	0000.662
+01.7674	+00.7544	0000.663
+01.7701	+00.7550	0000.664
+01.7729	+00.7550	0000.665
+01.7759	+00.7547	0000.666
+01.7781	+00.7550	0000.667
+01.7805	+00.7550	0000.668
+01.7836	+00.7550	0000.669
+01.7863	+00.7553	0000.670
+01.7887	+00.7553	0000.671
+01.7915	+00.7563	0000.672
+01.7939	+00.7560	0000.673
+01.7973	+00.7560	0000.674
+01.7991	+00.7557	0000.675
+01.8028	+00.7557	0000.676
+01.8046	+00.7553	0000.677
+01.8074	+00.7563	0000.678
+01.8104	+00.7563	0000.679
+01.8129	+00.7560	0000.680
+01.8153	+00.7566	0000.681
+01.8177	+00.7563	0000.682
+01.8211	+00.7566	0000.683
+01.8235	+00.7563	0000.684
+01.8260	+00.7563	0000.685
+01.8293	+00.7569	0000.686
+01.8315	+00.7569	0000.687
+01.8339	+00.7569	0000.688
+01.8370	+00.7566	0000.689
+01.8394	+00.7572	0000.690
+01.8425	+00.7572	0000.691
+01.8449	+00.7575	0000.692
+01.8473	+00.7572	0000.693
+01.8504	+00.7578	0000.694
+01.8528	+00.7572	0000.695
+01.8553	+00.7575	0000.696
+01.8580	+00.7572	0000.697
+01.8611	+00.7578	0000.698
+01.8644	+00.7575	0000.699
+01.8666	+00.7575	0000.700
+01.8687	+00.7581	0000.701
+01.8715	+00.7578	0000.702
+01.8745	+00.7584	0000.703
+01.8773	+00.7581	0000.704
+01.8794	+00.7581	0000.705
+01.8824	+00.7581	0000.706
+01.8852	+00.7587	0000.707
+01.8876	+00.7584	0000.708
+01.8904	+00.7584	0000.709
+01.8931	+00.7587	0000.710
+01.8953	+00.7587	0000.711
+01.8983	+00.7590	0000.712
+01.9007	+00.7590	0000.713
+01.9041	+00.7593	0000.714
+01.9062	+00.7590	0000.715
+01.9093	+00.7593	0000.716
+01.9114	+00.7587	0000.717
+01.9142	+00.7590	0000.718
+01.9175	+00.7590	0000.719
+01.9194	+00.7596	0000.720
+01.9221	+00.7593	0000.721
+01.9249	+00.7593	0000.722
+01.9276	+00.7599	0000.723
+01.9304	+00.7596	0000.724
+01.9328	+00.7599	0000.725
+01.9358	+00.7596	0000.726
+01.9380	+00.7602	0000.727
+01.9413	+00.7605	0000.728
+01.9438	+00.7602	0000.729
+01.9465	+00.7605	0000.730
+01.9487	+00.7602	0000.731
+01.9520	+00.7608	0000.732
+01.9542	+00.7602	0000.733
+01.9572	+00.7602	0000.734
+01.9590	+00.7605	0000.735
+01.9621	+00.7602	0000.736
+01.9648	+00.7602	0000.737
+01.9676	+00.7608	0000.738
+01.9700	+00.7608	0000.739
+01.9734	+00.7608	0000.740
+01.9758	+00.7608	0000.741
+01.9786	+00.7608	0000.742
+01.9813	+00.7615	0000.743
+01.9838	+00.7608	0000.744
+01.9874	+00.7611	0000.745
+01.9889	+00.7615	0000.746
+01.9920	+00.7608	0000.747
+01.9944	+00.7615	0000.748
+01.9969	+00.7611	0000.749
+01.9999	+00.7615	0000.750
+02.0021	+00.7621	0000.751
+02.0054	+00.7621	0000.752
+02.0079	+00.7621	0000.753
+02.0103	+00.7621	0000.754
+02.0124	+00.7621	0000.755
+02.0161	+00.7618	0000.756
+02.0179	+00.7621	0000.757
+02.0204	+00.7621	0000.758
+02.0240	+00.7624	0000.759
+02.0265	+00.7624	0000.760
+02.0289	+00.7624	0000.761
+02.0323	+00.7624	0000.762
+02.0350	+00.7627	0000.763
+02.0372	+00.7624	0000.764
+02.0393	+00.7627	0000.765
+02.0424	+00.7627	0000.766
+02.0454	+00.7630	0000.767
+02.0475	+00.7627	0000.768
+02.0500	+00.7630	0000.769
+02.0530	+00.7630	0000.770
+02.0555	+00.7627	0000.771
+02.0588	+00.7633	0000.772
+02.0613	+00.7633	0000.773
+02.0640	+00.7633	0000.774
+02.0665	+00.7636	0000.775
+02.0689	+00.7633	0000.776
+02.0720	+00.7636	0000.777
+02.0744	+00.7633	0000.778
+02.0771	+00.7636	0000.779
+02.0793	+00.7636	0000.780
+02.0823	+00.7639	0000.781
+02.0848	+00.7636	0000.782
+02.0881	+00.7639	0000.783
+02.0906	+00.7642	0000.784
+02.0930	+00.7642	0000.785
+02.0958	+00.7645	0000.786
+02.0988	+00.7645	0000.787
+02.1009	+00.7645	0000.788
+02.1043	+00.7642	0000.789
+02.1064	+00.7642	0000.790
+02.1098	+00.7645	0000.791
+02.1119	+00.7645	0000.792
+02.1150	+00.7645	0000.793
+02.1177	+00.7645	0000.794
+02.1196	+00.7648	0000.795
+02.1226	+00.7648	0000.796
+02.1254	+00.7648	0000.797
+02.1281	+00.7645	0000.798
+02.1299	+00.7648	0000.799
+02.1333	+00.7651	0000.800
+02.1360	+00.7657	0000.801
+02.1388	+00.7651	0000.802
+02.1415	+00.7654	0000.803
+02.1440	+00.7651	0000.804
+02.1464	+00.7654	0000.805
+02.1495	+00.7654	0000.806
+02.1516	+00.7660	0000.807
+02.1543	+00.7654	0000.808
+02.1574	+00.7651	0000.809
+02.1605	+00.7654	0000.810
+02.1620	+00.7657	0000.811
+02.1653	+00.7654	0000.812
+02.1681	+00.7657	0000.813
+02.1705	+00.7660	0000.814
+02.1733	+00.7657	0000.815
+02.1757	+00.7657	0000.816
+02.1788	+00.7660	0000.817
+02.1812	+00.7657	0000.818
+02.1843	+00.7660	0000.819
+02.1867	+00.7660	0000.820
+02.1898	+00.7663	0000.821
+02.1919	+00.7666	0000.822
+02.1949	+00.7663	0000.823
+02.1974	+00.7666	0000.824
+02.2001	+00.7660	0000.825
+02.2029	+00.7666	0000.826
+02.2053	+00.7663	0000.827
+02.2081	+00.7663	0000.828
+02.2108	+00.7669	0000.829
+02.2129	+00.7663	0000.830
+02.2160	+00.7669	0000.831
+02.2187	+00.7669	0000.832
+02.2209	+00.7666	0000.833
+02.2239	+00.7669	0000.834
+02.2264	+00.7669	0000.835
+02.2294	+00.7672	0000.836
+02.2319	+00.7666	0000.837
+02.2346	+00.7669	0000.838
+02.2377	+00.7676	0000.839
+02.2401	+00.7672	0000.840
+02.2425	+00.7672	0000.841
+02.2456	+00.7676	0000.842
+02.2477	+00.7679	0000.843
+02.2514	+00.7672	0000.844
+02.2529	+00.7676	0000.845
+02.2563	+00.7679	0000.846
+02.2587	+00.7672	0000.847
+02.2621	+00.7679	0000.848
+02.2636	+00.7679	0000.849
+02.2670	+00.7679	0000.850
+02.2697	+00.7676	0000.851
+02.2725	+00.7676	0000.852
+02.2749	+00.7685	0000.853
+02.2773	+00.7682	0000.854
+02.2801	+00.7676	0000.855
+02.2822	+00.7682	0000.856
+02.2853	+00.7682	0000.857
+02.2880	+00.7679	0000.858
+02.2908	+00.7685	0000.859
+02.2932	+00.7685	0000.860
+02.2966	+00.7685	0000.861
+02.2984	+00.7685	0000.862
+02.3017	+00.7685	0000.863
+02.3036	+00.7688	0000.864
+02.3072	+00.7685	0000.865
+02.3094	+00.7685	0000.866
+02.3121	+00.7691	0000.867
+02.3149	+00.7691	0000.868
+02.3173	+00.7691	0000.869
+02.3201	+00.7691	0000.870
+02.3234	+00.7688	0000.871
+02.3252	+00.7688	0000.872
+02.3286	+00.7688	0000.873
+02.3310	+00.7691	0000.874
+02.3341	+00.7691	0000.875
+02.3362	+00.7688	0000.876
+02.3384	+00.7694	0000.877
+02.3420	+00.7694	0000.878
+02.3442	+00.7694	0000.879
+02.3469	+00.7691	0000.880
+02.3494	+00.7688	0000.881
+02.3521	+00.7697	0000.882
+02.3552	+00.7694	0000.883
+02.3579	+00.7694	0000.884
+02.3603	+00.7694	0000.885
+02.3637	+00.7694	0000.886
+02.3652	+00.7694	0000.887
+02.3680	+00.7694	0000.888
+02.3707	+00.7697	0000.889
+02.3735	+00.7697	0000.890
+02.3762	+00.7691	0000.891
+02.3793	+00.7700	0000.892
+02.3814	+00.7700	0000.893
+02.3848	+00.7697	0000.894
+02.3863	+00.7700	0000.895
+02.3896	+00.7700	0000.896
+02.3927	+00.7700	0000.897
+02.3951	+00.7700	0000.898
+02.3976	+00.7700	0000.899
+02.4000	+00.7703	0000.900
+02.4028	+00.7697	0000.901
+02.4052	+00.7703	0000.902
+02.4086	+00.7706	0000.903
+02.4110	+00.7703	0000.904
+02.4141	+00.7703	0000.905
+02.4162	+00.7703	0000.906
+02.4189	+00.7706	0000.907
+02.4217	+00.7703	0000.908
+02.4244	+00.7703	0000.909
+02.4269	+00.7703	0000.910
+02.4296	+00.7706	0000.911
+02.4321	+00.7706	0000.912
+02.4348	+00.7709	0000.913
+02.4382	+00.7706	0000.914
+02.4400	+00.7709	0000.915
+02.4427	+00.7703	0000.916
+02.4458	+00.7706	0000.917
+02.4485	+00.7712	0000.918
+02.4510	+00.7709	0000.919
+02.4531	+00.7706	0000.920
+02.4565	+00.7709	0000.921
+02.4592	+00.7712	0000.922
+02.4620	+00.7709	0000.923
+02.4644	+00.7712	0000.924
+02.4668	+00.7712	0000.925
+02.4699	+00.7709	0000.926
+02.4733	+00.7712	0000.927
+02.4751	+00.7712	0000.928
+02.4775	+00.7712	0000.929
+02.4800	+00.7712	0000.930
+02.4824	+00.7712	0000.931
+02.4858	+00.7715	0000.932
+02.4885	+00.7715	0000.933
+02.4907	+00.7715	0000.934
+02.4940	+00.7715	0000.935
+02.4965	+00.7718	0000.936
+02.4992	+00.7715	0000.937
+02.5013	+00.7715	0000.938
+02.5050	+00.7715	0000.939
+02.5071	+00.7715	0000.940
+02.5096	+00.7718	0000.941
+02.5123	+00.7715	0000.942
+02.5154	+00.7718	0000.943
+02.5181	+00.7718	0000.944
+02.5209	+00.7721	0000.945
+02.5230	+00.7718	0000.946
+02.5261	+00.7718	0000.947
+02.5285	+00.7718	0000.948
+02.5309	+00.7721	0000.949
+02.5340	+00.7721	0000.950
+02.5364	+00.7721	0000.951
+02.5395	+00.7718	0000.952
+02.5419	+00.7718	0000.953
+02.5444	+00.7724	0000.954
+02.5477	+00.7721	0000.955
+02.5499	+00.7721	0000.956
+02.5529	+00.7721	0000.957
+02.5550	+00.7724	0000.958
+02.5584	+00.7727	0000.959
+02.5608	+00.7724	0000.960
+02.5636	+00.7727	0000.961
+02.5660	+00.7724	0000.962
+02.5682	+00.7724	0000.963
+02.5715	+00.7724	0000.964
+02.5734	+00.7724	0000.965
+02.5767	+00.7724	0000.966
+02.5795	+00.7727	0000.967
+02.5819	+00.7724	0000.968
+02.5846	+00.7727	0000.969
+02.5871	+00.7724	0000.970
+02.5898	+00.7727	0000.971
+02.5923	+00.7724	0000.972
+02.5956	+00.7727	0000.973
+02.5981	+00.7724	0000.974
+02.6005	+00.7727	0000.975
+02.6036	+00.7727	0000.976
+02.6060	+00.7730	0000.977
+02.6091	+00.7727	0000.978
+02.6112	+00.7730	0000.979
+02.6139	+00.7734	0000.980
+02.6170	+00.7727	0000.981
+02.6194	+00.7730	0000.982
+02.6222	+00.7730	0000.983
+02.6246	+00.7730	0000.984
+02.6274	+00.7737	0000.985
+02.6301	+00.7737	0000.986
+02.6326	+00.7734	0000.987
+02.6356	+00.7734	0000.988
+02.6384	+00.7730	0000.989
+02.6405	+00.7734	0000.990
+02.6432	+00.7737	0000.991
+02.6463	+00.7734	0000.992
+02.6490	+00.7734	0000.993
+02.6512	+00.7737	0000.994
+02.6539	+00.7734	0000.995
+02.6570	+00.7737	0000.996
+02.6600	+00.7737	0000.997
+02.6612	+00.7734	0000.998
+02.6643	+00.7737	0000.999
+02.6674	+00.7734	0001.000
+02.6698	+00.7740	0001.001
+02.6722	+00.7740	0001.002
+02.6753	+00.7740	0001.003
+02.6783	+00.7743	0001.004
+02.6805	+00.7737	0001.005
+02.6832	+00.7737	0001.006
+02.6857	+00.7743	0001.007
+02.6887	+00.7740	0001.008
+02.6918	+00.7740	0001.009
+02.6939	+00.7740	0001.010
+02.6966	+00.7743	0001.011
+02.6997	+00.7743	0001.012
+02.7018	+00.7743	0001.013
+02.7043	+00.7743	0001.014
+02.7073	+00.7746	0001.015
+02.7101	+00.7740	0001.016
+02.7125	+00.7746	0001.017
+02.7156	+00.7746	0001.018
+02.7186	+00.7740	0001.019
+02.7214	+00.7743	0001.020
+02.7232	+00.7746	0001.021
+02.7262	+00.7743	0001.022
+02.7296	+00.7743	0001.023
+02.7311	+00.7749	0001.024
+02.7345	+00.7746	0001.025
+02.7369	+00.7746	0001.026
+02.7397	+00.7746	0001.027
+02.7424	+00.7746	0001.028
+02.7452	+00.7743	0001.029
+02.7479	+00.7749	0001.030
+02.7501	+00.7746	0001.031
+02.7525	+00.7749	0001.032
+02.7555	+00.7752	0001.033
+02.7580	+00.7746	0001.034
+02.7610	+00.7743	0001.035
+02.7629	+00.7749	0001.036
+02.7659	+00.7749	0001.037
+02.7693	+00.7752	0001.038
+02.7717	+00.7746	0001.039
+02.7745	+00.7749	0001.040
+02.7769	+00.7749	0001.041
+02.7797	+00.7752	0001.042
+02.7824	+00.7752	0001.043
+02.7851	+00.7752	0001.044
+02.7879	+00.7752	0001.045
+02.7906	+00.7752	0001.046
+02.7922	+00.7749	0001.047
+02.7955	+00.7752	0001.048
+02.7986	+00.7755	0001.049
+02.8004	+00.7755	0001.050
+02.8038	+00.7749	0001.051
+02.8062	+00.7755	0001.052
+02.8093	+00.7755	0001.053
+02.8114	+00.7758	0001.054
+02.8141	+00.7752	0001.055
+02.8166	+00.7755	0001.056
+02.8196	+00.7755	0001.057
+02.8227	+00.7755	0001.058
+02.8245	+00.7755	0001.059
+02.8276	+00.7755	0001.060
+02.8303	+00.7755	0001.061
+02.8331	+00.7752	0001.062
+02.8358	+00.7755	0001.063
+02.8370	+00.7761	0001.064
+02.8410	+00.7761	0001.065
+02.8434	+00.7755	0001.066
+02.8459	+00.7758	0001.067
+02.8492	+00.7764	0001.068
+02.8526	+00.7761	0001.069
+02.8541	+00.7761	0001.070
+02.8572	+00.7758	0001.071
+02.8593	+00.7758	0001.072
+02.8624	+00.7761	0001.073
+02.8654	+00.7764	0001.074
+02.8679	+00.7761	0001.075
+02.8709	+00.7761	0001.076
+02.8736	+00.7761	0001.077
+02.8761	+00.7761	0001.078
+02.8782	+00.7761	0001.079
+02.8813	+00.7761	0001.080
+02.8837	+00.7764	0001.081
+02.8868	+00.7761	0001.082
+02.8895	+00.7761	0001.083
+02.8917	+00.7761	0001.084
+02.8941	+00.7764	0001.085
+02.8968	+00.7764	0001.086
+02.9002	+00.7761	0001.087
+02.9020	+00.7764	0001.088
+02.9057	+00.7764	0001.089
+02.9081	+00.7761	0001.090
+02.9106	+00.7770	0001.091
+02.9136	+00.7764	0001.092
+02.9158	+00.7767	0001.093
+02.9185	+00.7770	0001.094
+02.9216	+00.7770	0001.095
+02.9243	+00.7767	0001.096
+02.9264	+00.7767	0001.097
+02.9289	+00.7767	0001.098
+02.9325	+00.7767	0001.099
+02.9350	+00.7767	0001.100
+02.9374	+00.7770	0001.101
+02.9402	+00.7773	0001.102
+02.9429	+00.7767	0001.103
+02.9451	+00.7770	0001.104
+02.9484	+00.7764	0001.105
+02.9509	+00.7773	0001.106
+02.9533	+00.7767	0001.107
+02.9554	+00.7773	0001.108
+02.9585	+00.7773	0001.109
+02.9612	+00.7770	0001.110
+02.9634	+00.7770	0001.111
+02.9661	+00.7770	0001.112
+02.9695	+00.7770	0001.113
+02.9725	+00.7767	0001.114
+02.9750	+00.7773	0001.115
+02.9771	+00.7770	0001.116
+02.9802	+00.7773	0001.117
+02.9832	+00.7776	0001.118
+02.9853	+00.7773	0001.119
+02.9875	+00.7773	0001.120
+02.9902	+00.7770	0001.121
+02.9933	+00.7770	0001.122
+02.9960	+00.7776	0001.123
+02.9982	+00.7773	0001.124
+03.0015	+00.7776	0001.125
+03.0043	+00.7773	0001.126
+03.0067	+00.7776	0001.127
+03.0095	+00.7773	0001.128
+03.0119	+00.7776	0001.129
+03.0149	+00.7776	0001.130
+03.0174	+00.7773	0001.131
+03.0195	+00.7776	0001.132
+03.0229	+00.7773	0001.133
+03.0259	+00.7779	0001.134
+03.0275	+00.7776	0001.135
+03.0311	+00.7779	0001.136
+03.0336	+00.7779	0001.137
+03.0363	+00.7779	0001.138
+03.0384	+00.7776	0001.139
+03.0415	+00.7776	0001.140
+03.0442	+00.7779	0001.141
+03.0470	+00.7779	0001.142
+03.0494	+00.7779	0001.143
+03.0522	+00.7779	0001.144
+03.0549	+00.7779	0001.145
+03.0574	+00.7779	0001.146
+03.0598	+00.7776	0001.147
+03.0629	+00.7779	0001.148
+03.0656	+00.7782	0001.149
+03.0680	+00.7779	0001.150
+03.0702	+00.7782	0001.151
+03.0738	+00.7779	0001.152
+03.0760	+00.7782	0001.153
+03.0784	+00.7779	0001.154
+03.0812	+00.7779	0001.155
+03.0845	+00.7782	0001.156
+03.0864	+00.7779	0001.157
+03.0900	+00.7782	0001.158
+03.0922	+00.7782	0001.159
+03.0952	+00.7782	0001.160
+03.0983	+00.7782	0001.161
+03.0998	+00.7782	0001.162
+03.1025	+00.7785	0001.163
+03.1059	+00.7785	0001.164
+03.1083	+00.7785	0001.165
+03.1102	+00.7785	0001.166
+03.1138	+00.7785	0001.167
+03.1163	+00.7785	0001.168
+03.1184	+00.7788	0001.169
+03.1218	+00.7785	0001.170
+03.1242	+00.7785	0001.171
+03.1273	+00.7785	0001.172
+03.1297	+00.7785	0001.173
+03.1315	+00.7785	0001.174
+03.1346	+00.7785	0001.175
+03.1376	+00.7785	0001.176
+03.1401	+00.7792	0001.177
+03.1425	+00.7785	0001.178
+03.1453	+00.7788	0001.179
+03.1483	+00.7788	0001.180
+03.1501	+00.7788	0001.181
+03.1538	+00.7788	0001.182
+03.1565	+00.7788	0001.183
+03.1587	+00.7792	0001.184
+03.1614	+00.7788	0001.185
+03.1645	+00.7792	0001.186
+03.1666	+00.7792	0001.187
+03.1694	+00.7788	0001.188
+03.1721	+00.7792	0001.189
+03.1755	+00.7788	0001.190
+03.1779	+00.7792	0001.191
+03.1800	+00.7788	0001.192
+03.1825	+00.7795	0001.193
+03.1858	+00.7792	0001.194
+03.1886	+00.7795	0001.195
+03.1904	+00.7795	0001.196
+03.1938	+00.7792	0001.197
+03.1959	+00.7795	0001.198
+03.1987	+00.7792	0001.199
+03.2017	+00.7792	0001.200
+03.2042	+00.7795	0001.201
+03.2069	+00.7788	0001.202
+03.2103	+00.7788	0001.203
+03.2124	+00.7798	0001.204
+03.2151	+00.7795	0001.205
+03.2182	+00.7795	0001.206
+03.2206	+00.7795	0001.207
+03.2234	+00.7795	0001.208
+03.2258	+00.7795	0001.209
+03.2286	+00.7798	0001.210
+03.2304	+00.7798	0001.211
+03.2335	+00.7795	0001.212
+03.2359	+00.7798	0001.213
+03.2386	+00.7798	0001.214
+03.2420	+00.7788	0001.215
+03.2438	+00.7798	0001.216
+03.2469	+00.7795	0001.217
+03.2496	+00.7801	0001.218
+03.2524	+00.7798	0001.219
+03.2551	+00.7798	0001.220
+03.2579	+00.7798	0001.221
+03.2603	+00.7801	0001.222
+03.2631	+00.7801	0001.223
+03.2649	+00.7801	0001.224
+03.2689	+00.7801	0001.225
+03.2713	+00.7801	0001.226
+03.2737	+00.7798	0001.227
+03.2756	+00.7798	0001.228
+03.2798	+00.7801	0001.229
+03.2823	+00.7798	0001.230
+03.2841	+00.7804	0001.231
+03.2875	+00.7801	0001.232
+03.2899	+00.7798	0001.233
+03.2927	+00.7804	0001.234
+03.2951	+00.7801	0001.235
+03.2981	+00.7801	0001.236
+03.3006	+00.7798	0001.237
+03.3024	+00.7804	0001.238
+03.3055	+00.7801	0001.239
+03.3085	+00.7804	0001.240
+03.3110	+00.7807	0001.241
+03.3137	+00.7807	0001.242
+03.3162	+00.7804	0001.243
+03.3189	+00.7804	0001.244
+03.3216	+00.7807	0001.245
+03.3241	+00.7807	0001.246
+03.3268	+00.7807	0001.247
+03.3296	+00.7801	0001.248
+03.3323	+00.7804	0001.249
+03.3351	+00.7807	0001.250
+03.3378	+00.7807	0001.251
+03.3412	+00.7810	0001.252
+03.3424	+00.7804	0001.253
+03.3455	+00.7810	0001.254
+03.3485	+00.7810	0001.255
+03.3512	+00.7807	0001.256
+03.3534	+00.7807	0001.257
+03.3564	+00.7813	0001.258
+03.3595	+00.7810	0001.259
+03.3622	+00.7810	0001.260
+03.3644	+00.7813	0001.261
+03.3677	+00.7810	0001.262
+03.3696	+00.7813	0001.263
+03.3720	+00.7810	0001.264
+03.3747	+00.7813	0001.265
+03.3781	+00.7813	0001.266
+03.3799	+00.7816	0001.267
+03.3833	+00.7810	0001.268
+03.3854	+00.7810	0001.269
+03.3891	+00.7813	0001.270
+03.3912	+00.7810	0001.271
+03.3943	+00.7807	0001.272
+03.3967	+00.7813	0001.273
+03.3986	+00.7816	0001.274
+03.4016	+00.7816	0001.275
+03.4043	+00.7813	0001.276
+03.4077	+00.7813	0001.277
+03.4101	+00.7813	0001.278
+03.4129	+00.7810	0001.279
+03.4153	+00.7819	0001.280
+03.4175	+00.7816	0001.281
+03.4208	+00.7819	0001.282
+03.4236	+00.7813	0001.283
+03.4257	+00.7813	0001.284
+03.4291	+00.7816	0001.285
+03.4312	+00.7816	0001.286
+03.4343	+00.7816	0001.287
+03.4367	+00.7819	0001.288
+03.4394	+00.7819	0001.289
+03.4422	+00.7813	0001.290
+03.4449	+00.7816	0001.291
+03.4477	+00.7816	0001.292
+03.4492	+00.7816	0001.293
+03.4532	+00.7819	0001.294
+03.4550	+00.7819	0001.295
+03.4578	+00.7819	0001.296
+03.4611	+00.7816	0001.297
+03.4629	+00.7816	0001.298
+03.4651	+00.7822	0001.299
+03.4687	+00.7819	0001.300
+03.4712	+00.7819	0001.301
+03.4739	+00.7819	0001.302
+03.4761	+00.7822	0001.303
+03.4791	+00.7822	0001.304
+03.4816	+00.7822	0001.305
+03.4846	+00.7822	0001.306
+03.4874	+00.7822	0001.307
+03.4895	+00.7819	0001.308
+03.4929	+00.7822	0001.309
+03.4962	+00.7825	0001.310
+03.4977	+00.7822	0001.311
+03.5005	+00.7825	0001.312
+03.5032	+00.7822	0001.313
+03.5060	+00.7822	0001.314
+03.5090	+00.7822	0001.315
+03.5109	+00.7825	0001.316
+03.5151	+00.7822	0001.317
+03.5163	+00.7825	0001.318
+03.5194	+00.7822	0001.319
+03.5225	+00.7828	0001.320
+03.5252	+00.7825	0001.321
+03.5273	+00.7825	0001.322
+03.5301	+00.7822	0001.323
+03.5325	+00.7828	0001.324
+03.5362	+00.7825	0001.325
+03.5377	+00.7825	0001.326
+03.5411	+00.7828	0001.327
+03.5441	+00.7828	0001.328
+03.5456	+00.7828	0001.329
+03.5490	+00.7825	0001.330
+03.5517	+00.7825	0001.331
+03.5542	+00.7828	0001.332
+03.5572	+00.7831	0001.333
+03.5591	+00.7825	0001.334
+03.5627	+00.7828	0001.335
+03.5652	+00.7825	0001.336
+03.5676	+00.7828	0001.337
+03.5704	+00.7828	0001.338
+03.5728	+00.7831	0001.339
+03.5756	+00.7831	0001.340
+03.5780	+00.7834	0001.341
+03.5810	+00.7831	0001.342
+03.5841	+00.7831	0001.343
+03.5862	+00.7828	0001.344
+03.5884	+00.7828	0001.345
+03.5917	+00.7831	0001.346
+03.5942	+00.7828	0001.347
+03.5972	+00.7828	0001.348
+03.5991	+00.7831	0001.349
+03.6018	+00.7834	0001.350
+03.6045	+00.7831	0001.351
+03.6082	+00.7837	0001.352
+03.6100	+00.7828	0001.353
+03.6125	+00.7837	0001.354
+03.6158	+00.7837	0001.355
+03.6186	+00.7831	0001.356
+03.6207	+00.7834	0001.357
+03.6235	+00.7834	0001.358
+03.6265	+00.7834	0001.359
+03.6287	+00.7831	0001.360
+03.6311	+00.7837	0001.361
+03.6341	+00.7834	0001.362
+03.6369	+00.7834	0001.363
+03.6399	+00.7834	0001.364
+03.6424	+00.7834	0001.365
+03.6451	+00.7834	0001.366
+03.6479	+00.7834	0001.367
+03.6500	+00.7837	0001.368
+03.6528	+00.7834	0001.369
+03.6555	+00.7834	0001.370
+03.6586	+00.7840	0001.371
+03.6607	+00.7837	0001.372
+03.6637	+00.7834	0001.373
+03.6659	+00.7834	0001.374
+03.6689	+00.7837	0001.375
+03.6714	+00.7837	0001.376
+03.6741	+00.7837	0001.377
+03.6757	+00.7837	0001.378
+03.6796	+00.7837	0001.379
+03.6821	+00.7837	0001.380
+03.6845	+00.7837	0001.381
+03.6879	+00.7837	0001.382
+03.6900	+00.7840	0001.383
+03.6930	+00.7837	0001.384
+03.6961	+00.7840	0001.385
+03.6979	+00.7840	0001.386
+03.7001	+00.7837	0001.387
+03.7040	+00.7837	0001.388
+03.7068	+00.7843	0001.389
+03.7089	+00.7840	0001.390
+03.7117	+00.7840	0001.391
+03.7141	+00.7843	0001.392
+03.7168	+00.7840	0001.393
+03.7202	+00.7840	0001.394
+03.7230	+00.7846	0001.395
+03.7248	+00.7843	0001.396
+03.7281	+00.7840	0001.397
+03.7300	+00.7843	0001.398
+03.7327	+00.7843	0001.399
+03.7358	+00.7840	0001.400
+03.7379	+00.7840	0001.401
+03.7407	+00.7843	0001.402
+03.7434	+00.7846	0001.403
+03.7465	+00.7846	0001.404
+03.7501	+00.7843	0001.405
+03.7519	+00.7846	0001.406
+03.7547	+00.7846	0001.407
+03.7571	+00.7846	0001.408
+03.7602	+00.7849	0001.409
+03.7626	+00.7846	0001.410
+03.7645	+00.7843	0001.411
+03.7675	+00.7846	0001.412
+03.7700	+00.7846	0001.413
+03.7724	+00.7849	0001.414
+03.7761	+00.7846	0001.415
+03.7782	+00.7846	0001.416
+03.7815	+00.7843	0001.417
+03.7840	+00.7846	0001.418
+03.7864	+00.7846	0001.419
+03.7895	+00.7846	0001.420
+03.7913	+00.7846	0001.421
+03.7947	+00.7846	0001.422
+03.7968	+00.7846	0001.423
+03.8002	+00.7853	0001.424
+03.8026	+00.7849	0001.425
+03.8054	+00.7846	0001.426
+03.8078	+00.7853	0001.427
+03.8102	+00.7849	0001.428
+03.8130	+00.7849	0001.429
+03.8166	+00.7849	0001.430
+03.8185	+00.7849	0001.431
+03.8212	+00.7849	0001.432
+03.8234	+00.7849	0001.433
+03.8264	+00.7849	0001.434
+03.8295	+00.7853	0001.435
+03.8325	+00.7853	0001.436
+03.8340	+00.7846	0001.437
+03.8374	+00.7856	0001.438
+03.8398	+00.7849	0001.439
+03.8426	+00.7849	0001.440
+03.8450	+00.7853	0001.441
+03.8475	+00.7849	0001.442
+03.8505	+00.7853	0001.443
+03.8530	+00.7853	0001.444
+03.8560	+00.7853	0001.445
+03.8581	+00.7856	0001.446
+03.8615	+00.7853	0001.447
+03.8636	+00.7853	0001.448
+03.8664	+00.7853	0001.449
+03.8688	+00.7853	0001.450
+03.8719	+00.7859	0001.451
+03.8746	+00.7853	0001.452
+03.8777	+00.7853	0001.453
+03.8798	+00.7853	0001.454
+03.8826	+00.7856	0001.455
+03.8850	+00.7853	0001.456
+03.8877	+00.7856	0001.457
+03.8908	+00.7856	0001.458
+03.8929	+00.7859	0001.459
+03.8957	+00.7856	0001.460
+03.8978	+00.7859	0001.461
+03.9012	+00.7856	0001.462
+03.9042	+00.7856	0001.463
+03.9067	+00.7856	0001.464
+03.9097	+00.7856	0001.465
+03.9116	+00.7859	0001.466
+03.9146	+00.7856	0001.467
+03.9170	+00.7859	0001.468
+03.9192	+00.7859	0001.469
+03.9228	+00.7856	0001.470
+03.9262	+00.7859	0001.471
+03.9280	+00.7856	0001.472
+03.9308	+00.7853	0001.473
+03.9332	+00.7862	0001.474
+03.9360	+00.7859	0001.475
+03.9384	+00.7862	0001.476
+03.9415	+00.7862	0001.477
+03.9433	+00.7859	0001.478
+03.9463	+00.7862	0001.479
+03.9494	+00.7862	0001.480
+03.9518	+00.7862	0001.481
+03.9540	+00.7859	0001.482
+03.9570	+00.7865	0001.483
+03.9598	+00.7865	0001.484
+03.9622	+00.7862	0001.485
+03.9653	+00.7862	0001.486
+03.9677	+00.7859	0001.487
+03.9711	+00.7862	0001.488
+03.9735	+00.7859	0001.489
+03.9766	+00.7865	0001.490
+03.9784	+00.7865	0001.491
+03.9817	+00.7865	0001.492
+03.9845	+00.7862	0001.493
+03.9866	+00.7865	0001.494
+03.9894	+00.7865	0001.495
+03.9924	+00.7865	0001.496
+03.9952	+00.7865	0001.497
+03.9967	+00.7868	0001.498
+03.9997	+00.7865	0001.499
+04.0025	+00.7862	0001.500
+04.0055	+00.7862	0001.501
+04.0028	+00.7868	0001.502
+04.0004	+00.7868	0001.503
+03.9976	+00.7862	0001.504
+03.9952	+00.7865	0001.505
+03.9921	+00.7865	0001.506
+03.9900	+00.7862	0001.507
+03.9866	+00.7865	0001.508
+03.9842	+00.7862	0001.509
+03.9814	+00.7865	0001.510
+03.9790	+00.7868	0001.511
+03.9762	+00.7865	0001.512
+03.9738	+00.7868	0001.513
+03.9705	+00.7865	0001.514
+03.9683	+00.7871	0001.515
+03.9656	+00.7865	0001.516
+03.9634	+00.7865	0001.517
+03.9604	+00.7868	0001.518
+03.9573	+00.7868	0001.519
+03.9549	+00.7865	0001.520
+03.9524	+00.7868	0001.521
+03.9506	+00.7868	0001.522
+03.9473	+00.7865	0001.523
+03.9433	+00.7868	0001.524
+03.9418	+00.7868	0001.525
+03.9399	+00.7865	0001.526
+03.9363	+00.7871	0001.527
+03.9332	+00.7865	0001.528
+03.9308	+00.7865	0001.529
+03.9280	+00.7871	0001.530
+03.9256	+00.7868	0001.531
+03.9225	+00.7865	0001.532
+03.9198	+00.7865	0001.533
+03.9174	+00.7868	0001.534
+03.9152	+00.7865	0001.535
+03.9119	+00.7865	0001.536
+03.9094	+00.7865	0001.537
+03.9064	+00.7862	0001.538
+03.9036	+00.7859	0001.539
+03.9006	+00.7865	0001.540
+03.8993	+00.7865	0001.541
+03.8960	+00.7868	0001.542
+03.8939	+00.7865	0001.543
+03.8905	+00.7868	0001.544
+03.8884	+00.7865	0001.545
+03.8853	+00.7868	0001.546
+03.8832	+00.7868	0001.547
+03.8798	+00.7865	0001.548
+03.8774	+00.7868	0001.549
+03.8746	+00.7868	0001.550
+03.8728	+00.7865	0001.551
+03.8697	+00.7865	0001.552
+03.8670	+00.7868	0001.553
+03.8636	+00.7865	0001.554
+03.8615	+00.7865	0001.555
+03.8585	+00.7868	0001.556
+03.8560	+00.7862	0001.557
+03.8539	+00.7862	0001.558
+03.8514	+00.7868	0001.559
+03.8487	+00.7862	0001.560
+03.8453	+00.7871	0001.561
+03.8426	+00.7868	0001.562
+03.8408	+00.7868	0001.563
+03.8377	+00.7865	0001.564
+03.8346	+00.7868	0001.565
+03.8319	+00.7865	0001.566
+03.8295	+00.7868	0001.567
+03.8261	+00.7865	0001.568
+03.8237	+00.7868	0001.569
+03.8215	+00.7865	0001.570
+03.8185	+00.7862	0001.571
+03.8166	+00.7868	0001.572
+03.8133	+00.7862	0001.573
+03.8105	+00.7868	0001.574
+03.8078	+00.7862	0001.575
+03.8050	+00.7865	0001.576
+03.8029	+00.7859	0001.577
+03.8002	+00.7865	0001.578
+03.7971	+00.7862	0001.579
+03.7947	+00.7862	0001.580
+03.7922	+00.7865	0001.581
+03.7889	+00.7862	0001.582
+03.7867	+00.7865	0001.583
+03.7837	+00.7865	0001.584
+03.7815	+00.7865	0001.585
+03.7779	+00.7859	0001.586
+03.7757	+00.7868	0001.587
+03.7736	+00.7865	0001.588
+03.7712	+00.7865	0001.589
+03.7681	+00.7859	0001.590
+03.7648	+00.7865	0001.591
+03.7623	+00.7862	0001.592
+03.7608	+00.7862	0001.593
+03.7574	+00.7865	0001.594
+03.7547	+00.7862	0001.595
+03.7513	+00.7865	0001.596
+03.7498	+00.7862	0001.597
+03.7465	+00.7862	0001.598
+03.7446	+00.7862	0001.599
+03.7410	+00.7865	0001.600
+03.7388	+00.7865	0001.601
+03.7358	+00.7865	0001.602
+03.7336	+00.7865	0001.603
+03.7309	+00.7865	0001.604
+03.7278	+00.7865	0001.605
+03.7257	+00.7859	0001.606
+03.7223	+00.7865	0001.607
+03.7193	+00.7865	0001.608
+03.7168	+00.7865	0001.609
+03.7153	+00.7868	0001.610
+03.7117	+00.7865	0001.611
+03.7095	+00.7862	0001.612
+03.7074	+00.7859	0001.613
+03.7034	+00.7865	0001.614
+03.7013	+00.7865	0001.615
+03.6985	+00.7859	0001.616
+03.6955	+00.7862	0001.617
+03.6930	+00.7862	0001.618
+03.6906	+00.7856	0001.619
+03.6876	+00.7862	0001.620
+03.6851	+00.7859	0001.621
+03.6827	+00.7859	0001.622
+03.6799	+00.7865	0001.623
+03.6772	+00.7862	0001.624
+03.6747	+00.7856	0001.625
+03.6714	+00.7865	0001.626
+03.6692	+00.7859	0001.627
+03.6662	+00.7865	0001.628
+03.6634	+00.7862	0001.629
+03.6616	+00.7862	0001.630
+03.6595	+00.7862	0001.631
+03.6558	+00.7856	0001.632
+03.6528	+00.7862	0001.633
+03.6503	+00.7859	0001.634
+03.6476	+00.7862	0001.635
+03.6454	+00.7856	0001.636
+03.6424	+00.7862	0001.637
+03.6399	+00.7859	0001.638
+03.6378	+00.7862	0001.639
+03.6351	+00.7859	0001.640
+03.6320	+00.7862	0001.641
+03.6296	+00.7862	0001.642
+03.6268	+00.7859	0001.643
+03.6241	+00.7859	0001.644
+03.6207	+00.7862	0001.645
+03.6186	+00.7865	0001.646
+03.6161	+00.7859	0001.647
+03.6131	+00.7859	0001.648
+03.6100	+00.7862	0001.649
+03.6079	+00.7862	0001.650
+03.6052	+00.7859	0001.651
+03.6021	+00.7859	0001.652
+03.6003	+00.7856	0001.653
+03.5975	+00.7862	0001.654
+03.5948	+00.7859	0001.655
+03.5920	+00.7859	0001.656
+03.5890	+00.7862	0001.657
+03.5868	+00.7859	0001.658
+03.5838	+00.7859	0001.659
+03.5814	+00.7859	0001.660
+03.5786	+00.7859	0001.661
+03.5752	+00.7859	0001.662
+03.5728	+00.7859	0001.663
+03.5707	+00.7859	0001.664
+03.5673	+00.7862	0001.665
+03.5649	+00.7859	0001.666
+03.5624	+00.7859	0001.667
+03.5597	+00.7859	0001.668
+03.5572	+00.7859	0001.669
+03.5542	+00.7859	0001.670
+03.5521	+00.7862	0001.671
+03.5490	+00.7859	0001.672
+03.5463	+00.7862	0001.673
+03.5444	+00.7859	0001.674
+03.5411	+00.7859	0001.675
+03.5377	+00.7859	0001.676
+03.5359	+00.7859	0001.677
+03.5331	+00.7859	0001.678
+03.5301	+00.7862	0001.679
+03.5286	+00.7862	0001.680
+03.5255	+00.7859	0001.681
+03.5221	+00.7856	0001.682
+03.5194	+00.7859	0001.683
+03.5170	+00.7859	0001.684
+03.5151	+00.7859	0001.685
+03.5118	+00.7856	0001.686
+03.5087	+00.7856	0001.687
+03.5054	+00.7859	0001.688
+03.5035	+00.7856	0001.689
+03.5008	+00.7859	0001.690
+03.4986	+00.7859	0001.691
+03.4959	+00.7856	0001.692
+03.4925	+00.7856	0001.693
+03.4901	+00.7856	0001.694
+03.4874	+00.7856	0001.695
+03.4846	+00.7859	0001.696
+03.4828	+00.7859	0001.697
+03.4797	+00.7859	0001.698
+03.4773	+00.7856	0001.699
+03.4745	+00.7862	0001.700
+03.4718	+00.7859	0001.701
+03.4697	+00.7853	0001.702
+03.4660	+00.7853	0001.703
+03.4636	+00.7859	0001.704
+03.4605	+00.7859	0001.705
+03.4581	+00.7853	0001.706
+03.4556	+00.7859	0001.707
+03.4526	+00.7862	0001.708
+03.4501	+00.7853	0001.709
+03.4483	+00.7856	0001.710
+03.4449	+00.7856	0001.711
+03.4425	+00.7856	0001.712
+03.4401	+00.7856	0001.713
+03.4364	+00.7856	0001.714
+03.4340	+00.7856	0001.715
+03.4318	+00.7853	0001.716
+03.4285	+00.7856	0001.717
+03.4266	+00.7853	0001.718
+03.4233	+00.7856	0001.719
+03.4208	+00.7853	0001.720
+03.4178	+00.7859	0001.721
+03.4153	+00.7853	0001.722
+03.4126	+00.7853	0001.723
+03.4105	+00.7859	0001.724
+03.4074	+00.7856	0001.725
+03.4050	+00.7856	0001.726
+03.4019	+00.7853	0001.727
+03.4001	+00.7856	0001.728
+03.3964	+00.7859	0001.729
+03.3934	+00.7856	0001.730
+03.3915	+00.7856	0001.731
+03.3888	+00.7859	0001.732
+03.3863	+00.7853	0001.733
+03.3833	+00.7849	0001.734
+03.3812	+00.7849	0001.735
+03.3778	+00.7853	0001.736
+03.3757	+00.7849	0001.737
+03.3732	+00.7853	0001.738
+03.3702	+00.7856	0001.739
+03.3674	+00.7856	0001.740
+03.3644	+00.7853	0001.741
+03.3619	+00.7853	0001.742
+03.3595	+00.7853	0001.743
+03.3558	+00.7853	0001.744
+03.3540	+00.7856	0001.745
+03.3516	+00.7849	0001.746
+03.3488	+00.7853	0001.747
+03.3464	+00.7853	0001.748
+03.3427	+00.7856	0001.749
+03.3412	+00.7846	0001.750
+03.3384	+00.7856	0001.751
+03.3354	+00.7853	0001.752
+03.3326	+00.7853	0001.753
+03.3302	+00.7853	0001.754
+03.3271	+00.7853	0001.755
+03.3244	+00.7853	0001.756
+03.3216	+00.7853	0001.757
+03.3186	+00.7856	0001.758
+03.3162	+00.7849	0001.759
+03.3143	+00.7853	0001.760
+03.3119	+00.7849	0001.761
+03.3088	+00.7853	0001.762
+03.3061	+00.7853	0001.763
+03.3027	+00.7849	0001.764
+03.3003	+00.7856	0001.765
+03.2975	+00.7853	0001.766
+03.2951	+00.7853	0001.767
+03.2920	+00.7853	0001.768
+03.2902	+00.7853	0001.769
+03.2872	+00.7853	0001.770
+03.2850	+00.7853	0001.771
+03.2817	+00.7853	0001.772
+03.2789	+00.7853	0001.773
+03.2762	+00.7849	0001.774
+03.2740	+00.7849	0001.775
+03.2710	+00.7849	0001.776
+03.2689	+00.7846	0001.777
+03.2664	+00.7849	0001.778
+03.2631	+00.7856	0001.779
+03.2606	+00.7849	0001.780
+03.2576	+00.7849	0001.781
+03.2554	+00.7849	0001.782
+03.2527	+00.7849	0001.783
+03.2499	+00.7846	0001.784
+03.2469	+00.7853	0001.785
+03.2441	+00.7853	0001.786
+03.2420	+00.7849	0001.787
+03.2396	+00.7849	0001.788
+03.2365	+00.7846	0001.789
+03.2341	+00.7849	0001.790
+03.2313	+00.7849	0001.791
+03.2289	+00.7849	0001.792
+03.2261	+00.7849	0001.793
+03.2225	+00.7849	0001.794
+03.2206	+00.7849	0001.795
+03.2176	+00.7853	0001.796
+03.2151	+00.7849	0001.797
+03.2127	+00.7843	0001.798
+03.2100	+00.7853	0001.799
+03.2075	+00.7853	0001.800
+03.2051	+00.7849	0001.801
+03.2023	+00.7849	0001.802
+03.1990	+00.7846	0001.803
+03.1968	+00.7853	0001.804
+03.1938	+00.7849	0001.805
+03.1913	+00.7849	0001.806
+03.1892	+00.7846	0001.807
+03.1861	+00.7849	0001.808
+03.1828	+00.7849	0001.809
+03.1804	+00.7849	0001.810
+03.1776	+00.7846	0001.811
+03.1749	+00.7846	0001.812
+03.1727	+00.7853	0001.813
+03.1700	+00.7849	0001.814
+03.1672	+00.7846	0001.815
+03.1645	+00.7853	0001.816
+03.1617	+00.7846	0001.817
+03.1596	+00.7849	0001.818
+03.1562	+00.7846	0001.819
+03.1538	+00.7846	0001.820
+03.1511	+00.7849	0001.821
+03.1489	+00.7846	0001.822
+03.1456	+00.7846	0001.823
+03.1431	+00.7849	0001.824
+03.1395	+00.7843	0001.825
+03.1385	+00.7846	0001.826
+03.1352	+00.7853	0001.827
+03.1321	+00.7849	0001.828
+03.1297	+00.7846	0001.829
+03.1269	+00.7846	0001.830
+03.1242	+00.7846	0001.831
+03.1218	+00.7849	0001.832
+03.1190	+00.7846	0001.833
+03.1160	+00.7846	0001.834
+03.1138	+00.7846	0001.835
+03.1114	+00.7843	0001.836
+03.1086	+00.7846	0001.837
+03.1062	+00.7849	0001.838
+03.1028	+00.7849	0001.839
+03.1001	+00.7846	0001.840
+03.0983	+00.7846	0001.841
+03.0952	+00.7849	0001.842
+03.0925	+00.7846	0001.843
+03.0897	+00.7846	0001.844
+03.0870	+00.7846	0001.845
+03.0845	+00.7843	0001.846
+03.0815	+00.7846	0001.847
+03.0790	+00.7846	0001.848
+03.0763	+00.7846	0001.849
+03.0735	+00.7846	0001.850
+03.0708	+00.7843	0001.851
+03.0680	+00.7849	0001.852
+03.0659	+00.7846	0001.853
+03.0626	+00.7843	0001.854
+03.0601	+00.7846	0001.855
+03.0574	+00.7843	0001.856
+03.0552	+00.7843	0001.857
+03.0516	+00.7843	0001.858
+03.0494	+00.7846	0001.859
+03.0473	+00.7846	0001.860
+03.0439	+00.7843	0001.861
+03.0412	+00.7843	0001.862
+03.0387	+00.7843	0001.863
+03.0363	+00.7843	0001.864
+03.0333	+00.7843	0001.865
+03.0311	+00.7843	0001.866
+03.0281	+00.7846	0001.867
+03.0259	+00.7846	0001.868
+03.0223	+00.7846	0001.869
+03.0201	+00.7846	0001.870
+03.0177	+00.7843	0001.871
+03.0156	+00.7843	0001.872
+03.0125	+00.7840	0001.873
+03.0098	+00.7840	0001.874
+03.0070	+00.7843	0001.875
+03.0046	+00.7846	0001.876
+03.0015	+00.7840	0001.877
+02.9985	+00.7843	0001.878
+02.9966	+00.7840	0001.879
+02.9936	+00.7846	0001.880
+02.9908	+00.7843	0001.881
+02.9878	+00.7846	0001.882
+02.9853	+00.7843	0001.883
+02.9823	+00.7846	0001.884
+02.9795	+00.7843	0001.885
+02.9771	+00.7834	0001.886
+02.9750	+00.7843	0001.887
+02.9722	+00.7840	0001.888
+02.9698	+00.7843	0001.889
+02.9670	+00.7840	0001.890
+02.9646	+00.7840	0001.891
+02.9621	+00.7843	0001.892
+02.9582	+00.7840	0001.893
+02.9557	+00.7843	0001.894
+02.9533	+00.7840	0001.895
+02.9506	+00.7846	0001.896
+02.9481	+00.7843	0001.897
+02.9457	+00.7843	0001.898
+02.9426	+00.7837	0001.899
+02.9402	+00.7840	0001.900
+02.9377	+00.7840	0001.901
+02.9350	+00.7837	0001.902
+02.9313	+00.7837	0001.903
+02.9298	+00.7840	0001.904
+02.9271	+00.7843	0001.905
+02.9252	+00.7837	0001.906
+02.9219	+00.7840	0001.907
+02.9188	+00.7843	0001.908
+02.9161	+00.7837	0001.909
+02.9136	+00.7843	0001.910
+02.9112	+00.7840	0001.911
+02.9084	+00.7837	0001.912
+02.9048	+00.7843	0001.913
+02.9029	+00.7840	0001.914
+02.9002	+00.7840	0001.915
+02.8968	+00.7840	0001.916
+02.8944	+00.7843	0001.917
+02.8920	+00.7840	0001.918
+02.8898	+00.7840	0001.919
+02.8868	+00.7837	0001.920
+02.8843	+00.7837	0001.921
+02.8816	+00.7840	0001.922
+02.8788	+00.7837	0001.923
+02.8761	+00.7840	0001.924
+02.8740	+00.7840	0001.925
+02.8703	+00.7840	0001.926
+02.8675	+00.7837	0001.927
+02.8654	+00.7834	0001.928
+02.8624	+00.7837	0001.929
+02.8599	+00.7834	0001.930
+02.8569	+00.7834	0001.931
+02.8547	+00.7840	0001.932
+02.8520	+00.7837	0001.933
+02.8495	+00.7831	0001.934
+02.8465	+00.7840	0001.935
+02.8437	+00.7840	0001.936
+02.8413	+00.7840	0001.937
+02.8386	+00.7837	0001.938
+02.8355	+00.7837	0001.939
+02.8334	+00.7837	0001.940
+02.8306	+00.7837	0001.941
+02.8282	+00.7837	0001.942
+02.8254	+00.7837	0001.943
+02.8233	+00.7837	0001.944
+02.8205	+00.7840	0001.945
+02.8175	+00.7837	0001.946
+02.8144	+00.7837	0001.947
+02.8120	+00.7840	0001.948
+02.8096	+00.7834	0001.949
+02.8062	+00.7837	0001.950
+02.8032	+00.7837	0001.951
+02.8013	+00.7831	0001.952
+02.7986	+00.7837	0001.953
+02.7958	+00.7837	0001.954
+02.7928	+00.7834	0001.955
+02.7906	+00.7834	0001.956
+02.7876	+00.7837	0001.957
+02.7851	+00.7828	0001.958
+02.7821	+00.7834	0001.959
+02.7803	+00.7837	0001.960
+02.7769	+00.7834	0001.961
+02.7739	+00.7834	0001.962
+02.7720	+00.7831	0001.963
+02.7690	+00.7831	0001.964
+02.7659	+00.7834	0001.965
+02.7638	+00.7834	0001.966
+02.7613	+00.7834	0001.967
+02.7583	+00.7834	0001.968
+02.7552	+00.7837	0001.969
+02.7531	+00.7834	0001.970
+02.7504	+00.7837	0001.971
+02.7476	+00.7831	0001.972
+02.7449	+00.7834	0001.973
+02.7421	+00.7831	0001.974
+02.7400	+00.7831	0001.975
+02.7375	+00.7834	0001.976
+02.7339	+00.7831	0001.977
+02.7317	+00.7834	0001.978
+02.7290	+00.7834	0001.979
+02.7259	+00.7834	0001.980
+02.7238	+00.7834	0001.981
+02.7214	+00.7834	0001.982
+02.7183	+00.7837	0001.983
+02.7156	+00.7840	0001.984
+02.7128	+00.7837	0001.985
+02.7104	+00.7834	0001.986
+02.7073	+00.7834	0001.987
+02.7046	+00.7834	0001.988
+02.7018	+00.7834	0001.989
+02.7000	+00.7834	0001.990
+02.6973	+00.7831	0001.991
+02.6945	+00.7834	0001.992
+02.6918	+00.7834	0001.993
+02.6893	+00.7828	0001.994
+02.6863	+00.7834	0001.995
+02.6835	+00.7831	0001.996
+02.6808	+00.7831	0001.997
+02.6783	+00.7831	0001.998
+02.6756	+00.7828	0001.999
+02.6722	+00.7831	0002.000
+02.6698	+00.7834	0002.001
+02.6677	+00.7834	0002.002
+02.6652	+00.7831	0002.003
+02.6622	+00.7831	0002.004
+02.6600	+00.7831	0002.005
+02.6570	+00.7831	0002.006
+02.6539	+00.7831	0002.007
+02.6518	+00.7828	0002.008
+02.6487	+00.7834	0002.009
+02.6463	+00.7831	0002.010
+02.6432	+00.7828	0002.011
+02.6411	+00.7831	0002.012
+02.6384	+00.7831	0002.013
+02.6359	+00.7828	0002.014
+02.6332	+00.7831	0002.015
+02.6304	+00.7831	0002.016
+02.6280	+00.7831	0002.017
+02.6249	+00.7831	0002.018
+02.6228	+00.7828	0002.019
+02.6194	+00.7831	0002.020
+02.6176	+00.7831	0002.021
+02.6139	+00.7828	0002.022
+02.6115	+00.7834	0002.023
+02.6091	+00.7828	0002.024
+02.6060	+00.7831	0002.025
+02.6033	+00.7825	0002.026
+02.6008	+00.7828	0002.027
+02.5978	+00.7828	0002.028
+02.5959	+00.7825	0002.029
+02.5929	+00.7828	0002.030
+02.5901	+00.7825	0002.031
+02.5874	+00.7825	0002.032
+02.5850	+00.7828	0002.033
+02.5819	+00.7828	0002.034
+02.5795	+00.7831	0002.035
+02.5773	+00.7828	0002.036
+02.5743	+00.7828	0002.037
+02.5715	+00.7828	0002.038
+02.5691	+00.7831	0002.039
+02.5657	+00.7828	0002.040
+02.5636	+00.7828	0002.041
+02.5611	+00.7825	0002.042
+02.5587	+00.7828	0002.043
+02.5560	+00.7828	0002.044
+02.5529	+00.7828	0002.045
+02.5505	+00.7831	0002.046
+02.5477	+00.7825	0002.047
+02.5450	+00.7828	0002.048
+02.5422	+00.7825	0002.049
+02.5395	+00.7822	0002.050
+02.5367	+00.7822	0002.051
+02.5343	+00.7828	0002.052
+02.5315	+00.7828	0002.053
+02.5291	+00.7822	0002.054
+02.5257	+00.7825	0002.055
+02.5236	+00.7828	0002.056
+02.5212	+00.7825	0002.057
+02.5181	+00.7822	0002.058
+02.5151	+00.7825	0002.059
+02.5126	+00.7825	0002.060
+02.5102	+00.7822	0002.061
+02.5080	+00.7825	0002.062
+02.5053	+00.7822	0002.063
+02.5019	+00.7825	0002.064
+02.4992	+00.7825	0002.065
+02.4968	+00.7822	0002.066
+02.4940	+00.7825	0002.067
+02.4910	+00.7828	0002.068
+02.4882	+00.7828	0002.069
+02.4867	+00.7828	0002.070
+02.4842	+00.7822	0002.071
+02.4803	+00.7825	0002.072
+02.4778	+00.7825	0002.073
+02.4760	+00.7825	0002.074
+02.4730	+00.7822	0002.075
+02.4702	+00.7822	0002.076
+02.4672	+00.7825	0002.077
+02.4644	+00.7819	0002.078
+02.4620	+00.7828	0002.079
+02.4592	+00.7822	0002.080
+02.4574	+00.7822	0002.081
+02.4540	+00.7822	0002.082
+02.4516	+00.7822	0002.083
+02.4485	+00.7822	0002.084
+02.4461	+00.7822	0002.085
+02.4430	+00.7828	0002.086
+02.4400	+00.7822	0002.087
+02.4372	+00.7822	0002.088
+02.4354	+00.7822	0002.089
+02.4327	+00.7822	0002.090
+02.4302	+00.7825	0002.091
+02.4272	+00.7816	0002.092
+02.4247	+00.7825	0002.093
+02.4217	+00.7822	0002.094
+02.4199	+00.7822	0002.095
+02.4162	+00.7822	0002.096
+02.4144	+00.7819	0002.097
+02.4110	+00.7822	0002.098
+02.4086	+00.7822	0002.099
+02.4058	+00.7822	0002.100
+02.4037	+00.7825	0002.101
+02.4009	+00.7822	0002.102
+02.3976	+00.7825	0002.103
+02.3948	+00.7822	0002.104
+02.3927	+00.7822	0002.105
+02.3903	+00.7819	0002.106
+02.3872	+00.7822	0002.107
+02.3848	+00.7822	0002.108
+02.3823	+00.7822	0002.109
+02.3793	+00.7816	0002.110
+02.3765	+00.7822	0002.111
+02.3741	+00.7822	0002.112
+02.3713	+00.7822	0002.113
+02.3683	+00.7822	0002.114
+02.3655	+00.7822	0002.115
+02.3637	+00.7819	0002.116
+02.3600	+00.7816	0002.117
+02.3579	+00.7822	0002.118
+02.3549	+00.7819	0002.119
+02.3524	+00.7819	0002.120
+02.3491	+00.7816	0002.121
+02.3466	+00.7822	0002.122
+02.3445	+00.7816	0002.123
+02.3417	+00.7819	0002.124
+02.3390	+00.7822	0002.125
+02.3365	+00.7819	0002.126
+02.3344	+00.7816	0002.127
+02.3317	+00.7819	0002.128
+02.3283	+00.7819	0002.129
+02.3262	+00.7822	0002.130
+02.3237	+00.7816	0002.131
+02.3207	+00.7816	0002.132
+02.3179	+00.7819	0002.133
+02.3146	+00.7816	0002.134
+02.3130	+00.7816	0002.135
+02.3100	+00.7819	0002.136
+02.3072	+00.7819	0002.137
+02.3045	+00.7816	0002.138
+02.3021	+00.7813	0002.139
+02.2987	+00.7819	0002.140
+02.2966	+00.7819	0002.141
+02.2935	+00.7819	0002.142
+02.2908	+00.7816	0002.143
+02.2886	+00.7816	0002.144
+02.2853	+00.7819	0002.145
+02.2834	+00.7819	0002.146
+02.2807	+00.7816	0002.147
+02.2776	+00.7816	0002.148
+02.2746	+00.7819	0002.149
+02.2725	+00.7816	0002.150
+02.2697	+00.7819	0002.151
+02.2667	+00.7816	0002.152
+02.2651	+00.7816	0002.153
+02.2621	+00.7813	0002.154
+02.2587	+00.7816	0002.155
+02.2563	+00.7819	0002.156
+02.2538	+00.7816	0002.157
+02.2511	+00.7816	0002.158
+02.2480	+00.7816	0002.159
+02.2459	+00.7819	0002.160
+02.2429	+00.7810	0002.161
+02.2407	+00.7816	0002.162
+02.2374	+00.7816	0002.163
+02.2352	+00.7816	0002.164
+02.2319	+00.7816	0002.165
+02.2300	+00.7813	0002.166
+02.2264	+00.7810	0002.167
+02.2245	+00.7813	0002.168
+02.2221	+00.7816	0002.169
+02.2190	+00.7816	0002.170
+02.2166	+00.7816	0002.171
+02.2136	+00.7813	0002.172
+02.2108	+00.7813	0002.173
+02.2084	+00.7816	0002.174
+02.2056	+00.7813	0002.175
+02.2029	+00.7816	0002.176
+02.2004	+00.7810	0002.177
+02.1977	+00.7816	0002.178
+02.1952	+00.7813	0002.179
+02.1925	+00.7813	0002.180
+02.1904	+00.7810	0002.181
+02.1873	+00.7813	0002.182
+02.1843	+00.7810	0002.183
+02.1815	+00.7816	0002.184
+02.1794	+00.7813	0002.185
+02.1763	+00.7810	0002.186
+02.1733	+00.7813	0002.187
+02.1711	+00.7810	0002.188
+02.1684	+00.7813	0002.189
+02.1659	+00.7813	0002.190
+02.1626	+00.7810	0002.191
+02.1608	+00.7810	0002.192
+02.1580	+00.7810	0002.193
+02.1550	+00.7807	0002.194
+02.1519	+00.7810	0002.195
+02.1495	+00.7813	0002.196
+02.1464	+00.7810	0002.197
+02.1446	+00.7816	0002.198
+02.1418	+00.7810	0002.199
+02.1391	+00.7807	0002.200
+02.1357	+00.7810	0002.201
+02.1333	+00.7810	0002.202
+02.1312	+00.7816	0002.203
+02.1275	+00.7813	0002.204
+02.1254	+00.7810	0002.205
+02.1229	+00.7816	0002.206
+02.1202	+00.7813	0002.207
+02.1177	+00.7807	0002.208
+02.1147	+00.7810	0002.209
+02.1122	+00.7810	0002.210
+02.1095	+00.7810	0002.211
+02.1067	+00.7810	0002.212
+02.1043	+00.7810	0002.213
+02.1016	+00.7810	0002.214
+02.0985	+00.7807	0002.215
+02.0958	+00.7810	0002.216
+02.0933	+00.7810	0002.217
+02.0909	+00.7813	0002.218
+02.0881	+00.7810	0002.219
+02.0857	+00.7807	0002.220
+02.0832	+00.7810	0002.221
+02.0799	+00.7810	0002.222
+02.0781	+00.7810	0002.223
+02.0750	+00.7813	0002.224
+02.0723	+00.7804	0002.225
+02.0695	+00.7810	0002.226
+02.0671	+00.7807	0002.227
+02.0640	+00.7807	0002.228
+02.0610	+00.7807	0002.229
+02.0585	+00.7807	0002.230
+02.0564	+00.7807	0002.231
+02.0536	+00.7807	0002.232
+02.0509	+00.7807	0002.233
+02.0491	+00.7807	0002.234
+02.0454	+00.7801	0002.235
+02.0424	+00.7810	0002.236
+02.0402	+00.7807	0002.237
+02.0372	+00.7807	0002.238
+02.0347	+00.7804	0002.239
+02.0317	+00.7810	0002.240
+02.0295	+00.7804	0002.241
+02.0265	+00.7810	0002.242
+02.0240	+00.7810	0002.243
+02.0213	+00.7810	0002.244
+02.0185	+00.7804	0002.245
+02.0164	+00.7810	0002.246
+02.0140	+00.7807	0002.247
+02.0109	+00.7804	0002.248
+02.0076	+00.7807	0002.249
+02.0057	+00.7804	0002.250
+02.0027	+00.7807	0002.251
+01.9996	+00.7801	0002.252
+01.9978	+00.7807	0002.253
+01.9947	+00.7804	0002.254
+01.9920	+00.7804	0002.255
+01.9896	+00.7804	0002.256
+01.9865	+00.7807	0002.257
+01.9847	+00.7804	0002.258
+01.9813	+00.7801	0002.259
+01.9792	+00.7804	0002.260
+01.9764	+00.7804	0002.261
+01.9734	+00.7804	0002.262
+01.9712	+00.7804	0002.263
+01.9679	+00.7804	0002.264
+01.9658	+00.7804	0002.265
+01.9627	+00.7804	0002.266
+01.9596	+00.7801	0002.267
+01.9572	+00.7804	0002.268
+01.9545	+00.7804	0002.269
+01.9520	+00.7804	0002.270
+01.9490	+00.7801	0002.271
+01.9465	+00.7801	0002.272
+01.9438	+00.7801	0002.273
+01.9413	+00.7804	0002.274
+01.9386	+00.7804	0002.275
+01.9368	+00.7804	0002.276
+01.9337	+00.7801	0002.277
+01.9304	+00.7801	0002.278
+01.9279	+00.7804	0002.279
+01.9249	+00.7801	0002.280
+01.9224	+00.7801	0002.281
+01.9200	+00.7801	0002.282
+01.9169	+00.7798	0002.283
+01.9142	+00.7801	0002.284
+01.9123	+00.7804	0002.285
+01.9096	+00.7801	0002.286
+01.9069	+00.7801	0002.287
+01.9035	+00.7801	0002.288
+01.9011	+00.7804	0002.289
+01.8986	+00.7801	0002.290
+01.8953	+00.7801	0002.291
+01.8937	+00.7798	0002.292
+01.8904	+00.7801	0002.293
+01.8876	+00.7801	0002.294
+01.8858	+00.7795	0002.295
+01.8824	+00.7798	0002.296
+01.8797	+00.7801	0002.297
+01.8773	+00.7795	0002.298
+01.8748	+00.7798	0002.299
+01.8721	+00.7801	0002.300
+01.8693	+00.7798	0002.301
+01.8660	+00.7801	0002.302
+01.8641	+00.7801	0002.303
+01.8614	+00.7798	0002.304
+01.8586	+00.7798	0002.305
+01.8556	+00.7795	0002.306
+01.8534	+00.7795	0002.307
+01.8510	+00.7795	0002.308
+01.8480	+00.7795	0002.309
+01.8449	+00.7798	0002.310
+01.8422	+00.7798	0002.311
+01.8403	+00.7798	0002.312
+01.8367	+00.7804	0002.313
+01.8348	+00.7798	0002.314
+01.8321	+00.7795	0002.315
+01.8293	+00.7798	0002.316
+01.8263	+00.7798	0002.317
+01.8241	+00.7801	0002.318
+01.8217	+00.7792	0002.319
+01.8190	+00.7801	0002.320
+01.8153	+00.7798	0002.321
+01.8129	+00.7798	0002.322
+01.8101	+00.7798	0002.323
+01.8077	+00.7795	0002.324
+01.8052	+00.7795	0002.325
+01.8022	+00.7795	0002.326
+01.7997	+00.7792	0002.327
+01.7973	+00.7801	0002.328
+01.7945	+00.7798	0002.329
+01.7921	+00.7792	0002.330
+01.7894	+00.7798	0002.331
+01.7863	+00.7798	0002.332
+01.7833	+00.7795	0002.333
+01.7814	+00.7798	0002.334
+01.7787	+00.7792	0002.335
+01.7762	+00.7792	0002.336
+01.7732	+00.7795	0002.337
+01.7701	+00.7795	0002.338
+01.7680	+00.7792	0002.339
+01.7646	+00.7792	0002.340
+01.7628	+00.7792	0002.341
+01.7598	+00.7795	0002.342
+01.7573	+00.7798	0002.343
+01.7540	+00.7798	0002.344
+01.7518	+00.7798	0002.345
+01.7491	+00.7792	0002.346
+01.7463	+00.7798	0002.347
+01.7439	+00.7792	0002.348
+01.7411	+00.7795	0002.349
+01.7381	+00.7792	0002.350
+01.7363	+00.7795	0002.351
+01.7329	+00.7795	0002.352
+01.7308	+00.7792	0002.353
+01.7274	+00.7795	0002.354
+01.7253	+00.7792	0002.355
+01.7225	+00.7792	0002.356
+01.7201	+00.7792	0002.357
+01.7173	+00.7792	0002.358
+01.7140	+00.7792	0002.359
+01.7121	+00.7792	0002.360
+01.7097	+00.7792	0002.361
+01.7060	+00.7792	0002.362
+01.7033	+00.7792	0002.363
+01.7012	+00.7795	0002.364
+01.6987	+00.7788	0002.365
+01.6954	+00.7792	0002.366
+01.6929	+00.7785	0002.367
+01.6905	+00.7795	0002.368
+01.6874	+00.7785	0002.369
+01.6850	+00.7792	0002.370
+01.6819	+00.7792	0002.371
+01.6801	+00.7792	0002.372
+01.6771	+00.7788	0002.373
+01.6740	+00.7788	0002.374
+01.6719	+00.7788	0002.375
+01.6694	+00.7792	0002.376
+01.6664	+00.7788	0002.377
+01.6633	+00.7792	0002.378
+01.6615	+00.7788	0002.379
+01.6584	+00.7788	0002.380
+01.6554	+00.7788	0002.381
+01.6533	+00.7785	0002.382
+01.6508	+00.7788	0002.383
+01.6471	+00.7785	0002.384
+01.6450	+00.7785	0002.385
+01.6423	+00.7788	0002.386
+01.6398	+00.7782	0002.387
+01.6368	+00.7788	0002.388
+01.6346	+00.7785	0002.389
+01.6316	+00.7785	0002.390
+01.6285	+00.7792	0002.391
+01.6258	+00.7785	0002.392
+01.6236	+00.7788	0002.393
+01.6209	+00.7788	0002.394
+01.6188	+00.7788	0002.395
+01.6160	+00.7782	0002.396
+01.6124	+00.7788	0002.397
+01.6108	+00.7785	0002.398
+01.6075	+00.7785	0002.399
+01.6047	+00.7785	0002.400
+01.6023	+00.7785	0002.401
+01.5998	+00.7785	0002.402
+01.5971	+00.7785	0002.403
+01.5944	+00.7785	0002.404
+01.5913	+00.7785	0002.405
+01.5889	+00.7785	0002.406
+01.5864	+00.7788	0002.407
+01.5834	+00.7785	0002.408
+01.5812	+00.7785	0002.409
+01.5782	+00.7785	0002.410
+01.5757	+00.7785	0002.411
+01.5724	+00.7782	0002.412
+01.5699	+00.7785	0002.413
+01.5675	+00.7785	0002.414
+01.5651	+00.7785	0002.415
+01.5617	+00.7785	0002.416
+01.5593	+00.7779	0002.417
+01.5568	+00.7785	0002.418
+01.5544	+00.7776	0002.419
+01.5507	+00.7782	0002.420
+01.5492	+00.7788	0002.421
+01.5461	+00.7785	0002.422
+01.5434	+00.7782	0002.423
+01.5403	+00.7779	0002.424
+01.5385	+00.7782	0002.425
+01.5351	+00.7785	0002.426
+01.5327	+00.7785	0002.427
+01.5300	+00.7785	0002.428
+01.5272	+00.7779	0002.429
+01.5251	+00.7782	0002.430
+01.5217	+00.7782	0002.431
+01.5190	+00.7779	0002.432
+01.5165	+00.7782	0002.433
+01.5138	+00.7782	0002.434
+01.5113	+00.7782	0002.435
+01.5086	+00.7773	0002.436
+01.5062	+00.7779	0002.437
+01.5034	+00.7779	0002.438
+01.5004	+00.7782	0002.439
+01.4976	+00.7782	0002.440
+01.4958	+00.7773	0002.441
+01.4927	+00.7779	0002.442
+01.4897	+00.7776	0002.443
+01.4872	+00.7776	0002.444
+01.4851	+00.7779	0002.445
+01.4817	+00.7782	0002.446
+01.4790	+00.7779	0002.447
+01.4769	+00.7782	0002.448
+01.4735	+00.7779	0002.449
+01.4714	+00.7779	0002.450
+01.4686	+00.7779	0002.451
+01.4662	+00.7779	0002.452
+01.4634	+00.7776	0002.453
+01.4607	+00.7782	0002.454
+01.4579	+00.7776	0002.455
+01.4552	+00.7779	0002.456
+01.4524	+00.7782	0002.457
+01.4500	+00.7779	0002.458
+01.4466	+00.7773	0002.459
+01.4448	+00.7779	0002.460
+01.4421	+00.7776	0002.461
+01.4390	+00.7776	0002.462
+01.4363	+00.7773	0002.463
+01.4341	+00.7773	0002.464
+01.4314	+00.7779	0002.465
+01.4286	+00.7779	0002.466
+01.4262	+00.7779	0002.467
+01.4231	+00.7776	0002.468
+01.4204	+00.7776	0002.469
+01.4177	+00.7773	0002.470
+01.4152	+00.7773	0002.471
+01.4128	+00.7776	0002.472
+01.4094	+00.7776	0002.473
+01.4073	+00.7773	0002.474
+01.4048	+00.7776	0002.475
+01.4018	+00.7773	0002.476
+01.3993	+00.7776	0002.477
+01.3963	+00.7773	0002.478
+01.3942	+00.7773	0002.479
+01.3914	+00.7776	0002.480
+01.3884	+00.7776	0002.481
+01.3859	+00.7773	0002.482
+01.3829	+00.7776	0002.483
+01.3801	+00.7773	0002.484
+01.3780	+00.7776	0002.485
+01.3755	+00.7770	0002.486
+01.3731	+00.7773	0002.487
+01.3697	+00.7776	0002.488
+01.3670	+00.7773	0002.489
+01.3646	+00.7773	0002.490
+01.3615	+00.7776	0002.491
+01.3591	+00.7776	0002.492
+01.3563	+00.7776	0002.493
+01.3542	+00.7773	0002.494
+01.3511	+00.7773	0002.495
+01.3487	+00.7773	0002.496
+01.3453	+00.7773	0002.497
+01.3432	+00.7767	0002.498
+01.3404	+00.7773	0002.499
+01.3380	+00.7773	0002.500
+01.3346	+00.7770	0002.501
+01.3328	+00.7773	0002.502
+01.3298	+00.7767	0002.503
+01.3270	+00.7773	0002.504
+01.3246	+00.7770	0002.505
+01.3212	+00.7767	0002.506
+01.3188	+00.7770	0002.507
+01.3166	+00.7773	0002.508
+01.3142	+00.7770	0002.509
+01.3108	+00.7767	0002.510
+01.3078	+00.7767	0002.511
+01.3054	+00.7767	0002.512
+01.3032	+00.7773	0002.513
+01.3005	+00.7767	0002.514
+01.2977	+00.7767	0002.515
+01.2953	+00.7770	0002.516
+01.2922	+00.7770	0002.517
+01.2898	+00.7770	0002.518
+01.2873	+00.7770	0002.519
+01.2843	+00.7773	0002.520
+01.2819	+00.7767	0002.521
+01.2788	+00.7770	0002.522
+01.2767	+00.7767	0002.523
+01.2742	+00.7764	0002.524
+01.2709	+00.7770	0002.525
+01.2687	+00.7767	0002.526
+01.2654	+00.7770	0002.527
+01.2632	+00.7767	0002.528
+01.2602	+00.7767	0002.529
+01.2574	+00.7764	0002.530
+01.2547	+00.7764	0002.531
+01.2523	+00.7764	0002.532
+01.2498	+00.7767	0002.533
+01.2474	+00.7764	0002.534
+01.2440	+00.7767	0002.535
+01.2422	+00.7773	0002.536
+01.2391	+00.7767	0002.537
+01.2367	+00.7764	0002.538
+01.2342	+00.7767	0002.539
+01.2309	+00.7767	0002.540
+01.2284	+00.7767	0002.541
+01.2254	+00.7767	0002.542
+01.2230	+00.7770	0002.543
+01.2205	+00.7764	0002.544
+01.2178	+00.7764	0002.545
+01.2147	+00.7764	0002.546
+01.2126	+00.7764	0002.547
+01.2092	+00.7764	0002.548
+01.2071	+00.7767	0002.549
+01.2037	+00.7761	0002.550
+01.2016	+00.7764	0002.551
+01.1991	+00.7764	0002.552
+01.1964	+00.7761	0002.553
+01.1937	+00.7767	0002.554
+01.1912	+00.7761	0002.555
+01.1882	+00.7764	0002.556
+01.1860	+00.7761	0002.557
+01.1827	+00.7761	0002.558
+01.1802	+00.7761	0002.559
+01.1775	+00.7764	0002.560
+01.1750	+00.7758	0002.561
+01.1723	+00.7761	0002.562
+01.1695	+00.7758	0002.563
+01.1674	+00.7761	0002.564
+01.1641	+00.7761	0002.565
+01.1616	+00.7764	0002.566
+01.1592	+00.7761	0002.567
+01.1561	+00.7764	0002.568
+01.1537	+00.7761	0002.569
+01.1512	+00.7761	0002.570
+01.1482	+00.7755	0002.571
+01.1460	+00.7761	0002.572
+01.1424	+00.7758	0002.573
+01.1399	+00.7758	0002.574
+01.1375	+00.7758	0002.575
+01.1351	+00.7761	0002.576
+01.1320	+00.7761	0002.577
+01.1299	+00.7761	0002.578
+01.1268	+00.7761	0002.579
+01.1244	+00.7755	0002.580
+01.1213	+00.7758	0002.581
+01.1189	+00.7761	0002.582
+01.1161	+00.7758	0002.583
+01.1134	+00.7758	0002.584
+01.1110	+00.7755	0002.585
+01.1082	+00.7758	0002.586
+01.1058	+00.7755	0002.587
+01.1027	+00.7755	0002.588
+01.1000	+00.7758	0002.589
+01.0969	+00.7755	0002.590
+01.0948	+00.7764	0002.591
+01.0920	+00.7752	0002.592
+01.0899	+00.7758	0002.593
+01.0868	+00.7755	0002.594
+01.0838	+00.7758	0002.595
+01.0820	+00.7755	0002.596
+01.0789	+00.7758	0002.597
+01.0759	+00.7758	0002.598
+01.0734	+00.7755	0002.599
+01.0704	+00.7758	0002.600
+01.0679	+00.7755	0002.601
+01.0655	+00.7752	0002.602
+01.0627	+00.7758	0002.603
+01.0597	+00.7755	0002.604
+01.0572	+00.7755	0002.605
+01.0551	+00.7755	0002.606
+01.0521	+00.7755	0002.607
+01.0496	+00.7752	0002.608
+01.0469	+00.7755	0002.609
+01.0441	+00.7752	0002.610
+01.0414	+00.7755	0002.611
+01.0392	+00.7755	0002.612
+01.0356	+00.7752	0002.613
+01.0334	+00.7755	0002.614
+01.0307	+00.7755	0002.615
+01.0279	+00.7752	0002.616
+01.0252	+00.7752	0002.617
+01.0228	+00.7752	0002.618
+01.0197	+00.7749	0002.619
+01.0179	+00.7752	0002.620
+01.0145	+00.7755	0002.621
+01.0118	+00.7752	0002.622
+01.0090	+00.7749	0002.623
+01.0069	+00.7752	0002.624
+01.0044	+00.7752	0002.625
+01.0008	+00.7755	0002.626
+00.9990	+00.7752	0002.627
+00.9962	+00.7755	0002.628
+00.9935	+00.7749	0002.629
+00.9901	+00.7749	0002.630
+00.9883	+00.7752	0002.631
+00.9858	+00.7749	0002.632
+00.9828	+00.7752	0002.633
+00.9800	+00.7749	0002.634
+00.9776	+00.7752	0002.635
+00.9748	+00.7752	0002.636
+00.9718	+00.7749	0002.637
+00.9690	+00.7752	0002.638
+00.9663	+00.7752	0002.639
+00.9639	+00.7746	0002.640
+00.9611	+00.7746	0002.641
+00.9584	+00.7749	0002.642
+00.9559	+00.7746	0002.643
+00.9529	+00.7746	0002.644
+00.9504	+00.7746	0002.645
+00.9477	+00.7749	0002.646
+00.9452	+00.7746	0002.647
+00.9428	+00.7746	0002.648
+00.9394	+00.7746	0002.649
+00.9376	+00.7749	0002.650
+00.9349	+00.7749	0002.651
+00.9315	+00.7743	0002.652
+00.9288	+00.7749	0002.653
+00.9266	+00.7743	0002.654
+00.9236	+00.7749	0002.655
+00.9214	+00.7749	0002.656
+00.9184	+00.7743	0002.657
+00.9159	+00.7743	0002.658
+00.9132	+00.7749	0002.659
+00.9105	+00.7749	0002.660
+00.9077	+00.7746	0002.661
+00.9053	+00.7746	0002.662
+00.9019	+00.7743	0002.663
+00.8998	+00.7746	0002.664
+00.8973	+00.7740	0002.665
+00.8946	+00.7743	0002.666
+00.8918	+00.7743	0002.667
+00.8891	+00.7743	0002.668
+00.8870	+00.7743	0002.669
+00.8842	+00.7746	0002.670
+00.8812	+00.7740	0002.671
+00.8784	+00.7740	0002.672
+00.8760	+00.7743	0002.673
+00.8729	+00.7743	0002.674
+00.8708	+00.7743	0002.675
+00.8674	+00.7740	0002.676
+00.8656	+00.7740	0002.677
+00.8628	+00.7740	0002.678
+00.8601	+00.7740	0002.679
+00.8570	+00.7740	0002.680
+00.8543	+00.7737	0002.681
+00.8519	+00.7740	0002.682
+00.8488	+00.7746	0002.683
+00.8461	+00.7743	0002.684
+00.8439	+00.7740	0002.685
+00.8409	+00.7737	0002.686
+00.8381	+00.7737	0002.687
+00.8357	+00.7746	0002.688
+00.8332	+00.7743	0002.689
+00.8305	+00.7743	0002.690
+00.8274	+00.7740	0002.691
+00.8250	+00.7737	0002.692
+00.8220	+00.7737	0002.693
+00.8192	+00.7737	0002.694
+00.8174	+00.7737	0002.695
+00.8146	+00.7737	0002.696
+00.8119	+00.7734	0002.697
+00.8091	+00.7737	0002.698
+00.8061	+00.7737	0002.699
+00.8043	+00.7737	0002.700
+00.8009	+00.7737	0002.701
+00.7981	+00.7740	0002.702
+00.7957	+00.7734	0002.703
+00.7930	+00.7737	0002.704
+00.7902	+00.7734	0002.705
+00.7875	+00.7734	0002.706
+00.7847	+00.7734	0002.707
+00.7829	+00.7734	0002.708
+00.7795	+00.7730	0002.709
+00.7771	+00.7734	0002.710
+00.7746	+00.7737	0002.711
+00.7716	+00.7734	0002.712
+00.7692	+00.7737	0002.713
+00.7661	+00.7737	0002.714
+00.7643	+00.7734	0002.715
+00.7609	+00.7737	0002.716
+00.7579	+00.7734	0002.717
+00.7557	+00.7737	0002.718
+00.7530	+00.7730	0002.719
+00.7502	+00.7730	0002.720
+00.7478	+00.7734	0002.721
+00.7444	+00.7734	0002.722
+00.7423	+00.7730	0002.723
+00.7399	+00.7724	0002.724
+00.7371	+00.7730	0002.725
+00.7341	+00.7730	0002.726
+00.7319	+00.7737	0002.727
+00.7289	+00.7730	0002.728
+00.7264	+00.7730	0002.729
+00.7234	+00.7730	0002.730
+00.7209	+00.7727	0002.731
+00.7182	+00.7727	0002.732
+00.7158	+00.7730	0002.733
+00.7130	+00.7734	0002.734
+00.7103	+00.7727	0002.735
+00.7075	+00.7730	0002.736
+00.7048	+00.7727	0002.737
+00.7023	+00.7730	0002.738
+00.6996	+00.7727	0002.739
+00.6968	+00.7730	0002.740
+00.6944	+00.7730	0002.741
+00.6913	+00.7727	0002.742
+00.6889	+00.7727	0002.743
+00.6855	+00.7730	0002.744
+00.6834	+00.7724	0002.745
+00.6810	+00.7727	0002.746
+00.6782	+00.7727	0002.747
+00.6758	+00.7727	0002.748
+00.6727	+00.7730	0002.749
+00.6703	+00.7727	0002.750
+00.6675	+00.7721	0002.751
+00.6648	+00.7727	0002.752
+00.6623	+00.7727	0002.753
+00.6602	+00.7730	0002.754
+00.6565	+00.7727	0002.755
+00.6544	+00.7724	0002.756
+00.6517	+00.7724	0002.757
+00.6486	+00.7724	0002.758
+00.6459	+00.7721	0002.759
+00.6428	+00.7727	0002.760
+00.6413	+00.7724	0002.761
+00.6382	+00.7721	0002.762
+00.6352	+00.7721	0002.763
+00.6327	+00.7727	0002.764
+00.6303	+00.7724	0002.765
+00.6272	+00.7724	0002.766
+00.6248	+00.7724	0002.767
+00.6218	+00.7724	0002.768
+00.6196	+00.7727	0002.769
+00.6169	+00.7724	0002.770
+00.6141	+00.7721	0002.771
+00.6120	+00.7718	0002.772
+00.6086	+00.7724	0002.773
+00.6062	+00.7724	0002.774
+00.6034	+00.7718	0002.775
+00.6010	+00.7724	0002.776
+00.5983	+00.7724	0002.777
+00.5955	+00.7721	0002.778
+00.5928	+00.7721	0002.779
+00.5906	+00.7721	0002.780
+00.5876	+00.7721	0002.781
+00.5845	+00.7718	0002.782
+00.5815	+00.7718	0002.783
+00.5796	+00.7721	0002.784
+00.5766	+00.7712	0002.785
+00.5738	+00.7724	0002.786
+00.5708	+00.7721	0002.787
+00.5693	+00.7718	0002.788
+00.5662	+00.7721	0002.789
+00.5635	+00.7718	0002.790
+00.5604	+00.7718	0002.791
+00.5574	+00.7715	0002.792
+00.5555	+00.7718	0002.793
+00.5528	+00.7718	0002.794
+00.5497	+00.7718	0002.795
+00.5476	+00.7718	0002.796
+00.5449	+00.7718	0002.797
+00.5424	+00.7718	0002.798
+00.5397	+00.7718	0002.799
+00.5366	+00.7712	0002.800
+00.5336	+00.7712	0002.801
+00.5308	+00.7715	0002.802
+00.5284	+00.7715	0002.803
+00.5265	+00.7712	0002.804
+00.5238	+00.7712	0002.805
+00.5204	+00.7715	0002.806
+00.5183	+00.7712	0002.807
+00.5153	+00.7718	0002.808
+00.5125	+00.7715	0002.809
+00.5095	+00.7712	0002.810
+00.5076	+00.7709	0002.811
+00.5046	+00.7715	0002.812
+00.5024	+00.7712	0002.813
+00.4991	+00.7718	0002.814
+00.4963	+00.7715	0002.815
+00.4939	+00.7715	0002.816
+00.4914	+00.7712	0002.817
+00.4890	+00.7715	0002.818
+00.4863	+00.7712	0002.819
+00.4832	+00.7712	0002.820
+00.4805	+00.7712	0002.821
+00.4783	+00.7709	0002.822
+00.4753	+00.7709	0002.823
+00.4725	+00.7709	0002.824
+00.4701	+00.7712	0002.825
+00.4673	+00.7709	0002.826
+00.4649	+00.7706	0002.827
+00.4618	+00.7712	0002.828
+00.4588	+00.7712	0002.829
+00.4567	+00.7706	0002.830
+00.4539	+00.7709	0002.831
+00.4512	+00.7706	0002.832
+00.4481	+00.7703	0002.833
+00.4466	+00.7703	0002.834
+00.4432	+00.7706	0002.835
+00.4405	+00.7706	0002.836
+00.4377	+00.7703	0002.837
+00.4353	+00.7703	0002.838
+00.4329	+00.7703	0002.839
+00.4298	+00.7706	0002.840
+00.4274	+00.7703	0002.841
+00.4249	+00.7706	0002.842
+00.4219	+00.7706	0002.843
+00.4188	+00.7706	0002.844
+00.4167	+00.7706	0002.845
+00.4139	+00.7703	0002.846
+00.4112	+00.7703	0002.847
+00.4084	+00.7703	0002.848
+00.4057	+00.7700	0002.849
+00.4039	+00.7703	0002.850
+00.4005	+00.7700	0002.851
+00.3978	+00.7700	0002.852
+00.3953	+00.7700	0002.853
+00.3929	+00.7700	0002.854
+00.3895	+00.7703	0002.855
+00.3874	+00.7700	0002.856
+00.3849	+00.7700	0002.857
+00.3816	+00.7694	0002.858
+00.3794	+00.7694	0002.859
+00.3761	+00.7703	0002.860
+00.3743	+00.7700	0002.861
+00.3709	+00.7697	0002.862
+00.3679	+00.7697	0002.863
+00.3657	+00.7700	0002.864
+00.3636	+00.7697	0002.865
+00.3605	+00.7694	0002.866
+00.3575	+00.7697	0002.867
+00.3547	+00.7697	0002.868
+00.3526	+00.7694	0002.869
+00.3495	+00.7691	0002.870
+00.3471	+00.7697	0002.871
+00.3447	+00.7697	0002.872
+00.3416	+00.7691	0002.873
+00.3392	+00.7694	0002.874
+00.3361	+00.7697	0002.875
+00.3337	+00.7691	0002.876
+00.3306	+00.7694	0002.877
+00.3279	+00.7694	0002.878
+00.3254	+00.7694	0002.879
+00.3230	+00.7694	0002.880
+00.3202	+00.7694	0002.881
+00.3178	+00.7691	0002.882
+00.3147	+00.7691	0002.883
+00.3123	+00.7691	0002.884
+00.3099	+00.7691	0002.885
+00.3071	+00.7691	0002.886
+00.3044	+00.7688	0002.887
+00.3016	+00.7694	0002.888
+00.2989	+00.7691	0002.889
+00.2964	+00.7688	0002.890
+00.2937	+00.7688	0002.891
+00.2909	+00.7691	0002.892
+00.2885	+00.7685	0002.893
+00.2855	+00.7688	0002.894
+00.2830	+00.7688	0002.895
+00.2800	+00.7688	0002.896
+00.2772	+00.7685	0002.897
+00.2748	+00.7688	0002.898
+00.2723	+00.7688	0002.899
+00.2699	+00.7685	0002.900
+00.2665	+00.7688	0002.901
+00.2647	+00.7682	0002.902
+00.2613	+00.7682	0002.903
+00.2592	+00.7688	0002.904
+00.2565	+00.7685	0002.905
+00.2537	+00.7682	0002.906
+00.2507	+00.7682	0002.907
+00.2482	+00.7685	0002.908
+00.2458	+00.7682	0002.909
+00.2427	+00.7685	0002.910
+00.2400	+00.7685	0002.911
+00.2372	+00.7691	0002.912
+00.2345	+00.7685	0002.913
+00.2324	+00.7685	0002.914
+00.2296	+00.7682	0002.915
+00.2269	+00.7682	0002.916
+00.2238	+00.7679	0002.917
+00.2217	+00.7685	0002.918
+00.2186	+00.7679	0002.919
+00.2156	+00.7682	0002.920
+00.2137	+00.7682	0002.921
+00.2113	+00.7682	0002.922
+00.2079	+00.7676	0002.923
+00.2052	+00.7679	0002.924
+00.2031	+00.7676	0002.925
+00.2000	+00.7679	0002.926
+00.1970	+00.7672	0002.927
+00.1945	+00.7676	0002.928
+00.1921	+00.7676	0002.929
+00.1893	+00.7679	0002.930
+00.1866	+00.7676	0002.931
+00.1838	+00.7676	0002.932
+00.1814	+00.7679	0002.933
+00.1789	+00.7676	0002.934
+00.1762	+00.7669	0002.935
+00.1738	+00.7679	0002.936
+00.1707	+00.7669	0002.937
+00.1680	+00.7679	0002.938
+00.1652	+00.7676	0002.939
+00.1634	+00.7676	0002.940
+00.1600	+00.7672	0002.941
+00.1573	+00.7672	0002.942
+00.1545	+00.7672	0002.943
+00.1524	+00.7672	0002.944
+00.1493	+00.7672	0002.945
+00.1466	+00.7669	0002.946
+00.1442	+00.7669	0002.947
+00.1417	+00.7666	0002.948
+00.1390	+00.7672	0002.949
+00.1359	+00.7669	0002.950
+00.1332	+00.7672	0002.951
+00.1310	+00.7666	0002.952
+00.1280	+00.7669	0002.953
+00.1255	+00.7669	0002.954
+00.1225	+00.7669	0002.955
+00.1204	+00.7672	0002.956
+00.1176	+00.7663	0002.957
+00.1146	+00.7666	0002.958
+00.1121	+00.7666	0002.959
+00.1097	+00.7663	0002.960
+00.1066	+00.7666	0002.961
+00.1039	+00.7660	0002.962
+00.1014	+00.7666	0002.963
+00.0987	+00.7660	0002.964
+00.0956	+00.7663	0002.965
+00.0935	+00.7666	0002.966
+00.0904	+00.7666	0002.967
+00.0880	+00.7657	0002.968
+00.0856	+00.7663	0002.969
+00.0828	+00.7663	0002.970
+00.0804	+00.7663	0002.971
+00.0779	+00.7660	0002.972
+00.0746	+00.7663	0002.973
+00.0712	+00.7660	0002.974
+00.0694	+00.7660	0002.975
+00.0666	+00.7657	0002.976
+00.0636	+00.7663	0002.977
+00.0611	+00.7660	0002.978
+00.0584	+00.7657	0002.979
+00.0560	+00.7660	0002.980
+00.0532	+00.7657	0002.981
+00.0508	+00.7657	0002.982
+00.0477	+00.7657	0002.983
+00.0456	+00.7657	0002.984
+00.0425	+00.7657	0002.985
+00.0401	+00.7657	0002.986
+00.0370	+00.7657	0002.987
+00.0349	+00.7651	0002.988
+00.0315	+00.7654	0002.989
+00.0291	+00.7657	0002.990
+00.0264	+00.7654	0002.991
+00.0236	+00.7651	0002.992
+00.0209	+00.7654	0002.993
+00.0187	+00.7651	0002.994
+00.0160	+00.7657	0002.995
+00.0129	+00.7654	0002.996
+00.0105	+00.7648	0002.997
+00.0084	+00.7651	0002.998
+00.0056	+00.7651	0002.999
