R,Ohm	C,pF	Temp,C
0000000000	0000100000	+025.00
Ch1,V	Ch2,V	Time,s
-00.0005	-00.0006	0000.000
-00.0002	-00.0009	0000.001
-00.0023	-00.0009	0000.002
-00.0057	-00.0006	0000.003
-00.0081	-00.0012	0000.004
-00.0109	-00.0003	0000.005
-00.0133	-00.0009	0000.006
-00.0164	-00.0006	0000.007
-00.0188	+00.0006	0000.008
-00.0212	-00.0009	0000.009
-00.0243	-00.0012	0000.010
-00.0270	-00.0006	0000.011
-00.0295	-00.0009	0000.012
-00.0322	-00.0006	0000.013
-00.0353	-00.0012	0000.014
-00.0377	-00.0006	0000.015
-00.0402	-00.0009	0000.016
-00.0429	-00.0006	0000.017
-00.0454	-00.0009	0000.018
-00.0484	-00.0006	0000.019
-00.0505	-00.0006	0000.020
-00.0533	-00.0009	0000.021
-00.0560	-00.0012	0000.022
-00.0588	-00.0006	0000.023
-00.0615	-00.0012	0000.024
-00.0637	-00.0012	0000.025
-00.0670	-00.0009	0000.026
-00.0698	-00.0009	0000.027
-00.0719	-00.0009	0000.028
-00.0750	-00.0009	0000.029
-00.0771	-00.0009	0000.030
-00.0801	-00.0009	0000.031
-00.0829	-00.0009	0000.032
-00.0853	-00.0012	0000.033
-00.0884	-00.0009	0000.034
-00.0911	-00.0015	0000.035
-00.0933	-00.0009	0000.036
-00.0960	-00.0012	0000.037
-00.0991	-00.0015	0000.038
-00.1015	-00.0012	0000.039
-00.1043	-00.0012	0000.040
-00.1067	-00.0012	0000.041
-00.1094	-00.0015	0000.042
-00.1119	-00.0009	0000.043
-00.1149	-00.0012	0000.044
-00.1174	-00.0012	0000.045
-00.1204	-00.0015	0000.046
-00.1232	-00.0015	0000.047
-00.1256	-00.0009	0000.048
-00.1281	-00.0012	0000.049
-00.1311	-00.0009	0000.050
-00.1336	-00.0012	0000.051
-00.1360	-00.0012	0000.052
-00.1394	-00.0015	0000.053
-00.1418	-00.0012	0000.054
-00.1439	-00.0015	0000.055
-00.1467	-00.0012	0000.056
-00.1500	-00.0012	0000.057
-00.1525	-00.0012	0000.058
-00.1546	-00.0015	0000.059
-00.1574	-00.0012	0000.060
-00.1607	-00.0015	0000.061
-00.1632	-00.0012	0000.062
-00.1656	-00.0012	0000.063
-00.1686	-00.0015	0000.064
-00.1711	-00.0018	0000.065
-00.1735	-00.0018	0000.066
-00.1760	-00.0012	0000.067
-00.1790	-00.0015	0000.068
-00.1815	-00.0012	0000.069
-00.1842	-00.0015	0000.070
-00.1867	-00.0015	0000.071
-00.1897	-00.0015	0000.072
-00.1921	-00.0012	0000.073
-00.1949	-00.0015	0000.074
-00.1979	-00.0009	0000.075
-00.2001	-00.0015	0000.076
-00.2034	-00.0015	0000.077
-00.2059	-00.0018	0000.078
-00.2083	-00.0015	0000.079
-00.2114	-00.0012	0000.080
-00.2141	-00.0018	0000.081
-00.2163	-00.0015	0000.082
-00.2193	-00.0015	0000.083
-00.2221	-00.0012	0000.084
-00.2239	-00.0018	0000.085
-00.2266	-00.0012	0000.086
-00.2300	-00.0015	0000.087
-00.2327	-00.0015	0000.088
-00.2349	-00.0018	0000.089
-00.2376	-00.0015	0000.090
-00.2407	-00.0018	0000.091
-00.2431	-00.0015	0000.092
-00.2459	-00.0018	0000.093
-00.2489	-00.0015	0000.094
-00.2507	-00.0015	0000.095
-00.2538	-00.0018	0000.096
-00.2562	-00.0018	0000.097
-00.2590	-00.0015	0000.098
-00.2617	-00.0018	0000.099
-00.2645	-00.0018	0000.100
-00.2666	-00.0015	0000.101
-00.2697	-00.0018	0000.102
-00.2724	-00.0018	0000.103
-00.2752	-00.0018	0000.104
-00.2773	-00.0015	0000.105
-00.2810	-00.0018	0000.106
-00.2831	-00.0021	0000.107
-00.2858	-00.0018	0000.108
-00.2883	-00.0015	0000.109
-00.2913	-00.0015	0000.110
-00.2938	-00.0018	0000.111
-00.2962	-00.0018	0000.112
-00.2990	-00.0021	0000.113
-00.3017	-00.0021	0000.114
-00.3045	-00.0021	0000.115
-00.3066	-00.0021	0000.116
-00.3096	-00.0021	0000.117
-00.3124	-00.0015	0000.118
-00.3154	-00.0021	0000.119
-00.3182	-00.0018	0000.120
-00.3200	-00.0021	0000.121
-00.3228	-00.0018	0000.122
-00.3264	-00.0018	0000.123
-00.3280	-00.0030	0000.124
-00.3310	-00.0021	0000.125
-00.3341	-00.0021	0000.126
-00.3362	-00.0021	0000.127
-00.3392	-00.0021	0000.128
-00.3420	-00.0024	0000.129
-00.3447	-00.0021	0000.130
-00.3472	-00.0024	0000.131
-00.3496	-00.0024	0000.132
-00.3521	-00.0021	0000.133
-00.3551	-00.0024	0000.134
-00.3579	-00.0024	0000.135
-00.3606	-00.0021	0000.136
-00.3634	-00.0024	0000.137
-00.3664	-00.0027	0000.138
-00.3682	-00.0021	0000.139
-00.3713	-00.0024	0000.140
-00.3743	-00.0024	0000.141
-00.3765	-00.0024	0000.142
-00.3789	-00.0027	0000.143
-00.3820	-00.0024	0000.144
-00.3844	-00.0024	0000.145
-00.3875	-00.0021	0000.146
-00.3899	-00.0021	0000.147
-00.3923	-00.0027	0000.148
-00.3951	-00.0021	0000.149
-00.3981	-00.0021	0000.150
-00.4009	-00.0021	0000.151
-00.4036	-00.0027	0000.152
-00.4061	-00.0024	0000.153
-00.4085	-00.0024	0000.154
-00.4113	-00.0024	0000.155
-00.4143	-00.0024	0000.156
-00.4168	-00.0021	0000.157
-00.4189	-00.0024	0000.158
-00.4219	-00.0030	0000.159
-00.4247	-00.0024	0000.160
-00.4274	-00.0024	0000.161
-00.4302	-00.0027	0000.162
-00.4329	-00.0021	0000.163
-00.4357	-00.0027	0000.164
-00.4381	-00.0027	0000.165
-00.4409	-00.0027	0000.166
-00.4433	-00.0027	0000.167
-00.4464	-00.0027	0000.168
-00.4485	-00.0027	0000.169
-00.4515	-00.0027	0000.170
-00.4537	-00.0027	0000.171
-00.4570	-00.0027	0000.172
-00.4592	-00.0027	0000.173
-00.4622	-00.0024	0000.174
-00.4647	-00.0027	0000.175
-00.4677	-00.0030	0000.176
-00.4696	-00.0027	0000.177
-00.4726	-00.0024	0000.178
-00.4750	-00.0030	0000.179
-00.4781	-00.0030	0000.180
-00.4802	-00.0027	0000.181
-00.4830	-00.0027	0000.182
-00.4863	-00.0024	0000.183
-00.4888	-00.0033	0000.184
-00.4909	-00.0030	0000.185
-00.4943	-00.0033	0000.186
-00.4967	-00.0030	0000.187
-00.4995	-00.0030	0000.188
-00.5019	-00.0030	0000.189
-00.5050	-00.0027	0000.190
-00.5074	-00.0033	0000.191
-00.5095	-00.0027	0000.192
-00.5126	-00.0027	0000.193
-00.5153	-00.0030	0000.194
-00.5184	-00.0030	0000.195
-00.5208	-00.0033	0000.196
-00.5239	-00.0030	0000.197
-00.5263	-00.0030	0000.198
-00.5291	-00.0033	0000.199
-00.5312	-00.0030	0000.200
-00.5339	-00.0030	0000.201
-00.5367	-00.0030	0000.202
-00.5394	-00.0033	0000.203
-00.5422	-00.0033	0000.204
-00.5452	-00.0027	0000.205
-00.5477	-00.0033	0000.206
-00.5507	-00.0033	0000.207
-00.5532	-00.0033	0000.208
-00.5553	-00.0036	0000.209
-00.5581	-00.0033	0000.210
-00.5611	-00.0033	0000.211
-00.5635	-00.0033	0000.212
-00.5660	-00.0033	0000.213
-00.5690	-00.0033	0000.214
-00.5715	-00.0036	0000.215
-00.5745	-00.0039	0000.216
-00.5770	-00.0036	0000.217
-00.5794	-00.0033	0000.218
-00.5819	-00.0036	0000.219
-00.5852	-00.0030	0000.220
-00.5880	-00.0036	0000.221
-00.5904	-00.0036	0000.222
-00.5928	-00.0033	0000.223
-00.5953	-00.0033	0000.224
-00.5980	-00.0036	0000.225
-00.6014	-00.0033	0000.226
-00.6035	-00.0036	0000.227
-00.6063	-00.0033	0000.228
-00.6090	-00.0033	0000.229
-00.6121	-00.0036	0000.230
-00.6142	-00.0039	0000.231
-00.6170	-00.0036	0000.232
-00.6194	-00.0033	0000.233
-00.6218	-00.0036	0000.234
-00.6249	-00.0036	0000.235
-00.6273	-00.0036	0000.236
-00.6304	-00.0039	0000.237
-00.6325	-00.0033	0000.238
-00.6356	-00.0039	0000.239
-00.6383	-00.0036	0000.240
-00.6408	-00.0039	0000.241
-00.6435	-00.0036	0000.242
-00.6462	-00.0036	0000.243
-00.6490	-00.0039	0000.244
-00.6517	-00.0039	0000.245
-00.6542	-00.0036	0000.246
-00.6569	-00.0039	0000.247
-00.6600	-00.0033	0000.248
-00.6627	-00.0036	0000.249
-00.6649	-00.0039	0000.250
-00.6673	-00.0039	0000.251
-00.6701	-00.0033	0000.252
-00.6728	-00.0039	0000.253
-00.6752	-00.0039	0000.254
-00.6786	-00.0036	0000.255
-00.6810	-00.0039	0000.256
-00.6835	-00.0039	0000.257
-00.6862	-00.0039	0000.258
-00.6893	-00.0042	0000.259
-00.6920	-00.0039	0000.260
-00.6945	-00.0036	0000.261
-00.6969	-00.0039	0000.262
-00.6997	-00.0042	0000.263
-00.7024	-00.0036	0000.264
-00.7045	-00.0039	0000.265
-00.7079	-00.0039	0000.266
-00.7109	-00.0039	0000.267
-00.7131	-00.0039	0000.268
-00.7161	-00.0039	0000.269
-00.7183	-00.0042	0000.270
-00.7210	-00.0045	0000.271
-00.7235	-00.0039	0000.272
-00.7262	-00.0039	0000.273
-00.7293	-00.0042	0000.274
-00.7320	-00.0039	0000.275
-00.7344	-00.0045	0000.276
-00.7369	-00.0042	0000.277
-00.7402	-00.0042	0000.278
-00.7427	-00.0042	0000.279
-00.7448	-00.0039	0000.280
-00.7476	-00.0042	0000.281
-00.7503	-00.0045	0000.282
-00.7531	-00.0042	0000.283
-00.7555	-00.0042	0000.284
-00.7586	-00.0045	0000.285
-00.7610	-00.0039	0000.286
-00.7637	-00.0048	0000.287
-00.7665	-00.0042	0000.288
-00.7698	-00.0048	0000.289
-00.7717	-00.0045	0000.290
-00.7744	-00.0042	0000.291
-00.7772	-00.0045	0000.292
-00.7799	-00.0045	0000.293
-00.7827	-00.0042	0000.294
-00.7851	-00.0045	0000.295
-00.7879	-00.0045	0000.296
-00.7903	-00.0045	0000.297
-00.7930	-00.0042	0000.298
-00.7958	-00.0045	0000.299
-00.7985	-00.0042	0000.300
-00.8010	-00.0048	0000.301
-00.8034	-00.0045	0000.302
-00.8062	-00.0045	0000.303
-00.8089	-00.0048	0000.304
-00.8120	-00.0048	0000.305
-00.8150	-00.0048	0000.306
-00.8168	-00.0045	0000.307
-00.8199	-00.0045	0000.308
-00.8223	-00.0045	0000.309
-00.8254	-00.0048	0000.310
-00.8275	-00.0048	0000.311
-00.8306	-00.0045	0000.312
-00.8333	-00.0048	0000.313
-00.8355	-00.0048	0000.314
-00.8382	-00.0045	0000.315
-00.8413	-00.0052	0000.316
-00.8440	-00.0048	0000.317
-00.8467	-00.0048	0000.318
-00.8489	-00.0045	0000.319
-00.8516	-00.0052	0000.320
-00.8544	-00.0048	0000.321
-00.8571	-00.0052	0000.322
-00.8599	-00.0042	0000.323
-00.8626	-00.0052	0000.324
-00.8651	-00.0052	0000.325
-00.8681	-00.0048	0000.326
-00.8706	-00.0048	0000.327
-00.8733	-00.0052	0000.328
-00.8757	-00.0055	0000.329
-00.8782	-00.0048	0000.330
-00.8815	-00.0055	0000.331
-00.8840	-00.0055	0000.332
-00.8873	-00.0052	0000.333
-00.8892	-00.0055	0000.334
-00.8919	-00.0052	0000.335
-00.8944	-00.0052	0000.336
-00.8974	-00.0048	0000.337
-00.8998	-00.0052	0000.338
-00.9026	-00.0055	0000.339
-00.9050	-00.0052	0000.340
-00.9081	-00.0048	0000.341
-00.9105	-00.0052	0000.342
-00.9136	-00.0052	0000.343
-00.9160	-00.0048	0000.344
-00.9188	-00.0061	0000.345
-00.9218	-00.0052	0000.346
-00.9240	-00.0055	0000.347
-00.9270	-00.0052	0000.348
-00.9291	-00.0055	0000.349
-00.9319	-00.0058	0000.350
-00.9343	-00.0055	0000.351
-00.9377	-00.0052	0000.352
-00.9398	-00.0055	0000.353
-00.9432	-00.0058	0000.354
-00.9456	-00.0055	0000.355
-00.9484	-00.0055	0000.356
-00.9505	-00.0058	0000.357
-00.9536	-00.0052	0000.358
-00.9566	-00.0058	0000.359
-00.9584	-00.0055	0000.360
-00.9615	-00.0055	0000.361
-00.9642	-00.0058	0000.362
-00.9667	-00.0058	0000.363
-00.9694	-00.0052	0000.364
-00.9722	-00.0052	0000.365
-00.9746	-00.0058	0000.366
-00.9774	-00.0058	0000.367
-00.9798	-00.0058	0000.368
-00.9829	-00.0058	0000.369
-00.9859	-00.0055	0000.370
-00.9884	-00.0061	0000.371
-00.9905	-00.0058	0000.372
-00.9932	-00.0061	0000.373
-00.9963	-00.0058	0000.374
-00.9987	-00.0061	0000.375
-01.0012	-00.0055	0000.376
-01.0042	-00.0064	0000.377
-01.0070	-00.0058	0000.378
-01.0088	-00.0058	0000.379
-01.0122	-00.0061	0000.380
-01.0149	-00.0061	0000.381
-01.0176	-00.0061	0000.382
-01.0204	-00.0055	0000.383
-01.0219	-00.0064	0000.384
-01.0256	-00.0058	0000.385
-01.0283	-00.0061	0000.386
-01.0305	-00.0061	0000.387
-01.0335	-00.0058	0000.388
-01.0366	-00.0061	0000.389
-01.0393	-00.0058	0000.390
-01.0411	-00.0061	0000.391
-01.0439	-00.0061	0000.392
-01.0469	-00.0064	0000.393
-01.0497	-00.0061	0000.394
-01.0521	-00.0061	0000.395
-01.0549	-00.0064	0000.396
-01.0576	-00.0061	0000.397
-01.0601	-00.0064	0000.398
-01.0628	-00.0061	0000.399
-01.0659	-00.0064	0000.400
-01.0683	-00.0061	0000.401
-01.0714	-00.0061	0000.402
-01.0738	-00.0061	0000.403
-01.0765	-00.0061	0000.404
-01.0787	-00.0067	0000.405
-01.0820	-00.0064	0000.406
-01.0836	-00.0064	0000.407
-01.0866	-00.0064	0000.408
-01.0900	-00.0067	0000.409
-01.0921	-00.0064	0000.410
-01.0949	-00.0064	0000.411
-01.0976	-00.0064	0000.412
-01.1007	-00.0064	0000.413
-01.1028	-00.0064	0000.414
-01.1052	-00.0067	0000.415
-01.1080	-00.0070	0000.416
-01.1107	-00.0067	0000.417
-01.1135	-00.0064	0000.418
-01.1162	-00.0067	0000.419
-01.1193	-00.0067	0000.420
-01.1214	-00.0067	0000.421
-01.1238	-00.0064	0000.422
-01.1275	-00.0067	0000.423
-01.1296	-00.0064	0000.424
-01.1318	-00.0067	0000.425
-01.1348	-00.0070	0000.426
-01.1376	-00.0064	0000.427
-01.1403	-00.0067	0000.428
-01.1428	-00.0067	0000.429
-01.1458	-00.0070	0000.430
-01.1483	-00.0070	0000.431
-01.1510	-00.0067	0000.432
-01.1535	-00.0067	0000.433
-01.1559	-00.0070	0000.434
-01.1589	-00.0070	0000.435
-01.1611	-00.0070	0000.436
-01.1641	-00.0070	0000.437
-01.1672	-00.0070	0000.438
-01.1693	-00.0070	0000.439
-01.1721	-00.0070	0000.440
-01.1751	-00.0067	0000.441
-01.1776	-00.0073	0000.442
-01.1809	-00.0070	0000.443
-01.1831	-00.0070	0000.444
-01.1855	-00.0070	0000.445
-01.1885	-00.0070	0000.446
-01.1910	-00.0070	0000.447
-01.1937	-00.0070	0000.448
-01.1965	-00.0070	0000.449
-01.1995	-00.0070	0000.450
-01.2020	-00.0067	0000.451
-01.2044	-00.0070	0000.452
-01.2072	-00.0070	0000.453
-01.2099	-00.0073	0000.454
-01.2127	-00.0070	0000.455
-01.2151	-00.0070	0000.456
-01.2175	-00.0067	0000.457
-01.2206	-00.0073	0000.458
-01.2230	-00.0070	0000.459
-01.2255	-00.0073	0000.460
-01.2279	-00.0076	0000.461
-01.2316	-00.0073	0000.462
-01.2331	-00.0076	0000.463
-01.2358	-00.0073	0000.464
-01.2392	-00.0076	0000.465
-01.2423	-00.0070	0000.466
-01.2444	-00.0076	0000.467
-01.2474	-00.0073	0000.468
-01.2499	-00.0070	0000.469
-01.2523	-00.0073	0000.470
-01.2557	-00.0073	0000.471
-01.2578	-00.0076	0000.472
-01.2603	-00.0076	0000.473
-01.2633	-00.0073	0000.474
-01.2661	-00.0076	0000.475
-01.2685	-00.0076	0000.476
-01.2716	-00.0073	0000.477
-01.2743	-00.0073	0000.478
-01.2761	-00.0079	0000.479
-01.2792	-00.0070	0000.480
-01.2816	-00.0073	0000.481
-01.2844	-00.0076	0000.482
-01.2874	-00.0076	0000.483
-01.2902	-00.0076	0000.484
-01.2929	-00.0073	0000.485
-01.2951	-00.0076	0000.486
-01.2975	-00.0073	0000.487
-01.3002	-00.0079	0000.488
-01.3036	-00.0079	0000.489
-01.3054	-00.0079	0000.490
-01.3082	-00.0082	0000.491
-01.3115	-00.0082	0000.492
-01.3137	-00.0076	0000.493
-01.3167	-00.0076	0000.494
-01.3189	-00.0076	0000.495
-01.3219	-00.0076	0000.496
-01.3247	-00.0088	0000.497
-01.3271	-00.0079	0000.498
-01.3301	-00.0082	0000.499
-01.3326	-00.0082	0000.500
-01.3356	-00.0079	0000.501
-01.3378	-00.0082	0000.502
-01.3405	-00.0079	0000.503
-01.3439	-00.0076	0000.504
-01.3457	-00.0076	0000.505
-01.3488	-00.0079	0000.506
-01.3512	-00.0079	0000.507
-01.3546	-00.0082	0000.508
-01.3567	-00.0082	0000.509
-01.3594	-00.0079	0000.510
-01.3622	-00.0082	0000.511
-01.3646	-00.0079	0000.512
-01.3674	-00.0082	0000.513
-01.3698	-00.0082	0000.514
-01.3729	-00.0079	0000.515
-01.3759	-00.0082	0000.516
-01.3784	-00.0079	0000.517
-01.3811	-00.0082	0000.518
-01.3832	-00.0082	0000.519
-01.3863	-00.0082	0000.520
-01.3887	-00.0082	0000.521
-01.3915	-00.0082	0000.522
-01.3942	-00.0085	0000.523
-01.3964	-00.0085	0000.524
-01.3994	-00.0085	0000.525
-01.4016	-00.0085	0000.526
-01.4052	-00.0085	0000.527
-01.4077	-00.0085	0000.528
-01.4098	-00.0082	0000.529
-01.4129	-00.0088	0000.530
-01.4153	-00.0082	0000.531
-01.4177	-00.0082	0000.532
-01.4208	-00.0085	0000.533
-01.4235	-00.0082	0000.534
-01.4263	-00.0088	0000.535
-01.4290	-00.0082	0000.536
-01.4312	-00.0088	0000.537
-01.4345	-00.0088	0000.538
-01.4367	-00.0085	0000.539
-01.4397	-00.0088	0000.540
-01.4418	-00.0088	0000.541
-01.4452	-00.0085	0000.542
-01.4473	-00.0085	0000.543
-01.4501	-00.0088	0000.544
-01.4528	-00.0088	0000.545
-01.4559	-00.0088	0000.546
-01.4577	-00.0088	0000.547
-01.4608	-00.0088	0000.548
-01.4632	-00.0085	0000.549
-01.4666	-00.0088	0000.550
-01.4690	-00.0091	0000.551
-01.4717	-00.0088	0000.552
-01.4742	-00.0088	0000.553
-01.4769	-00.0085	0000.554
-01.4797	-00.0091	0000.555
-01.4821	-00.0088	0000.556
-01.4849	-00.0088	0000.557
-01.4876	-00.0091	0000.558
-01.4901	-00.0088	0000.559
-01.4928	-00.0088	0000.560
-01.4956	-00.0088	0000.561
-01.4983	-00.0091	0000.562
-01.5004	-00.0091	0000.563
-01.5035	-00.0088	0000.564
-01.5059	-00.0091	0000.565
-01.5090	-00.0094	0000.566
-01.5117	-00.0091	0000.567
-01.5142	-00.0094	0000.568
-01.5169	-00.0091	0000.569
-01.5197	-00.0091	0000.570
-01.5221	-00.0088	0000.571
-01.5248	-00.0091	0000.572
-01.5276	-00.0091	0000.573
-01.5300	-00.0091	0000.574
-01.5328	-00.0091	0000.575
-01.5358	-00.0094	0000.576
-01.5386	-00.0091	0000.577
-01.5413	-00.0094	0000.578
-01.5435	-00.0094	0000.579
-01.5462	-00.0091	0000.580
-01.5493	-00.0094	0000.581
-01.5517	-00.0094	0000.582
-01.5545	-00.0094	0000.583
-01.5572	-00.0091	0000.584
-01.5596	-00.0097	0000.585
-01.5621	-00.0091	0000.586
-01.5651	-00.0097	0000.587
-01.5682	-00.0094	0000.588
-01.5703	-00.0094	0000.589
-01.5725	-00.0094	0000.590
-01.5755	-00.0094	0000.591
-01.5789	-00.0097	0000.592
-01.5807	-00.0094	0000.593
-01.5837	-00.0094	0000.594
-01.5868	-00.0094	0000.595
-01.5889	-00.0100	0000.596
-01.5917	-00.0097	0000.597
-01.5941	-00.0094	0000.598
-01.5975	-00.0100	0000.599
-01.6002	-00.0097	0000.600
-01.6021	-00.0097	0000.601
-01.6048	-00.0097	0000.602
-01.6079	-00.0100	0000.603
-01.6106	-00.0094	0000.604
-01.6130	-00.0097	0000.605
-01.6161	-00.0094	0000.606
-01.6185	-00.0097	0000.607
-01.6213	-00.0097	0000.608
-01.6237	-00.0100	0000.609
-01.6262	-00.0097	0000.610
-01.6295	-00.0094	0000.611
-01.6314	-00.0097	0000.612
-01.6344	-00.0094	0000.613
-01.6375	-00.0097	0000.614
-01.6393	-00.0100	0000.615
-01.6426	-00.0100	0000.616
-01.6451	-00.0097	0000.617
-01.6481	-00.0100	0000.618
-01.6509	-00.0097	0000.619
-01.6524	-00.0100	0000.620
-01.6564	-00.0103	0000.621
-01.6585	-00.0106	0000.622
-01.6616	-00.0100	0000.623
-01.6640	-00.0100	0000.624
-01.6665	-00.0100	0000.625
-01.6692	-00.0103	0000.626
-01.6716	-00.0100	0000.627
-01.6747	-00.0100	0000.628
-01.6774	-00.0100	0000.629
-01.6799	-00.0100	0000.630
-01.6823	-00.0103	0000.631
-01.6848	-00.0103	0000.632
-01.6878	-00.0103	0000.633
-01.6909	-00.0103	0000.634
-01.6930	-00.0100	0000.635
-01.6957	-00.0106	0000.636
-01.6988	-00.0100	0000.637
-01.7015	-00.0106	0000.638
-01.7037	-00.0103	0000.639
-01.7061	-00.0103	0000.640
-01.7092	-00.0103	0000.641
-01.7116	-00.0106	0000.642
-01.7147	-00.0106	0000.643
-01.7174	-00.0100	0000.644
-01.7196	-00.0106	0000.645
-01.7232	-00.0106	0000.646
-01.7254	-00.0103	0000.647
-01.7281	-00.0106	0000.648
-01.7305	-00.0106	0000.649
-01.7327	-00.0103	0000.650
-01.7357	-00.0103	0000.651
-01.7385	-00.0106	0000.652
-01.7415	-00.0106	0000.653
-01.7434	-00.0106	0000.654
-01.7464	-00.0106	0000.655
-01.7492	-00.0106	0000.656
-01.7516	-00.0109	0000.657
-01.7546	-00.0106	0000.658
-01.7568	-00.0106	0000.659
-01.7598	-00.0109	0000.660
-01.7626	-00.0103	0000.661
-01.7653	-00.0106	0000.662
-01.7678	-00.0106	0000.663
-01.7702	-00.0106	0000.664
-01.7736	-00.0113	0000.665
-01.7760	-00.0113	0000.666
-01.7785	-00.0106	0000.667
-01.7815	-00.0109	0000.668
-01.7836	-00.0109	0000.669
-01.7861	-00.0109	0000.670
-01.7894	-00.0109	0000.671
-01.7922	-00.0109	0000.672
-01.7946	-00.0109	0000.673
-01.7977	-00.0109	0000.674
-01.8001	-00.0113	0000.675
-01.8029	-00.0109	0000.676
-01.8053	-00.0109	0000.677
-01.8081	-00.0109	0000.678
-01.8111	-00.0113	0000.679
-01.8139	-00.0106	0000.680
-01.8157	-00.0113	0000.681
-01.8187	-00.0109	0000.682
-01.8215	-00.0116	0000.683
-01.8239	-00.0119	0000.684
-01.8267	-00.0109	0000.685
-01.8291	-00.0113	0000.686
-01.8319	-00.0113	0000.687
-01.8352	-00.0113	0000.688
-01.8377	-00.0113	0000.689
-01.8401	-00.0109	0000.690
-01.8425	-00.0113	0000.691
-01.8453	-00.0113	0000.692
-01.8477	-00.0116	0000.693
-01.8508	-00.0113	0000.694
-01.8538	-00.0116	0000.695
-01.8560	-00.0113	0000.696
-01.8587	-00.0113	0000.697
-01.8618	-00.0116	0000.698
-01.8642	-00.0119	0000.699
-01.8663	-00.0116	0000.700
-01.8691	-00.0119	0000.701
-01.8724	-00.0113	0000.702
-01.8746	-00.0113	0000.703
-01.8773	-00.0116	0000.704
-01.8804	-00.0116	0000.705
-01.8825	-00.0119	0000.706
-01.8859	-00.0119	0000.707
-01.8883	-00.0116	0000.708
-01.8908	-00.0113	0000.709
-01.8938	-00.0116	0000.710
-01.8959	-00.0116	0000.711
-01.8984	-00.0122	0000.712
-01.9020	-00.0116	0000.713
-01.9045	-00.0119	0000.714
-01.9063	-00.0119	0000.715
-01.9100	-00.0113	0000.716
-01.9124	-00.0119	0000.717
-01.9146	-00.0116	0000.718
-01.9173	-00.0119	0000.719
-01.9197	-00.0119	0000.720
-01.9225	-00.0116	0000.721
-01.9255	-00.0119	0000.722
-01.9280	-00.0119	0000.723
-01.9304	-00.0119	0000.724
-01.9338	-00.0119	0000.725
-01.9368	-00.0122	0000.726
-01.9384	-00.0125	0000.727
-01.9417	-00.0116	0000.728
-01.9448	-00.0122	0000.729
-01.9472	-00.0119	0000.730
-01.9493	-00.0119	0000.731
-01.9524	-00.0122	0000.732
-01.9555	-00.0122	0000.733
-01.9579	-00.0122	0000.734
-01.9603	-00.0119	0000.735
-01.9634	-00.0122	0000.736
-01.9658	-00.0119	0000.737
-01.9686	-00.0119	0000.738
-01.9710	-00.0119	0000.739
-01.9741	-00.0122	0000.740
-01.9765	-00.0122	0000.741
-01.9790	-00.0125	0000.742
-01.9814	-00.0122	0000.743
-01.9844	-00.0125	0000.744
-01.9872	-00.0122	0000.745
-01.9890	-00.0122	0000.746
-01.9927	-00.0125	0000.747
-01.9948	-00.0125	0000.748
-01.9982	-00.0122	0000.749
-02.0003	-00.0125	0000.750
-02.0034	-00.0125	0000.751
-02.0055	-00.0122	0000.752
-02.0079	-00.0125	0000.753
-02.0107	-00.0122	0000.754
-02.0140	-00.0125	0000.755
-02.0165	-00.0125	0000.756
-02.0192	-00.0122	0000.757
-02.0220	-00.0128	0000.758
-02.0241	-00.0125	0000.759
-02.0272	-00.0131	0000.760
-02.0296	-00.0128	0000.761
-02.0324	-00.0125	0000.762
-02.0354	-00.0125	0000.763
-02.0379	-00.0125	0000.764
-02.0400	-00.0125	0000.765
-02.0430	-00.0128	0000.766
-02.0461	-00.0128	0000.767
-02.0485	-00.0128	0000.768
-02.0513	-00.0125	0000.769
-02.0531	-00.0125	0000.770
-02.0565	-00.0128	0000.771
-02.0589	-00.0128	0000.772
-02.0613	-00.0131	0000.773
-02.0644	-00.0128	0000.774
-02.0681	-00.0131	0000.775
-02.0696	-00.0131	0000.776
-02.0723	-00.0131	0000.777
-02.0751	-00.0125	0000.778
-02.0778	-00.0128	0000.779
-02.0806	-00.0125	0000.780
-02.0827	-00.0131	0000.781
-02.0861	-00.0131	0000.782
-02.0882	-00.0131	0000.783
-02.0916	-00.0131	0000.784
-02.0940	-00.0128	0000.785
-02.0967	-00.0131	0000.786
-02.0989	-00.0128	0000.787
-02.1010	-00.0131	0000.788
-02.1047	-00.0131	0000.789
-02.1077	-00.0131	0000.790
-02.1099	-00.0134	0000.791
-02.1129	-00.0131	0000.792
-02.1154	-00.0128	0000.793
-02.1175	-00.0134	0000.794
-02.1206	-00.0134	0000.795
-02.1230	-00.0134	0000.796
-02.1260	-00.0134	0000.797
-02.1288	-00.0131	0000.798
-02.1309	-00.0131	0000.799
-02.1340	-00.0131	0000.800
-02.1364	-00.0131	0000.801
-02.1395	-00.0134	0000.802
-02.1419	-00.0134	0000.803
-02.1444	-00.0134	0000.804
-02.1471	-00.0131	0000.805
-02.1505	-00.0125	0000.806
-02.1529	-00.0134	0000.807
-02.1556	-00.0137	0000.808
-02.1575	-00.0131	0000.809
-02.1605	-00.0134	0000.810
-02.1627	-00.0137	0000.811
-02.1657	-00.0134	0000.812
-02.1688	-00.0137	0000.813
-02.1706	-00.0137	0000.814
-02.1737	-00.0137	0000.815
-02.1764	-00.0137	0000.816
-02.1798	-00.0137	0000.817
-02.1819	-00.0134	0000.818
-02.1846	-00.0137	0000.819
-02.1874	-00.0137	0000.820
-02.1898	-00.0137	0000.821
-02.1926	-00.0137	0000.822
-02.1956	-00.0137	0000.823
-02.1984	-00.0140	0000.824
-02.2005	-00.0137	0000.825
-02.2033	-00.0134	0000.826
-02.2060	-00.0137	0000.827
-02.2084	-00.0137	0000.828
-02.2118	-00.0137	0000.829
-02.2136	-00.0137	0000.830
-02.2164	-00.0140	0000.831
-02.2197	-00.0137	0000.832
-02.2225	-00.0137	0000.833
-02.2243	-00.0140	0000.834
-02.2274	-00.0140	0000.835
-02.2298	-00.0137	0000.836
-02.2326	-00.0143	0000.837
-02.2347	-00.0134	0000.838
-02.2384	-00.0143	0000.839
-02.2414	-00.0140	0000.840
-02.2429	-00.0143	0000.841
-02.2463	-00.0140	0000.842
-02.2484	-00.0140	0000.843
-02.2509	-00.0140	0000.844
-02.2536	-00.0143	0000.845
-02.2573	-00.0140	0000.846
-02.2591	-00.0140	0000.847
-02.2622	-00.0143	0000.848
-02.2643	-00.0143	0000.849
-02.2676	-00.0140	0000.850
-02.2701	-00.0143	0000.851
-02.2728	-00.0143	0000.852
-02.2753	-00.0143	0000.853
-02.2786	-00.0140	0000.854
-02.2811	-00.0140	0000.855
-02.2835	-00.0143	0000.856
-02.2863	-00.0140	0000.857
-02.2890	-00.0143	0000.858
-02.2915	-00.0143	0000.859
-02.2939	-00.0143	0000.860
-02.2966	-00.0143	0000.861
-02.2991	-00.0143	0000.862
-02.3024	-00.0143	0000.863
-02.3052	-00.0143	0000.864
-02.3073	-00.0146	0000.865
-02.3104	-00.0143	0000.866
-02.3125	-00.0143	0000.867
-02.3156	-00.0143	0000.868
-02.3177	-00.0146	0000.869
-02.3211	-00.0140	0000.870
-02.3235	-00.0146	0000.871
-02.3262	-00.0146	0000.872
-02.3287	-00.0146	0000.873
-02.3320	-00.0146	0000.874
-02.3339	-00.0143	0000.875
-02.3369	-00.0149	0000.876
-02.3397	-00.0146	0000.877
-02.3424	-00.0146	0000.878
-02.3446	-00.0149	0000.879
-02.3473	-00.0146	0000.880
-02.3500	-00.0149	0000.881
-02.3528	-00.0149	0000.882
-02.3555	-00.0143	0000.883
-02.3577	-00.0149	0000.884
-02.3604	-00.0149	0000.885
-02.3638	-00.0149	0000.886
-02.3659	-00.0143	0000.887
-02.3690	-00.0152	0000.888
-02.3711	-00.0149	0000.889
-02.3745	-00.0149	0000.890
-02.3769	-00.0149	0000.891
-02.3793	-00.0149	0000.892
-02.3824	-00.0149	0000.893
-02.3851	-00.0149	0000.894
-02.3879	-00.0146	0000.895
-02.3906	-00.0152	0000.896
-02.3922	-00.0149	0000.897
-02.3958	-00.0152	0000.898
-02.3980	-00.0152	0000.899
-02.4007	-00.0149	0000.900
-02.4038	-00.0152	0000.901
-02.4062	-00.0152	0000.902
-02.4092	-00.0152	0000.903
-02.4120	-00.0149	0000.904
-02.4147	-00.0152	0000.905
-02.4166	-00.0149	0000.906
-02.4196	-00.0152	0000.907
-02.4224	-00.0149	0000.908
-02.4245	-00.0155	0000.909
-02.4282	-00.0155	0000.910
-02.4300	-00.0152	0000.911
-02.4331	-00.0155	0000.912
-02.4358	-00.0152	0000.913
-02.4382	-00.0149	0000.914
-02.4407	-00.0155	0000.915
-02.4434	-00.0152	0000.916
-02.4465	-00.0152	0000.917
-02.4483	-00.0152	0000.918
-02.4520	-00.0158	0000.919
-02.4544	-00.0155	0000.920
-02.4572	-00.0152	0000.921
-02.4593	-00.0155	0000.922
-02.4620	-00.0155	0000.923
-02.4651	-00.0149	0000.924
-02.4681	-00.0158	0000.925
-02.4706	-00.0161	0000.926
-02.4736	-00.0155	0000.927
-02.4752	-00.0155	0000.928
-02.4788	-00.0155	0000.929
-02.4813	-00.0155	0000.930
-02.4834	-00.0152	0000.931
-02.4862	-00.0155	0000.932
-02.4886	-00.0155	0000.933
-02.4920	-00.0155	0000.934
-02.4944	-00.0158	0000.935
-02.4971	-00.0155	0000.936
-02.4999	-00.0152	0000.937
-02.5023	-00.0155	0000.938
-02.5057	-00.0158	0000.939
-02.5075	-00.0158	0000.940
-02.5106	-00.0158	0000.941
-02.5130	-00.0158	0000.942
-02.5161	-00.0161	0000.943
-02.5188	-00.0161	0000.944
-02.5209	-00.0155	0000.945
-02.5237	-00.0155	0000.946
-02.5267	-00.0161	0000.947
-02.5289	-00.0161	0000.948
-02.5313	-00.0161	0000.949
-02.5341	-00.0161	0000.950
-02.5371	-00.0158	0000.951
-02.5396	-00.0164	0000.952
-02.5429	-00.0161	0000.953
-02.5447	-00.0161	0000.954
-02.5481	-00.0161	0000.955
-02.5502	-00.0161	0000.956
-02.5527	-00.0161	0000.957
-02.5554	-00.0158	0000.958
-02.5588	-00.0164	0000.959
-02.5606	-00.0164	0000.960
-02.5637	-00.0161	0000.961
-02.5667	-00.0161	0000.962
-02.5692	-00.0161	0000.963
-02.5722	-00.0161	0000.964
-02.5747	-00.0161	0000.965
-02.5771	-00.0158	0000.966
-02.5789	-00.0161	0000.967
-02.5823	-00.0161	0000.968
-02.5856	-00.0158	0000.969
-02.5881	-00.0167	0000.970
-02.5905	-00.0164	0000.971
-02.5933	-00.0161	0000.972
-02.5960	-00.0167	0000.973
-02.5988	-00.0164	0000.974
-02.6015	-00.0164	0000.975
-02.6040	-00.0164	0000.976
-02.6064	-00.0164	0000.977
-02.6088	-00.0167	0000.978
-02.6119	-00.0164	0000.979
-02.6143	-00.0164	0000.980
-02.6174	-00.0164	0000.981
-02.6195	-00.0164	0000.982
-02.6229	-00.0171	0000.983
-02.6250	-00.0161	0000.984
-02.6278	-00.0164	0000.985
-02.6305	-00.0164	0000.986
-02.6332	-00.0167	0000.987
-02.6360	-00.0161	0000.988
-02.6387	-00.0164	0000.989
-02.6412	-00.0177	0000.990
-02.6439	-00.0167	0000.991
-02.6461	-00.0167	0000.992
-02.6494	-00.0167	0000.993
-02.6522	-00.0171	0000.994
-02.6543	-00.0171	0000.995
-02.6577	-00.0171	0000.996
-02.6601	-00.0167	0000.997
-02.6622	-00.0164	0000.998
-02.6656	-00.0171	0000.999
-02.6677	-00.0167	0001.000
-02.6708	-00.0164	0001.001
-02.6729	-00.0174	0001.002
-02.6769	-00.0171	0001.003
-02.6790	-00.0167	0001.004
-02.6809	-00.0174	0001.005
-02.6839	-00.0174	0001.006
-02.6870	-00.0177	0001.007
-02.6894	-00.0174	0001.008
-02.6918	-00.0171	0001.009
-02.6952	-00.0167	0001.010
-02.6973	-00.0167	0001.011
-02.7010	-00.0174	0001.012
-02.7025	-00.0167	0001.013
-02.7050	-00.0174	0001.014
-02.7080	-00.0171	0001.015
-02.7105	-00.0174	0001.016
-02.7126	-00.0174	0001.017
-02.7153	-00.0171	0001.018
-02.7181	-00.0174	0001.019
-02.7217	-00.0177	0001.020
-02.7239	-00.0171	0001.021
-02.7266	-00.0180	0001.022
-02.7294	-00.0167	0001.023
-02.7324	-00.0174	0001.024
-02.7343	-00.0174	0001.025
-02.7373	-00.0177	0001.026
-02.7401	-00.0180	0001.027
-02.7425	-00.0174	0001.028
-02.7456	-00.0177	0001.029
-02.7480	-00.0177	0001.030
-02.7504	-00.0177	0001.031
-02.7532	-00.0177	0001.032
-02.7556	-00.0177	0001.033
-02.7581	-00.0174	0001.034
-02.7617	-00.0174	0001.035
-02.7636	-00.0177	0001.036
-02.7660	-00.0180	0001.037
-02.7694	-00.0174	0001.038
-02.7721	-00.0177	0001.039
-02.7748	-00.0180	0001.040
-02.7779	-00.0177	0001.041
-02.7803	-00.0180	0001.042
-02.7831	-00.0177	0001.043
-02.7852	-00.0180	0001.044
-02.7883	-00.0180	0001.045
-02.7907	-00.0174	0001.046
-02.7938	-00.0180	0001.047
-02.7959	-00.0180	0001.048
-02.7983	-00.0177	0001.049
-02.8017	-00.0180	0001.050
-02.8041	-00.0183	0001.051
-02.8069	-00.0177	0001.052
-02.8096	-00.0174	0001.053
-02.8121	-00.0180	0001.054
-02.8145	-00.0180	0001.055
-02.8179	-00.0177	0001.056
-02.8203	-00.0177	0001.057
-02.8218	-00.0183	0001.058
-02.8252	-00.0180	0001.059
-02.8280	-00.0180	0001.060
-02.8310	-00.0180	0001.061
-02.8344	-00.0174	0001.062
-02.8362	-00.0183	0001.063
-02.8392	-00.0183	0001.064
-02.8411	-00.0186	0001.065
-02.8441	-00.0180	0001.066
-02.8466	-00.0183	0001.067
-02.8493	-00.0189	0001.068
-02.8521	-00.0183	0001.069
-02.8542	-00.0183	0001.070
-02.8576	-00.0183	0001.071
-02.8603	-00.0183	0001.072
-02.8630	-00.0186	0001.073
-02.8658	-00.0180	0001.074
-02.8682	-00.0180	0001.075
-02.8710	-00.0183	0001.076
-02.8737	-00.0186	0001.077
-02.8762	-00.0180	0001.078
-02.8795	-00.0183	0001.079
-02.8820	-00.0189	0001.080
-02.8841	-00.0186	0001.081
-02.8868	-00.0183	0001.082
-02.8890	-00.0186	0001.083
-02.8923	-00.0186	0001.084
-02.8945	-00.0186	0001.085
-02.8981	-00.0186	0001.086
-02.9006	-00.0186	0001.087
-02.9027	-00.0186	0001.088
-02.9055	-00.0192	0001.089
-02.9082	-00.0186	0001.090
-02.9110	-00.0186	0001.091
-02.9137	-00.0189	0001.092
-02.9165	-00.0189	0001.093
-02.9192	-00.0183	0001.094
-02.9213	-00.0186	0001.095
-02.9241	-00.0186	0001.096
-02.9271	-00.0186	0001.097
-02.9293	-00.0189	0001.098
-02.9323	-00.0189	0001.099
-02.9354	-00.0189	0001.100
-02.9375	-00.0186	0001.101
-02.9406	-00.0189	0001.102
-02.9430	-00.0189	0001.103
-02.9454	-00.0186	0001.104
-02.9479	-00.0189	0001.105
-02.9515	-00.0186	0001.106
-02.9540	-00.0192	0001.107
-02.9561	-00.0189	0001.108
-02.9589	-00.0189	0001.109
-02.9616	-00.0189	0001.110
-02.9647	-00.0192	0001.111
-02.9671	-00.0189	0001.112
-02.9692	-00.0195	0001.113
-02.9720	-00.0192	0001.114
-02.9757	-00.0192	0001.115
-02.9778	-00.0186	0001.116
-02.9802	-00.0192	0001.117
-02.9830	-00.0195	0001.118
-02.9857	-00.0192	0001.119
-02.9885	-00.0189	0001.120
-02.9903	-00.0192	0001.121
-02.9940	-00.0192	0001.122
-02.9964	-00.0189	0001.123
-02.9992	-00.0189	0001.124
-03.0019	-00.0192	0001.125
-03.0046	-00.0189	0001.126
-03.0065	-00.0195	0001.127
-03.0095	-00.0195	0001.128
-03.0126	-00.0192	0001.129
-03.0150	-00.0195	0001.130
-03.0178	-00.0198	0001.131
-03.0208	-00.0192	0001.132
-03.0233	-00.0192	0001.133
-03.0254	-00.0192	0001.134
-03.0281	-00.0195	0001.135
-03.0312	-00.0198	0001.136
-03.0339	-00.0195	0001.137
-03.0361	-00.0198	0001.138
-03.0394	-00.0195	0001.139
-03.0422	-00.0198	0001.140
-03.0443	-00.0192	0001.141
-03.0477	-00.0195	0001.142
-03.0489	-00.0198	0001.143
-03.0523	-00.0198	0001.144
-03.0553	-00.0198	0001.145
-03.0577	-00.0195	0001.146
-03.0596	-00.0195	0001.147
-03.0635	-00.0195	0001.148
-03.0663	-00.0195	0001.149
-03.0675	-00.0195	0001.150
-03.0709	-00.0198	0001.151
-03.0733	-00.0198	0001.152
-03.0770	-00.0198	0001.153
-03.0791	-00.0201	0001.154
-03.0816	-00.0198	0001.155
-03.0843	-00.0198	0001.156
-03.0867	-00.0195	0001.157
-03.0895	-00.0201	0001.158
-03.0928	-00.0198	0001.159
-03.0950	-00.0195	0001.160
-03.0980	-00.0195	0001.161
-03.1005	-00.0201	0001.162
-03.1026	-00.0201	0001.163
-03.1057	-00.0198	0001.164
-03.1090	-00.0198	0001.165
-03.1108	-00.0198	0001.166
-03.1136	-00.0198	0001.167
-03.1173	-00.0204	0001.168
-03.1194	-00.0204	0001.169
-03.1215	-00.0204	0001.170
-03.1246	-00.0204	0001.171
-03.1270	-00.0204	0001.172
-03.1301	-00.0201	0001.173
-03.1322	-00.0204	0001.174
-03.1347	-00.0204	0001.175
-03.1386	-00.0204	0001.176
-03.1405	-00.0198	0001.177
-03.1429	-00.0201	0001.178
-03.1456	-00.0204	0001.179
-03.1481	-00.0198	0001.180
-03.1505	-00.0204	0001.181
-03.1542	-00.0204	0001.182
-03.1569	-00.0207	0001.183
-03.1597	-00.0204	0001.184
-03.1621	-00.0204	0001.185
-03.1643	-00.0204	0001.186
-03.1676	-00.0204	0001.187
-03.1704	-00.0204	0001.188
-03.1725	-00.0207	0001.189
-03.1755	-00.0204	0001.190
-03.1783	-00.0201	0001.191
-03.1804	-00.0204	0001.192
-03.1835	-00.0201	0001.193
-03.1859	-00.0210	0001.194
-03.1890	-00.0201	0001.195
-03.1911	-00.0210	0001.196
-03.1939	-00.0207	0001.197
-03.1966	-00.0210	0001.198
-03.1993	-00.0210	0001.199
-03.2018	-00.0204	0001.200
-03.2048	-00.0210	0001.201
-03.2070	-00.0210	0001.202
-03.2100	-00.0207	0001.203
-03.2122	-00.0210	0001.204
-03.2155	-00.0207	0001.205
-03.2183	-00.0207	0001.206
-03.2207	-00.0210	0001.207
-03.2228	-00.0213	0001.208
-03.2262	-00.0204	0001.209
-03.2283	-00.0210	0001.210
-03.2314	-00.0207	0001.211
-03.2344	-00.0210	0001.212
-03.2363	-00.0210	0001.213
-03.2393	-00.0210	0001.214
-03.2421	-00.0213	0001.215
-03.2448	-00.0210	0001.216
-03.2476	-00.0210	0001.217
-03.2503	-00.0210	0001.218
-03.2528	-00.0207	0001.219
-03.2552	-00.0210	0001.220
-03.2589	-00.0213	0001.221
-03.2610	-00.0213	0001.222
-03.2628	-00.0210	0001.223
-03.2665	-00.0210	0001.224
-03.2686	-00.0210	0001.225
-03.2720	-00.0213	0001.226
-03.2747	-00.0210	0001.227
-03.2769	-00.0213	0001.228
-03.2796	-00.0213	0001.229
-03.2824	-00.0213	0001.230
-03.2848	-00.0213	0001.231
-03.2875	-00.0213	0001.232
-03.2906	-00.0216	0001.233
-03.2921	-00.0210	0001.234
-03.2958	-00.0216	0001.235
-03.2979	-00.0210	0001.236
-03.3004	-00.0216	0001.237
-03.3031	-00.0213	0001.238
-03.3059	-00.0210	0001.239
-03.3095	-00.0213	0001.240
-03.3117	-00.0213	0001.241
-03.3141	-00.0213	0001.242
-03.3168	-00.0216	0001.243
-03.3190	-00.0216	0001.244
-03.3217	-00.0216	0001.245
-03.3251	-00.0219	0001.246
-03.3275	-00.0219	0001.247
-03.3303	-00.0213	0001.248
-03.3336	-00.0216	0001.249
-03.3361	-00.0216	0001.250
-03.3379	-00.0216	0001.251
-03.3416	-00.0216	0001.252
-03.3440	-00.0216	0001.253
-03.3458	-00.0216	0001.254
-03.3489	-00.0219	0001.255
-03.3513	-00.0222	0001.256
-03.3541	-00.0213	0001.257
-03.3571	-00.0222	0001.258
-03.3593	-00.0219	0001.259
-03.3626	-00.0219	0001.260
-03.3648	-00.0219	0001.261
-03.3678	-00.0216	0001.262
-03.3702	-00.0216	0001.263
-03.3730	-00.0216	0001.264
-03.3754	-00.0219	0001.265
-03.3788	-00.0219	0001.266
-03.3815	-00.0222	0001.267
-03.3834	-00.0222	0001.268
-03.3864	-00.0225	0001.269
-03.3892	-00.0222	0001.270
-03.3916	-00.0222	0001.271
-03.3944	-00.0222	0001.272
-03.3968	-00.0219	0001.273
-03.3995	-00.0222	0001.274
-03.4026	-00.0222	0001.275
-03.4047	-00.0216	0001.276
-03.4075	-00.0219	0001.277
-03.4102	-00.0216	0001.278
-03.4136	-00.0216	0001.279
-03.4157	-00.0219	0001.280
-03.4179	-00.0222	0001.281
-03.4209	-00.0225	0001.282
-03.4237	-00.0229	0001.283
-03.4267	-00.0219	0001.284
-03.4288	-00.0222	0001.285
-03.4313	-00.0222	0001.286
-03.4346	-00.0232	0001.287
-03.4374	-00.0222	0001.288
-03.4392	-00.0222	0001.289
-03.4429	-00.0222	0001.290
-03.4450	-00.0222	0001.291
-03.4475	-00.0222	0001.292
-03.4502	-00.0229	0001.293
-03.4533	-00.0229	0001.294
-03.4548	-00.0222	0001.295
-03.4584	-00.0225	0001.296
-03.4618	-00.0222	0001.297
-03.4642	-00.0225	0001.298
-03.4664	-00.0225	0001.299
-03.4691	-00.0225	0001.300
-03.4716	-00.0225	0001.301
-03.4746	-00.0225	0001.302
-03.4774	-00.0225	0001.303
-03.4798	-00.0229	0001.304
-03.4832	-00.0229	0001.305
-03.4853	-00.0238	0001.306
-03.4877	-00.0222	0001.307
-03.4902	-00.0229	0001.308
-03.4935	-00.0229	0001.309
-03.4960	-00.0229	0001.310
-03.4978	-00.0232	0001.311
-03.5018	-00.0229	0001.312
-03.5036	-00.0232	0001.313
-03.5067	-00.0229	0001.314
-03.5091	-00.0229	0001.315
-03.5118	-00.0225	0001.316
-03.5143	-00.0232	0001.317
-03.5170	-00.0232	0001.318
-03.5198	-00.0235	0001.319
-03.5219	-00.0229	0001.320
-03.5256	-00.0229	0001.321
-03.5280	-00.0229	0001.322
-03.5311	-00.0235	0001.323
-03.5335	-00.0232	0001.324
-03.5363	-00.0232	0001.325
-03.5387	-00.0232	0001.326
-03.5408	-00.0235	0001.327
-03.5445	-00.0229	0001.328
-03.5472	-00.0235	0001.329
-03.5491	-00.0232	0001.330
-03.5518	-00.0235	0001.331
-03.5549	-00.0232	0001.332
-03.5570	-00.0235	0001.333
-03.5595	-00.0235	0001.334
-03.5625	-00.0235	0001.335
-03.5653	-00.0235	0001.336
-03.5674	-00.0235	0001.337
-03.5711	-00.0232	0001.338
-03.5732	-00.0235	0001.339
-03.5762	-00.0235	0001.340
-03.5781	-00.0232	0001.341
-03.5808	-00.0232	0001.342
-03.5842	-00.0241	0001.343
-03.5875	-00.0235	0001.344
-03.5884	-00.0235	0001.345
-03.5918	-00.0232	0001.346
-03.5949	-00.0235	0001.347
-03.5976	-00.0238	0001.348
-03.5997	-00.0235	0001.349
-03.6028	-00.0235	0001.350
-03.6052	-00.0238	0001.351
-03.6080	-00.0235	0001.352
-03.6107	-00.0235	0001.353
-03.6135	-00.0238	0001.354
-03.6156	-00.0238	0001.355
-03.6190	-00.0235	0001.356
-03.6220	-00.0241	0001.357
-03.6242	-00.0241	0001.358
-03.6266	-00.0235	0001.359
-03.6290	-00.0235	0001.360
-03.6312	-00.0238	0001.361
-03.6345	-00.0244	0001.362
-03.6382	-00.0238	0001.363
-03.6400	-00.0238	0001.364
-03.6422	-00.0241	0001.365
-03.6452	-00.0238	0001.366
-03.6477	-00.0238	0001.367
-03.6507	-00.0244	0001.368
-03.6538	-00.0244	0001.369
-03.6565	-00.0238	0001.370
-03.6589	-00.0241	0001.371
-03.6611	-00.0241	0001.372
-03.6644	-00.0238	0001.373
-03.6669	-00.0241	0001.374
-03.6696	-00.0241	0001.375
-03.6721	-00.0241	0001.376
-03.6748	-00.0241	0001.377
-03.6773	-00.0241	0001.378
-03.6800	-00.0241	0001.379
-03.6827	-00.0238	0001.380
-03.6855	-00.0247	0001.381
-03.6879	-00.0244	0001.382
-03.6907	-00.0244	0001.383
-03.6931	-00.0241	0001.384
-03.6959	-00.0241	0001.385
-03.6983	-00.0244	0001.386
-03.7011	-00.0241	0001.387
-03.7047	-00.0238	0001.388
-03.7069	-00.0244	0001.389
-03.7099	-00.0244	0001.390
-03.7120	-00.0244	0001.391
-03.7151	-00.0244	0001.392
-03.7178	-00.0247	0001.393
-03.7206	-00.0244	0001.394
-03.7224	-00.0244	0001.395
-03.7252	-00.0244	0001.396
-03.7282	-00.0244	0001.397
-03.7307	-00.0244	0001.398
-03.7334	-00.0244	0001.399
-03.7365	-00.0247	0001.400
-03.7386	-00.0247	0001.401
-03.7416	-00.0244	0001.402
-03.7435	-00.0250	0001.403
-03.7465	-00.0247	0001.404
-03.7496	-00.0247	0001.405
-03.7526	-00.0244	0001.406
-03.7548	-00.0247	0001.407
-03.7578	-00.0250	0001.408
-03.7609	-00.0244	0001.409
-03.7627	-00.0247	0001.410
-03.7664	-00.0247	0001.411
-03.7685	-00.0250	0001.412
-03.7716	-00.0250	0001.413
-03.7734	-00.0250	0001.414
-03.7761	-00.0247	0001.415
-03.7786	-00.0247	0001.416
-03.7816	-00.0247	0001.417
-03.7838	-00.0247	0001.418
-03.7868	-00.0250	0001.419
-03.7896	-00.0250	0001.420
-03.7923	-00.0253	0001.421
-03.7947	-00.0250	0001.422
-03.7981	-00.0247	0001.423
-03.8002	-00.0253	0001.424
-03.8036	-00.0247	0001.425
-03.8057	-00.0253	0001.426
-03.8091	-00.0250	0001.427
-03.8112	-00.0253	0001.428
-03.8140	-00.0253	0001.429
-03.8167	-00.0253	0001.430
-03.8192	-00.0253	0001.431
-03.8225	-00.0250	0001.432
-03.8247	-00.0256	0001.433
-03.8268	-00.0256	0001.434
-03.8305	-00.0253	0001.435
-03.8332	-00.0256	0001.436
-03.8347	-00.0250	0001.437
-03.8381	-00.0256	0001.438
-03.8411	-00.0253	0001.439
-03.8430	-00.0256	0001.440
-03.8463	-00.0250	0001.441
-03.8488	-00.0253	0001.442
-03.8515	-00.0253	0001.443
-03.8540	-00.0256	0001.444
-03.8561	-00.0253	0001.445
-03.8594	-00.0253	0001.446
-03.8625	-00.0253	0001.447
-03.8643	-00.0253	0001.448
-03.8677	-00.0256	0001.449
-03.8695	-00.0256	0001.450
-03.8726	-00.0259	0001.451
-03.8756	-00.0256	0001.452
-03.8781	-00.0253	0001.453
-03.8811	-00.0253	0001.454
-03.8832	-00.0256	0001.455
-03.8857	-00.0259	0001.456
-03.8894	-00.0259	0001.457
-03.8915	-00.0256	0001.458
-03.8945	-00.0259	0001.459
-03.8970	-00.0256	0001.460
-03.8985	-00.0256	0001.461
-03.9016	-00.0262	0001.462
-03.9052	-00.0259	0001.463
-03.9071	-00.0262	0001.464
-03.9101	-00.0262	0001.465
-03.9125	-00.0259	0001.466
-03.9153	-00.0262	0001.467
-03.9183	-00.0259	0001.468
-03.9208	-00.0259	0001.469
-03.9238	-00.0259	0001.470
-03.9257	-00.0259	0001.471
-03.9287	-00.0253	0001.472
-03.9312	-00.0265	0001.473
-03.9342	-00.0259	0001.474
-03.9373	-00.0262	0001.475
-03.9394	-00.0262	0001.476
-03.9415	-00.0262	0001.477
-03.9449	-00.0259	0001.478
-03.9470	-00.0262	0001.479
-03.9504	-00.0265	0001.480
-03.9525	-00.0259	0001.481
-03.9550	-00.0262	0001.482
-03.9574	-00.0265	0001.483
-03.9605	-00.0262	0001.484
-03.9629	-00.0262	0001.485
-03.9663	-00.0259	0001.486
-03.9684	-00.0262	0001.487
-03.9714	-00.0265	0001.488
-03.9739	-00.0262	0001.489
-03.9766	-00.0268	0001.490
-03.9791	-00.0265	0001.491
-03.9821	-00.0262	0001.492
-03.9846	-00.0265	0001.493
-03.9879	-00.0265	0001.494
-03.9907	-00.0262	0001.495
-03.9925	-00.0268	0001.496
-03.9956	-00.0265	0001.497
-03.9974	-00.0265	0001.498
-04.0007	-00.0268	0001.499
-04.0035	-00.0265	0001.500
-04.0065	-00.0268	0001.501
-04.0038	-00.0268	0001.502
-04.0010	-00.0268	0001.503
-03.9986	-00.0271	0001.504
-03.9952	-00.0265	0001.505
-03.9931	-00.0268	0001.506
-03.9907	-00.0265	0001.507
-03.9873	-00.0265	0001.508
-03.9852	-00.0268	0001.509
-03.9824	-00.0265	0001.510
-03.9797	-00.0265	0001.511
-03.9772	-00.0265	0001.512
-03.9745	-00.0265	0001.513
-03.9711	-00.0268	0001.514
-03.9681	-00.0268	0001.515
-03.9660	-00.0268	0001.516
-03.9644	-00.0271	0001.517
-03.9608	-00.0265	0001.518
-03.9583	-00.0265	0001.519
-03.9559	-00.0268	0001.520
-03.9528	-00.0268	0001.521
-03.9504	-00.0268	0001.522
-03.9467	-00.0265	0001.523
-03.9458	-00.0265	0001.524
-03.9428	-00.0271	0001.525
-03.9388	-00.0265	0001.526
-03.9370	-00.0262	0001.527
-03.9339	-00.0268	0001.528
-03.9318	-00.0268	0001.529
-03.9287	-00.0265	0001.530
-03.9260	-00.0268	0001.531
-03.9229	-00.0265	0001.532
-03.9214	-00.0262	0001.533
-03.9180	-00.0268	0001.534
-03.9150	-00.0265	0001.535
-03.9122	-00.0265	0001.536
-03.9101	-00.0268	0001.537
-03.9074	-00.0265	0001.538
-03.9046	-00.0265	0001.539
-03.9022	-00.0271	0001.540
-03.9003	-00.0262	0001.541
-03.8967	-00.0268	0001.542
-03.8942	-00.0268	0001.543
-03.8909	-00.0265	0001.544
-03.8887	-00.0265	0001.545
-03.8857	-00.0268	0001.546
-03.8832	-00.0268	0001.547
-03.8802	-00.0268	0001.548
-03.8778	-00.0265	0001.549
-03.8756	-00.0271	0001.550
-03.8732	-00.0265	0001.551
-03.8701	-00.0268	0001.552
-03.8677	-00.0265	0001.553
-03.8649	-00.0265	0001.554
-03.8613	-00.0265	0001.555
-03.8601	-00.0268	0001.556
-03.8567	-00.0265	0001.557
-03.8540	-00.0268	0001.558
-03.8518	-00.0265	0001.559
-03.8485	-00.0268	0001.560
-03.8463	-00.0265	0001.561
-03.8436	-00.0268	0001.562
-03.8411	-00.0271	0001.563
-03.8381	-00.0265	0001.564
-03.8353	-00.0265	0001.565
-03.8329	-00.0265	0001.566
-03.8305	-00.0265	0001.567
-03.8268	-00.0268	0001.568
-03.8243	-00.0265	0001.569
-03.8222	-00.0268	0001.570
-03.8201	-00.0265	0001.571
-03.8164	-00.0265	0001.572
-03.8143	-00.0265	0001.573
-03.8115	-00.0268	0001.574
-03.8082	-00.0268	0001.575
-03.8057	-00.0268	0001.576
-03.8033	-00.0268	0001.577
-03.8009	-00.0265	0001.578
-03.7984	-00.0262	0001.579
-03.7960	-00.0265	0001.580
-03.7929	-00.0265	0001.581
-03.7899	-00.0262	0001.582
-03.7874	-00.0268	0001.583
-03.7844	-00.0265	0001.584
-03.7825	-00.0268	0001.585
-03.7789	-00.0268	0001.586
-03.7770	-00.0265	0001.587
-03.7743	-00.0265	0001.588
-03.7719	-00.0265	0001.589
-03.7688	-00.0268	0001.590
-03.7661	-00.0262	0001.591
-03.7630	-00.0268	0001.592
-03.7609	-00.0265	0001.593
-03.7584	-00.0265	0001.594
-03.7557	-00.0262	0001.595
-03.7520	-00.0268	0001.596
-03.7496	-00.0268	0001.597
-03.7468	-00.0268	0001.598
-03.7447	-00.0265	0001.599
-03.7416	-00.0265	0001.600
-03.7386	-00.0268	0001.601
-03.7362	-00.0265	0001.602
-03.7334	-00.0265	0001.603
-03.7307	-00.0265	0001.604
-03.7288	-00.0265	0001.605
-03.7258	-00.0265	0001.606
-03.7230	-00.0268	0001.607
-03.7203	-00.0265	0001.608
-03.7175	-00.0268	0001.609
-03.7151	-00.0262	0001.610
-03.7127	-00.0262	0001.611
-03.7093	-00.0271	0001.612
-03.7075	-00.0262	0001.613
-03.7047	-00.0265	0001.614
-03.7008	-00.0265	0001.615
-03.6998	-00.0265	0001.616
-03.6962	-00.0265	0001.617
-03.6940	-00.0268	0001.618
-03.6916	-00.0265	0001.619
-03.6885	-00.0268	0001.620
-03.6858	-00.0265	0001.621
-03.6834	-00.0268	0001.622
-03.6803	-00.0262	0001.623
-03.6779	-00.0262	0001.624
-03.6751	-00.0265	0001.625
-03.6721	-00.0265	0001.626
-03.6696	-00.0262	0001.627
-03.6669	-00.0268	0001.628
-03.6647	-00.0265	0001.629
-03.6617	-00.0268	0001.630
-03.6589	-00.0262	0001.631
-03.6562	-00.0265	0001.632
-03.6535	-00.0265	0001.633
-03.6513	-00.0262	0001.634
-03.6489	-00.0262	0001.635
-03.6458	-00.0265	0001.636
-03.6428	-00.0265	0001.637
-03.6412	-00.0265	0001.638
-03.6379	-00.0265	0001.639
-03.6342	-00.0259	0001.640
-03.6318	-00.0268	0001.641
-03.6296	-00.0268	0001.642
-03.6266	-00.0265	0001.643
-03.6248	-00.0262	0001.644
-03.6220	-00.0268	0001.645
-03.6196	-00.0265	0001.646
-03.6159	-00.0265	0001.647
-03.6141	-00.0262	0001.648
-03.6110	-00.0265	0001.649
-03.6089	-00.0265	0001.650
-03.6055	-00.0262	0001.651
-03.6028	-00.0265	0001.652
-03.6004	-00.0268	0001.653
-03.5976	-00.0265	0001.654
-03.5946	-00.0268	0001.655
-03.5927	-00.0262	0001.656
-03.5894	-00.0259	0001.657
-03.5872	-00.0265	0001.658
-03.5842	-00.0262	0001.659
-03.5817	-00.0265	0001.660
-03.5790	-00.0262	0001.661
-03.5765	-00.0262	0001.662
-03.5735	-00.0262	0001.663
-03.5707	-00.0271	0001.664
-03.5683	-00.0262	0001.665
-03.5656	-00.0265	0001.666
-03.5631	-00.0265	0001.667
-03.5601	-00.0259	0001.668
-03.5573	-00.0262	0001.669
-03.5555	-00.0262	0001.670
-03.5521	-00.0262	0001.671
-03.5497	-00.0265	0001.672
-03.5476	-00.0262	0001.673
-03.5439	-00.0262	0001.674
-03.5424	-00.0262	0001.675
-03.5387	-00.0262	0001.676
-03.5369	-00.0265	0001.677
-03.5335	-00.0259	0001.678
-03.5311	-00.0262	0001.679
-03.5280	-00.0265	0001.680
-03.5262	-00.0268	0001.681
-03.5228	-00.0262	0001.682
-03.5201	-00.0265	0001.683
-03.5176	-00.0262	0001.684
-03.5149	-00.0262	0001.685
-03.5112	-00.0265	0001.686
-03.5100	-00.0259	0001.687
-03.5064	-00.0262	0001.688
-03.5039	-00.0259	0001.689
-03.5018	-00.0262	0001.690
-03.4987	-00.0265	0001.691
-03.4960	-00.0262	0001.692
-03.4938	-00.0265	0001.693
-03.4899	-00.0259	0001.694
-03.4890	-00.0265	0001.695
-03.4853	-00.0262	0001.696
-03.4826	-00.0265	0001.697
-03.4798	-00.0262	0001.698
-03.4777	-00.0262	0001.699
-03.4758	-00.0265	0001.700
-03.4728	-00.0262	0001.701
-03.4688	-00.0262	0001.702
-03.4664	-00.0265	0001.703
-03.4639	-00.0262	0001.704
-03.4618	-00.0259	0001.705
-03.4587	-00.0265	0001.706
-03.4551	-00.0259	0001.707
-03.4530	-00.0259	0001.708
-03.4508	-00.0265	0001.709
-03.4481	-00.0262	0001.710
-03.4456	-00.0262	0001.711
-03.4426	-00.0262	0001.712
-03.4401	-00.0265	0001.713
-03.4371	-00.0262	0001.714
-03.4346	-00.0259	0001.715
-03.4322	-00.0265	0001.716
-03.4291	-00.0262	0001.717
-03.4267	-00.0253	0001.718
-03.4243	-00.0262	0001.719
-03.4215	-00.0259	0001.720
-03.4182	-00.0259	0001.721
-03.4163	-00.0262	0001.722
-03.4142	-00.0262	0001.723
-03.4105	-00.0262	0001.724
-03.4084	-00.0262	0001.725
-03.4053	-00.0265	0001.726
-03.4023	-00.0262	0001.727
-03.4005	-00.0256	0001.728
-03.3977	-00.0259	0001.729
-03.3950	-00.0262	0001.730
-03.3922	-00.0259	0001.731
-03.3892	-00.0262	0001.732
-03.3864	-00.0259	0001.733
-03.3840	-00.0265	0001.734
-03.3815	-00.0262	0001.735
-03.3788	-00.0262	0001.736
-03.3760	-00.0259	0001.737
-03.3736	-00.0262	0001.738
-03.3712	-00.0262	0001.739
-03.3675	-00.0265	0001.740
-03.3648	-00.0259	0001.741
-03.3620	-00.0259	0001.742
-03.3602	-00.0262	0001.743
-03.3568	-00.0262	0001.744
-03.3541	-00.0259	0001.745
-03.3513	-00.0256	0001.746
-03.3492	-00.0259	0001.747
-03.3467	-00.0262	0001.748
-03.3440	-00.0262	0001.749
-03.3413	-00.0259	0001.750
-03.3388	-00.0259	0001.751
-03.3358	-00.0259	0001.752
-03.3333	-00.0259	0001.753
-03.3303	-00.0262	0001.754
-03.3281	-00.0259	0001.755
-03.3248	-00.0262	0001.756
-03.3226	-00.0259	0001.757
-03.3196	-00.0262	0001.758
-03.3171	-00.0262	0001.759
-03.3147	-00.0259	0001.760
-03.3123	-00.0259	0001.761
-03.3086	-00.0259	0001.762
-03.3065	-00.0262	0001.763
-03.3040	-00.0262	0001.764
-03.3013	-00.0259	0001.765
-03.2985	-00.0259	0001.766
-03.2958	-00.0265	0001.767
-03.2927	-00.0256	0001.768
-03.2903	-00.0259	0001.769
-03.2875	-00.0259	0001.770
-03.2854	-00.0256	0001.771
-03.2830	-00.0259	0001.772
-03.2802	-00.0259	0001.773
-03.2775	-00.0256	0001.774
-03.2747	-00.0262	0001.775
-03.2717	-00.0259	0001.776
-03.2689	-00.0256	0001.777
-03.2662	-00.0259	0001.778
-03.2634	-00.0259	0001.779
-03.2613	-00.0259	0001.780
-03.2586	-00.0259	0001.781
-03.2558	-00.0259	0001.782
-03.2531	-00.0259	0001.783
-03.2506	-00.0256	0001.784
-03.2473	-00.0259	0001.785
-03.2457	-00.0259	0001.786
-03.2421	-00.0259	0001.787
-03.2393	-00.0259	0001.788
-03.2369	-00.0259	0001.789
-03.2354	-00.0259	0001.790
-03.2317	-00.0259	0001.791
-03.2296	-00.0262	0001.792
-03.2259	-00.0256	0001.793
-03.2235	-00.0262	0001.794
-03.2210	-00.0259	0001.795
-03.2186	-00.0256	0001.796
-03.2161	-00.0262	0001.797
-03.2125	-00.0259	0001.798
-03.2109	-00.0256	0001.799
-03.2073	-00.0262	0001.800
-03.2048	-00.0259	0001.801
-03.2018	-00.0259	0001.802
-03.2000	-00.0259	0001.803
-03.1975	-00.0259	0001.804
-03.1939	-00.0262	0001.805
-03.1920	-00.0256	0001.806
-03.1893	-00.0259	0001.807
-03.1865	-00.0256	0001.808
-03.1835	-00.0259	0001.809
-03.1807	-00.0259	0001.810
-03.1783	-00.0259	0001.811
-03.1752	-00.0259	0001.812
-03.1728	-00.0259	0001.813
-03.1707	-00.0256	0001.814
-03.1676	-00.0256	0001.815
-03.1649	-00.0262	0001.816
-03.1627	-00.0256	0001.817
-03.1597	-00.0259	0001.818
-03.1572	-00.0256	0001.819
-03.1548	-00.0256	0001.820
-03.1511	-00.0259	0001.821
-03.1490	-00.0256	0001.822
-03.1462	-00.0253	0001.823
-03.1432	-00.0259	0001.824
-03.1405	-00.0256	0001.825
-03.1386	-00.0262	0001.826
-03.1356	-00.0259	0001.827
-03.1328	-00.0256	0001.828
-03.1304	-00.0259	0001.829
-03.1273	-00.0259	0001.830
-03.1249	-00.0256	0001.831
-03.1218	-00.0256	0001.832
-03.1194	-00.0256	0001.833
-03.1176	-00.0256	0001.834
-03.1136	-00.0259	0001.835
-03.1112	-00.0259	0001.836
-03.1090	-00.0253	0001.837
-03.1060	-00.0253	0001.838
-03.1035	-00.0253	0001.839
-03.1005	-00.0256	0001.840
-03.0986	-00.0259	0001.841
-03.0956	-00.0250	0001.842
-03.0925	-00.0256	0001.843
-03.0904	-00.0265	0001.844
-03.0880	-00.0256	0001.845
-03.0852	-00.0256	0001.846
-03.0828	-00.0259	0001.847
-03.0794	-00.0256	0001.848
-03.0767	-00.0256	0001.849
-03.0739	-00.0256	0001.850
-03.0715	-00.0256	0001.851
-03.0687	-00.0256	0001.852
-03.0666	-00.0253	0001.853
-03.0635	-00.0256	0001.854
-03.0605	-00.0256	0001.855
-03.0584	-00.0253	0001.856
-03.0550	-00.0253	0001.857
-03.0529	-00.0253	0001.858
-03.0498	-00.0256	0001.859
-03.0474	-00.0253	0001.860
-03.0446	-00.0256	0001.861
-03.0425	-00.0253	0001.862
-03.0391	-00.0253	0001.863
-03.0370	-00.0250	0001.864
-03.0342	-00.0256	0001.865
-03.0312	-00.0259	0001.866
-03.0291	-00.0253	0001.867
-03.0266	-00.0259	0001.868
-03.0236	-00.0253	0001.869
-03.0205	-00.0247	0001.870
-03.0181	-00.0250	0001.871
-03.0150	-00.0253	0001.872
-03.0123	-00.0250	0001.873
-03.0098	-00.0256	0001.874
-03.0080	-00.0253	0001.875
-03.0050	-00.0253	0001.876
-03.0019	-00.0253	0001.877
-02.9998	-00.0253	0001.878
-02.9967	-00.0256	0001.879
-02.9946	-00.0262	0001.880
-02.9909	-00.0253	0001.881
-02.9885	-00.0253	0001.882
-02.9860	-00.0256	0001.883
-02.9830	-00.0256	0001.884
-02.9805	-00.0250	0001.885
-02.9784	-00.0256	0001.886
-02.9757	-00.0253	0001.887
-02.9732	-00.0250	0001.888
-02.9699	-00.0253	0001.889
-02.9668	-00.0253	0001.890
-02.9641	-00.0253	0001.891
-02.9622	-00.0253	0001.892
-02.9592	-00.0253	0001.893
-02.9567	-00.0256	0001.894
-02.9537	-00.0253	0001.895
-02.9512	-00.0250	0001.896
-02.9488	-00.0250	0001.897
-02.9454	-00.0253	0001.898
-02.9433	-00.0250	0001.899
-02.9403	-00.0253	0001.900
-02.9378	-00.0256	0001.901
-02.9354	-00.0256	0001.902
-02.9326	-00.0250	0001.903
-02.9296	-00.0250	0001.904
-02.9277	-00.0256	0001.905
-02.9247	-00.0253	0001.906
-02.9226	-00.0253	0001.907
-02.9195	-00.0256	0001.908
-02.9171	-00.0250	0001.909
-02.9137	-00.0253	0001.910
-02.9113	-00.0253	0001.911
-02.9094	-00.0253	0001.912
-02.9055	-00.0256	0001.913
-02.9030	-00.0250	0001.914
-02.9003	-00.0253	0001.915
-02.8981	-00.0250	0001.916
-02.8951	-00.0253	0001.917
-02.8926	-00.0250	0001.918
-02.8902	-00.0250	0001.919
-02.8875	-00.0250	0001.920
-02.8844	-00.0250	0001.921
-02.8817	-00.0253	0001.922
-02.8792	-00.0247	0001.923
-02.8768	-00.0250	0001.924
-02.8740	-00.0250	0001.925
-02.8713	-00.0250	0001.926
-02.8685	-00.0253	0001.927
-02.8658	-00.0253	0001.928
-02.8634	-00.0250	0001.929
-02.8609	-00.0256	0001.930
-02.8569	-00.0250	0001.931
-02.8545	-00.0250	0001.932
-02.8533	-00.0250	0001.933
-02.8502	-00.0253	0001.934
-02.8472	-00.0250	0001.935
-02.8444	-00.0250	0001.936
-02.8420	-00.0253	0001.937
-02.8395	-00.0250	0001.938
-02.8362	-00.0250	0001.939
-02.8337	-00.0250	0001.940
-02.8307	-00.0253	0001.941
-02.8289	-00.0247	0001.942
-02.8261	-00.0247	0001.943
-02.8228	-00.0250	0001.944
-02.8206	-00.0253	0001.945
-02.8182	-00.0247	0001.946
-02.8151	-00.0250	0001.947
-02.8124	-00.0253	0001.948
-02.8096	-00.0250	0001.949
-02.8069	-00.0247	0001.950
-02.8048	-00.0250	0001.951
-02.8017	-00.0247	0001.952
-02.7990	-00.0250	0001.953
-02.7962	-00.0250	0001.954
-02.7941	-00.0250	0001.955
-02.7913	-00.0253	0001.956
-02.7889	-00.0247	0001.957
-02.7861	-00.0247	0001.958
-02.7831	-00.0250	0001.959
-02.7803	-00.0247	0001.960
-02.7779	-00.0247	0001.961
-02.7745	-00.0247	0001.962
-02.7721	-00.0247	0001.963
-02.7700	-00.0247	0001.964
-02.7666	-00.0247	0001.965
-02.7642	-00.0247	0001.966
-02.7614	-00.0247	0001.967
-02.7593	-00.0250	0001.968
-02.7565	-00.0253	0001.969
-02.7535	-00.0250	0001.970
-02.7520	-00.0247	0001.971
-02.7486	-00.0247	0001.972
-02.7465	-00.0247	0001.973
-02.7428	-00.0247	0001.974
-02.7404	-00.0247	0001.975
-02.7379	-00.0247	0001.976
-02.7346	-00.0250	0001.977
-02.7324	-00.0250	0001.978
-02.7297	-00.0253	0001.979
-02.7266	-00.0247	0001.980
-02.7248	-00.0247	0001.981
-02.7221	-00.0247	0001.982
-02.7193	-00.0247	0001.983
-02.7156	-00.0250	0001.984
-02.7132	-00.0247	0001.985
-02.7114	-00.0244	0001.986
-02.7089	-00.0247	0001.987
-02.7056	-00.0247	0001.988
-02.7031	-00.0241	0001.989
-02.7004	-00.0247	0001.990
-02.6970	-00.0247	0001.991
-02.6946	-00.0247	0001.992
-02.6921	-00.0244	0001.993
-02.6897	-00.0247	0001.994
-02.6870	-00.0244	0001.995
-02.6845	-00.0247	0001.996
-02.6815	-00.0247	0001.997
-02.6790	-00.0247	0001.998
-02.6763	-00.0244	0001.999
-02.6735	-00.0244	0002.000
-02.6708	-00.0244	0002.001
-02.6680	-00.0247	0002.002
-02.6653	-00.0244	0002.003
-02.6625	-00.0250	0002.004
-02.6607	-00.0247	0002.005
-02.6574	-00.0247	0002.006
-02.6546	-00.0244	0002.007
-02.6522	-00.0247	0002.008
-02.6500	-00.0247	0002.009
-02.6470	-00.0247	0002.010
-02.6439	-00.0247	0002.011
-02.6418	-00.0244	0002.012
-02.6390	-00.0241	0002.013
-02.6360	-00.0247	0002.014
-02.6336	-00.0247	0002.015
-02.6305	-00.0244	0002.016
-02.6281	-00.0244	0002.017
-02.6250	-00.0247	0002.018
-02.6232	-00.0241	0002.019
-02.6201	-00.0244	0002.020
-02.6171	-00.0241	0002.021
-02.6146	-00.0247	0002.022
-02.6119	-00.0244	0002.023
-02.6094	-00.0247	0002.024
-02.6073	-00.0241	0002.025
-02.6043	-00.0241	0002.026
-02.6015	-00.0247	0002.027
-02.5988	-00.0241	0002.028
-02.5972	-00.0244	0002.029
-02.5936	-00.0247	0002.030
-02.5908	-00.0241	0002.031
-02.5884	-00.0244	0002.032
-02.5853	-00.0241	0002.033
-02.5826	-00.0244	0002.034
-02.5801	-00.0247	0002.035
-02.5771	-00.0244	0002.036
-02.5747	-00.0241	0002.037
-02.5716	-00.0241	0002.038
-02.5698	-00.0244	0002.039
-02.5673	-00.0247	0002.040
-02.5640	-00.0241	0002.041
-02.5615	-00.0241	0002.042
-02.5588	-00.0241	0002.043
-02.5563	-00.0244	0002.044
-02.5536	-00.0244	0002.045
-02.5505	-00.0241	0002.046
-02.5484	-00.0241	0002.047
-02.5454	-00.0241	0002.048
-02.5429	-00.0244	0002.049
-02.5399	-00.0247	0002.050
-02.5374	-00.0241	0002.051
-02.5344	-00.0244	0002.052
-02.5325	-00.0244	0002.053
-02.5289	-00.0244	0002.054
-02.5267	-00.0244	0002.055
-02.5234	-00.0244	0002.056
-02.5212	-00.0238	0002.057
-02.5188	-00.0241	0002.058
-02.5158	-00.0244	0002.059
-02.5127	-00.0247	0002.060
-02.5103	-00.0244	0002.061
-02.5075	-00.0244	0002.062
-02.5063	-00.0244	0002.063
-02.5020	-00.0247	0002.064
-02.4996	-00.0241	0002.065
-02.4971	-00.0244	0002.066
-02.4947	-00.0247	0002.067
-02.4920	-00.0241	0002.068
-02.4895	-00.0241	0002.069
-02.4871	-00.0241	0002.070
-02.4837	-00.0235	0002.071
-02.4813	-00.0244	0002.072
-02.4791	-00.0244	0002.073
-02.4761	-00.0241	0002.074
-02.4733	-00.0238	0002.075
-02.4706	-00.0238	0002.076
-02.4675	-00.0241	0002.077
-02.4651	-00.0238	0002.078
-02.4623	-00.0241	0002.079
-02.4599	-00.0241	0002.080
-02.4575	-00.0241	0002.081
-02.4547	-00.0241	0002.082
-02.4520	-00.0238	0002.083
-02.4489	-00.0241	0002.084
-02.4468	-00.0238	0002.085
-02.4443	-00.0241	0002.086
-02.4407	-00.0235	0002.087
-02.4389	-00.0241	0002.088
-02.4361	-00.0241	0002.089
-02.4331	-00.0238	0002.090
-02.4306	-00.0244	0002.091
-02.4279	-00.0241	0002.092
-02.4251	-00.0241	0002.093
-02.4233	-00.0238	0002.094
-02.4199	-00.0241	0002.095
-02.4172	-00.0241	0002.096
-02.4154	-00.0238	0002.097
-02.4117	-00.0244	0002.098
-02.4092	-00.0238	0002.099
-02.4062	-00.0238	0002.100
-02.4044	-00.0238	0002.101
-02.4010	-00.0238	0002.102
-02.3986	-00.0238	0002.103
-02.3958	-00.0238	0002.104
-02.3934	-00.0241	0002.105
-02.3903	-00.0238	0002.106
-02.3879	-00.0238	0002.107
-02.3854	-00.0241	0002.108
-02.3827	-00.0241	0002.109
-02.3796	-00.0241	0002.110
-02.3772	-00.0238	0002.111
-02.3745	-00.0238	0002.112
-02.3720	-00.0241	0002.113
-02.3690	-00.0238	0002.114
-02.3665	-00.0235	0002.115
-02.3641	-00.0238	0002.116
-02.3613	-00.0235	0002.117
-02.3589	-00.0235	0002.118
-02.3558	-00.0241	0002.119
-02.3534	-00.0238	0002.120
-02.3507	-00.0238	0002.121
-02.3479	-00.0235	0002.122
-02.3455	-00.0238	0002.123
-02.3424	-00.0235	0002.124
-02.3391	-00.0235	0002.125
-02.3375	-00.0238	0002.126
-02.3345	-00.0235	0002.127
-02.3314	-00.0238	0002.128
-02.3299	-00.0238	0002.129
-02.3262	-00.0238	0002.130
-02.3235	-00.0235	0002.131
-02.3214	-00.0235	0002.132
-02.3192	-00.0238	0002.133
-02.3162	-00.0238	0002.134
-02.3128	-00.0238	0002.135
-02.3110	-00.0238	0002.136
-02.3079	-00.0235	0002.137
-02.3046	-00.0235	0002.138
-02.3024	-00.0235	0002.139
-02.2994	-00.0238	0002.140
-02.2972	-00.0238	0002.141
-02.2942	-00.0235	0002.142
-02.2921	-00.0235	0002.143
-02.2893	-00.0235	0002.144
-02.2863	-00.0235	0002.145
-02.2835	-00.0235	0002.146
-02.2814	-00.0232	0002.147
-02.2786	-00.0235	0002.148
-02.2756	-00.0241	0002.149
-02.2731	-00.0232	0002.150
-02.2704	-00.0235	0002.151
-02.2673	-00.0235	0002.152
-02.2649	-00.0235	0002.153
-02.2622	-00.0232	0002.154
-02.2597	-00.0238	0002.155
-02.2570	-00.0235	0002.156
-02.2539	-00.0235	0002.157
-02.2521	-00.0235	0002.158
-02.2490	-00.0232	0002.159
-02.2460	-00.0235	0002.160
-02.2438	-00.0235	0002.161
-02.2411	-00.0235	0002.162
-02.2380	-00.0232	0002.163
-02.2359	-00.0232	0002.164
-02.2329	-00.0238	0002.165
-02.2304	-00.0235	0002.166
-02.2280	-00.0229	0002.167
-02.2246	-00.0229	0002.168
-02.2231	-00.0235	0002.169
-02.2200	-00.0232	0002.170
-02.2170	-00.0235	0002.171
-02.2142	-00.0232	0002.172
-02.2118	-00.0235	0002.173
-02.2087	-00.0235	0002.174
-02.2063	-00.0235	0002.175
-02.2033	-00.0232	0002.176
-02.2014	-00.0232	0002.177
-02.1987	-00.0232	0002.178
-02.1950	-00.0235	0002.179
-02.1926	-00.0232	0002.180
-02.1904	-00.0232	0002.181
-02.1868	-00.0232	0002.182
-02.1846	-00.0238	0002.183
-02.1828	-00.0232	0002.184
-02.1798	-00.0232	0002.185
-02.1773	-00.0235	0002.186
-02.1743	-00.0241	0002.187
-02.1712	-00.0232	0002.188
-02.1691	-00.0235	0002.189
-02.1663	-00.0225	0002.190
-02.1636	-00.0232	0002.191
-02.1611	-00.0232	0002.192
-02.1584	-00.0232	0002.193
-02.1556	-00.0232	0002.194
-02.1526	-00.0232	0002.195
-02.1505	-00.0232	0002.196
-02.1480	-00.0238	0002.197
-02.1453	-00.0235	0002.198
-02.1419	-00.0235	0002.199
-02.1398	-00.0229	0002.200
-02.1364	-00.0232	0002.201
-02.1343	-00.0232	0002.202
-02.1315	-00.0232	0002.203
-02.1288	-00.0229	0002.204
-02.1260	-00.0229	0002.205
-02.1233	-00.0229	0002.206
-02.1209	-00.0232	0002.207
-02.1181	-00.0229	0002.208
-02.1154	-00.0232	0002.209
-02.1126	-00.0229	0002.210
-02.1105	-00.0225	0002.211
-02.1071	-00.0229	0002.212
-02.1050	-00.0229	0002.213
-02.1022	-00.0229	0002.214
-02.0995	-00.0232	0002.215
-02.0967	-00.0229	0002.216
-02.0940	-00.0232	0002.217
-02.0916	-00.0229	0002.218
-02.0891	-00.0229	0002.219
-02.0861	-00.0229	0002.220
-02.0833	-00.0229	0002.221
-02.0809	-00.0225	0002.222
-02.0784	-00.0229	0002.223
-02.0754	-00.0229	0002.224
-02.0726	-00.0229	0002.225
-02.0696	-00.0229	0002.226
-02.0675	-00.0232	0002.227
-02.0647	-00.0225	0002.228
-02.0620	-00.0232	0002.229
-02.0592	-00.0229	0002.230
-02.0571	-00.0229	0002.231
-02.0540	-00.0232	0002.232
-02.0513	-00.0225	0002.233
-02.0482	-00.0232	0002.234
-02.0464	-00.0225	0002.235
-02.0433	-00.0232	0002.236
-02.0406	-00.0225	0002.237
-02.0379	-00.0229	0002.238
-02.0357	-00.0229	0002.239
-02.0324	-00.0229	0002.240
-02.0299	-00.0225	0002.241
-02.0278	-00.0229	0002.242
-02.0247	-00.0222	0002.243
-02.0220	-00.0229	0002.244
-02.0192	-00.0229	0002.245
-02.0168	-00.0225	0002.246
-02.0144	-00.0229	0002.247
-02.0116	-00.0229	0002.248
-02.0082	-00.0222	0002.249
-02.0061	-00.0229	0002.250
-02.0031	-00.0225	0002.251
-02.0006	-00.0225	0002.252
-01.9982	-00.0225	0002.253
-01.9954	-00.0225	0002.254
-01.9927	-00.0222	0002.255
-01.9899	-00.0222	0002.256
-01.9878	-00.0222	0002.257
-01.9847	-00.0222	0002.258
-01.9823	-00.0225	0002.259
-01.9793	-00.0225	0002.260
-01.9768	-00.0229	0002.261
-01.9738	-00.0222	0002.262
-01.9713	-00.0225	0002.263
-01.9686	-00.0229	0002.264
-01.9667	-00.0222	0002.265
-01.9637	-00.0222	0002.266
-01.9606	-00.0222	0002.267
-01.9576	-00.0222	0002.268
-01.9558	-00.0225	0002.269
-01.9527	-00.0225	0002.270
-01.9500	-00.0225	0002.271
-01.9472	-00.0222	0002.272
-01.9448	-00.0222	0002.273
-01.9420	-00.0225	0002.274
-01.9393	-00.0229	0002.275
-01.9368	-00.0222	0002.276
-01.9341	-00.0219	0002.277
-01.9307	-00.0229	0002.278
-01.9289	-00.0229	0002.279
-01.9259	-00.0222	0002.280
-01.9234	-00.0222	0002.281
-01.9201	-00.0222	0002.282
-01.9179	-00.0222	0002.283
-01.9155	-00.0222	0002.284
-01.9127	-00.0225	0002.285
-01.9103	-00.0222	0002.286
-01.9069	-00.0225	0002.287
-01.9051	-00.0222	0002.288
-01.9024	-00.0222	0002.289
-01.8990	-00.0222	0002.290
-01.8959	-00.0219	0002.291
-01.8947	-00.0222	0002.292
-01.8911	-00.0219	0002.293
-01.8886	-00.0225	0002.294
-01.8862	-00.0225	0002.295
-01.8837	-00.0222	0002.296
-01.8804	-00.0222	0002.297
-01.8770	-00.0219	0002.298
-01.8752	-00.0222	0002.299
-01.8727	-00.0219	0002.300
-01.8700	-00.0222	0002.301
-01.8673	-00.0222	0002.302
-01.8645	-00.0219	0002.303
-01.8618	-00.0222	0002.304
-01.8596	-00.0222	0002.305
-01.8560	-00.0219	0002.306
-01.8547	-00.0222	0002.307
-01.8511	-00.0219	0002.308
-01.8489	-00.0222	0002.309
-01.8459	-00.0219	0002.310
-01.8431	-00.0219	0002.311
-01.8404	-00.0222	0002.312
-01.8380	-00.0219	0002.313
-01.8355	-00.0219	0002.314
-01.8328	-00.0219	0002.315
-01.8300	-00.0219	0002.316
-01.8273	-00.0216	0002.317
-01.8251	-00.0219	0002.318
-01.8221	-00.0219	0002.319
-01.8187	-00.0216	0002.320
-01.8166	-00.0216	0002.321
-01.8139	-00.0219	0002.322
-01.8108	-00.0219	0002.323
-01.8084	-00.0216	0002.324
-01.8056	-00.0216	0002.325
-01.8032	-00.0216	0002.326
-01.8004	-00.0213	0002.327
-01.7977	-00.0219	0002.328
-01.7946	-00.0222	0002.329
-01.7922	-00.0216	0002.330
-01.7894	-00.0216	0002.331
-01.7873	-00.0216	0002.332
-01.7839	-00.0216	0002.333
-01.7815	-00.0216	0002.334
-01.7791	-00.0222	0002.335
-01.7763	-00.0216	0002.336
-01.7736	-00.0216	0002.337
-01.7708	-00.0219	0002.338
-01.7690	-00.0216	0002.339
-01.7650	-00.0216	0002.340
-01.7629	-00.0219	0002.341
-01.7601	-00.0216	0002.342
-01.7577	-00.0216	0002.343
-01.7546	-00.0216	0002.344
-01.7525	-00.0219	0002.345
-01.7495	-00.0216	0002.346
-01.7473	-00.0213	0002.347
-01.7443	-00.0213	0002.348
-01.7412	-00.0213	0002.349
-01.7388	-00.0213	0002.350
-01.7360	-00.0219	0002.351
-01.7336	-00.0219	0002.352
-01.7311	-00.0219	0002.353
-01.7287	-00.0216	0002.354
-01.7257	-00.0216	0002.355
-01.7232	-00.0213	0002.356
-01.7202	-00.0216	0002.357
-01.7174	-00.0216	0002.358
-01.7147	-00.0216	0002.359
-01.7125	-00.0213	0002.360
-01.7095	-00.0216	0002.361
-01.7067	-00.0216	0002.362
-01.7043	-00.0216	0002.363
-01.7012	-00.0216	0002.364
-01.6994	-00.0216	0002.365
-01.6967	-00.0216	0002.366
-01.6936	-00.0210	0002.367
-01.6909	-00.0213	0002.368
-01.6887	-00.0219	0002.369
-01.6857	-00.0216	0002.370
-01.6823	-00.0216	0002.371
-01.6808	-00.0213	0002.372
-01.6774	-00.0216	0002.373
-01.6750	-00.0213	0002.374
-01.6719	-00.0216	0002.375
-01.6698	-00.0210	0002.376
-01.6661	-00.0213	0002.377
-01.6646	-00.0216	0002.378
-01.6619	-00.0213	0002.379
-01.6591	-00.0216	0002.380
-01.6561	-00.0210	0002.381
-01.6536	-00.0213	0002.382
-01.6515	-00.0213	0002.383
-01.6481	-00.0213	0002.384
-01.6457	-00.0213	0002.385
-01.6426	-00.0216	0002.386
-01.6399	-00.0213	0002.387
-01.6372	-00.0210	0002.388
-01.6347	-00.0210	0002.389
-01.6320	-00.0213	0002.390
-01.6298	-00.0216	0002.391
-01.6274	-00.0216	0002.392
-01.6237	-00.0210	0002.393
-01.6216	-00.0210	0002.394
-01.6188	-00.0216	0002.395
-01.6161	-00.0213	0002.396
-01.6134	-00.0213	0002.397
-01.6109	-00.0210	0002.398
-01.6079	-00.0210	0002.399
-01.6048	-00.0210	0002.400
-01.6027	-00.0213	0002.401
-01.5999	-00.0210	0002.402
-01.5969	-00.0210	0002.403
-01.5957	-00.0210	0002.404
-01.5914	-00.0210	0002.405
-01.5895	-00.0207	0002.406
-01.5865	-00.0207	0002.407
-01.5844	-00.0210	0002.408
-01.5810	-00.0210	0002.409
-01.5789	-00.0210	0002.410
-01.5761	-00.0210	0002.411
-01.5737	-00.0210	0002.412
-01.5706	-00.0213	0002.413
-01.5679	-00.0210	0002.414
-01.5654	-00.0210	0002.415
-01.5624	-00.0210	0002.416
-01.5599	-00.0210	0002.417
-01.5572	-00.0207	0002.418
-01.5548	-00.0213	0002.419
-01.5517	-00.0210	0002.420
-01.5496	-00.0207	0002.421
-01.5465	-00.0207	0002.422
-01.5432	-00.0210	0002.423
-01.5407	-00.0210	0002.424
-01.5389	-00.0207	0002.425
-01.5364	-00.0207	0002.426
-01.5331	-00.0204	0002.427
-01.5303	-00.0207	0002.428
-01.5285	-00.0213	0002.429
-01.5248	-00.0207	0002.430
-01.5227	-00.0201	0002.431
-01.5200	-00.0210	0002.432
-01.5175	-00.0207	0002.433
-01.5142	-00.0207	0002.434
-01.5117	-00.0207	0002.435
-01.5090	-00.0204	0002.436
-01.5068	-00.0207	0002.437
-01.5041	-00.0207	0002.438
-01.5010	-00.0207	0002.439
-01.4986	-00.0210	0002.440
-01.4956	-00.0204	0002.441
-01.4931	-00.0207	0002.442
-01.4901	-00.0207	0002.443
-01.4879	-00.0204	0002.444
-01.4849	-00.0207	0002.445
-01.4824	-00.0207	0002.446
-01.4797	-00.0207	0002.447
-01.4772	-00.0207	0002.448
-01.4742	-00.0204	0002.449
-01.4721	-00.0207	0002.450
-01.4690	-00.0207	0002.451
-01.4666	-00.0201	0002.452
-01.4635	-00.0204	0002.453
-01.4608	-00.0204	0002.454
-01.4583	-00.0207	0002.455
-01.4556	-00.0201	0002.456
-01.4531	-00.0204	0002.457
-01.4501	-00.0204	0002.458
-01.4473	-00.0204	0002.459
-01.4452	-00.0204	0002.460
-01.4418	-00.0204	0002.461
-01.4397	-00.0204	0002.462
-01.4370	-00.0201	0002.463
-01.4339	-00.0204	0002.464
-01.4321	-00.0204	0002.465
-01.4290	-00.0204	0002.466
-01.4269	-00.0204	0002.467
-01.4241	-00.0204	0002.468
-01.4208	-00.0201	0002.469
-01.4183	-00.0204	0002.470
-01.4156	-00.0204	0002.471
-01.4129	-00.0204	0002.472
-01.4107	-00.0207	0002.473
-01.4077	-00.0207	0002.474
-01.4052	-00.0198	0002.475
-01.4028	-00.0201	0002.476
-01.4000	-00.0201	0002.477
-01.3970	-00.0201	0002.478
-01.3942	-00.0198	0002.479
-01.3921	-00.0204	0002.480
-01.3887	-00.0204	0002.481
-01.3866	-00.0198	0002.482
-01.3836	-00.0198	0002.483
-01.3814	-00.0204	0002.484
-01.3784	-00.0198	0002.485
-01.3759	-00.0201	0002.486
-01.3732	-00.0204	0002.487
-01.3704	-00.0198	0002.488
-01.3677	-00.0201	0002.489
-01.3649	-00.0201	0002.490
-01.3622	-00.0201	0002.491
-01.3594	-00.0201	0002.492
-01.3570	-00.0204	0002.493
-01.3549	-00.0198	0002.494
-01.3518	-00.0195	0002.495
-01.3491	-00.0201	0002.496
-01.3460	-00.0201	0002.497
-01.3439	-00.0198	0002.498
-01.3408	-00.0201	0002.499
-01.3387	-00.0198	0002.500
-01.3359	-00.0198	0002.501
-01.3326	-00.0204	0002.502
-01.3298	-00.0198	0002.503
-01.3277	-00.0195	0002.504
-01.3247	-00.0198	0002.505
-01.3222	-00.0198	0002.506
-01.3192	-00.0198	0002.507
-01.3167	-00.0198	0002.508
-01.3146	-00.0198	0002.509
-01.3115	-00.0195	0002.510
-01.3094	-00.0198	0002.511
-01.3057	-00.0198	0002.512
-01.3036	-00.0195	0002.513
-01.3009	-00.0198	0002.514
-01.2984	-00.0198	0002.515
-01.2957	-00.0198	0002.516
-01.2929	-00.0195	0002.517
-01.2905	-00.0198	0002.518
-01.2877	-00.0195	0002.519
-01.2844	-00.0198	0002.520
-01.2822	-00.0198	0002.521
-01.2795	-00.0195	0002.522
-01.2767	-00.0192	0002.523
-01.2746	-00.0201	0002.524
-01.2712	-00.0195	0002.525
-01.2685	-00.0195	0002.526
-01.2661	-00.0198	0002.527
-01.2636	-00.0195	0002.528
-01.2609	-00.0195	0002.529
-01.2581	-00.0195	0002.530
-01.2554	-00.0198	0002.531
-01.2526	-00.0192	0002.532
-01.2502	-00.0192	0002.533
-01.2474	-00.0195	0002.534
-01.2447	-00.0195	0002.535
-01.2429	-00.0201	0002.536
-01.2395	-00.0192	0002.537
-01.2368	-00.0195	0002.538
-01.2340	-00.0195	0002.539
-01.2316	-00.0195	0002.540
-01.2288	-00.0195	0002.541
-01.2261	-00.0189	0002.542
-01.2239	-00.0195	0002.543
-01.2203	-00.0192	0002.544
-01.2178	-00.0192	0002.545
-01.2154	-00.0192	0002.546
-01.2130	-00.0189	0002.547
-01.2102	-00.0195	0002.548
-01.2072	-00.0192	0002.549
-01.2044	-00.0195	0002.550
-01.2023	-00.0189	0002.551
-01.1989	-00.0192	0002.552
-01.1965	-00.0195	0002.553
-01.1937	-00.0192	0002.554
-01.1919	-00.0192	0002.555
-01.1885	-00.0189	0002.556
-01.1855	-00.0195	0002.557
-01.1834	-00.0192	0002.558
-01.1812	-00.0192	0002.559
-01.1785	-00.0195	0002.560
-01.1751	-00.0192	0002.561
-01.1727	-00.0192	0002.562
-01.1702	-00.0189	0002.563
-01.1675	-00.0192	0002.564
-01.1647	-00.0195	0002.565
-01.1620	-00.0192	0002.566
-01.1592	-00.0192	0002.567
-01.1562	-00.0192	0002.568
-01.1541	-00.0192	0002.569
-01.1513	-00.0192	0002.570
-01.1489	-00.0192	0002.571
-01.1461	-00.0186	0002.572
-01.1428	-00.0189	0002.573
-01.1403	-00.0192	0002.574
-01.1376	-00.0192	0002.575
-01.1354	-00.0192	0002.576
-01.1324	-00.0186	0002.577
-01.1303	-00.0189	0002.578
-01.1269	-00.0186	0002.579
-01.1251	-00.0186	0002.580
-01.1217	-00.0192	0002.581
-01.1196	-00.0189	0002.582
-01.1168	-00.0186	0002.583
-01.1135	-00.0186	0002.584
-01.1113	-00.0186	0002.585
-01.1083	-00.0189	0002.586
-01.1058	-00.0186	0002.587
-01.1031	-00.0186	0002.588
-01.1007	-00.0186	0002.589
-01.0979	-00.0186	0002.590
-01.0952	-00.0183	0002.591
-01.0921	-00.0183	0002.592
-01.0900	-00.0189	0002.593
-01.0872	-00.0186	0002.594
-01.0848	-00.0183	0002.595
-01.0817	-00.0192	0002.596
-01.0796	-00.0189	0002.597
-01.0769	-00.0189	0002.598
-01.0735	-00.0186	0002.599
-01.0714	-00.0186	0002.600
-01.0689	-00.0189	0002.601
-01.0659	-00.0186	0002.602
-01.0634	-00.0186	0002.603
-01.0598	-00.0180	0002.604
-01.0579	-00.0186	0002.605
-01.0555	-00.0186	0002.606
-01.0527	-00.0186	0002.607
-01.0500	-00.0183	0002.608
-01.0469	-00.0183	0002.609
-01.0445	-00.0192	0002.610
-01.0418	-00.0183	0002.611
-01.0393	-00.0183	0002.612
-01.0366	-00.0186	0002.613
-01.0335	-00.0186	0002.614
-01.0311	-00.0186	0002.615
-01.0289	-00.0180	0002.616
-01.0259	-00.0189	0002.617
-01.0225	-00.0183	0002.618
-01.0204	-00.0183	0002.619
-01.0176	-00.0186	0002.620
-01.0152	-00.0183	0002.621
-01.0122	-00.0183	0002.622
-01.0097	-00.0186	0002.623
-01.0076	-00.0183	0002.624
-01.0045	-00.0183	0002.625
-01.0012	-00.0183	0002.626
-00.9990	-00.0180	0002.627
-00.9963	-00.0180	0002.628
-00.9935	-00.0183	0002.629
-00.9911	-00.0183	0002.630
-00.9884	-00.0183	0002.631
-00.9859	-00.0186	0002.632
-00.9832	-00.0183	0002.633
-00.9804	-00.0186	0002.634
-00.9777	-00.0180	0002.635
-00.9749	-00.0180	0002.636
-00.9722	-00.0183	0002.637
-00.9697	-00.0180	0002.638
-00.9670	-00.0180	0002.639
-00.9642	-00.0180	0002.640
-00.9615	-00.0183	0002.641
-00.9597	-00.0186	0002.642
-00.9563	-00.0177	0002.643
-00.9539	-00.0180	0002.644
-00.9508	-00.0177	0002.645
-00.9478	-00.0180	0002.646
-00.9459	-00.0177	0002.647
-00.9426	-00.0180	0002.648
-00.9404	-00.0177	0002.649
-00.9380	-00.0180	0002.650
-00.9349	-00.0177	0002.651
-00.9322	-00.0180	0002.652
-00.9295	-00.0177	0002.653
-00.9270	-00.0177	0002.654
-00.9243	-00.0177	0002.655
-00.9218	-00.0180	0002.656
-00.9191	-00.0177	0002.657
-00.9160	-00.0177	0002.658
-00.9136	-00.0177	0002.659
-00.9108	-00.0180	0002.660
-00.9084	-00.0180	0002.661
-00.9056	-00.0177	0002.662
-00.9029	-00.0177	0002.663
-00.9002	-00.0180	0002.664
-00.8980	-00.0177	0002.665
-00.8953	-00.0174	0002.666
-00.8922	-00.0174	0002.667
-00.8895	-00.0177	0002.668
-00.8870	-00.0177	0002.669
-00.8846	-00.0174	0002.670
-00.8818	-00.0180	0002.671
-00.8788	-00.0174	0002.672
-00.8764	-00.0177	0002.673
-00.8736	-00.0177	0002.674
-00.8706	-00.0174	0002.675
-00.8681	-00.0177	0002.676
-00.8657	-00.0177	0002.677
-00.8626	-00.0174	0002.678
-00.8599	-00.0177	0002.679
-00.8571	-00.0177	0002.680
-00.8553	-00.0180	0002.681
-00.8519	-00.0174	0002.682
-00.8492	-00.0177	0002.683
-00.8471	-00.0177	0002.684
-00.8440	-00.0177	0002.685
-00.8413	-00.0177	0002.686
-00.8385	-00.0171	0002.687
-00.8358	-00.0174	0002.688
-00.8336	-00.0171	0002.689
-00.8309	-00.0171	0002.690
-00.8278	-00.0177	0002.691
-00.8260	-00.0174	0002.692
-00.8226	-00.0171	0002.693
-00.8205	-00.0174	0002.694
-00.8171	-00.0174	0002.695
-00.8150	-00.0174	0002.696
-00.8120	-00.0167	0002.697
-00.8095	-00.0171	0002.698
-00.8068	-00.0174	0002.699
-00.8040	-00.0174	0002.700
-00.8016	-00.0167	0002.701
-00.7991	-00.0171	0002.702
-00.7961	-00.0174	0002.703
-00.7933	-00.0171	0002.704
-00.7909	-00.0171	0002.705
-00.7879	-00.0171	0002.706
-00.7854	-00.0167	0002.707
-00.7827	-00.0171	0002.708
-00.7802	-00.0174	0002.709
-00.7775	-00.0174	0002.710
-00.7747	-00.0171	0002.711
-00.7732	-00.0171	0002.712
-00.7698	-00.0167	0002.713
-00.7662	-00.0171	0002.714
-00.7644	-00.0174	0002.715
-00.7613	-00.0167	0002.716
-00.7586	-00.0167	0002.717
-00.7561	-00.0174	0002.718
-00.7540	-00.0171	0002.719
-00.7509	-00.0171	0002.720
-00.7482	-00.0171	0002.721
-00.7451	-00.0171	0002.722
-00.7433	-00.0167	0002.723
-00.7402	-00.0167	0002.724
-00.7375	-00.0164	0002.725
-00.7344	-00.0174	0002.726
-00.7320	-00.0164	0002.727
-00.7296	-00.0167	0002.728
-00.7271	-00.0167	0002.729
-00.7238	-00.0167	0002.730
-00.7216	-00.0167	0002.731
-00.7192	-00.0167	0002.732
-00.7161	-00.0167	0002.733
-00.7137	-00.0161	0002.734
-00.7109	-00.0167	0002.735
-00.7082	-00.0164	0002.736
-00.7048	-00.0167	0002.737
-00.7030	-00.0164	0002.738
-00.7003	-00.0164	0002.739
-00.6972	-00.0171	0002.740
-00.6948	-00.0164	0002.741
-00.6923	-00.0164	0002.742
-00.6893	-00.0164	0002.743
-00.6865	-00.0164	0002.744
-00.6835	-00.0161	0002.745
-00.6816	-00.0161	0002.746
-00.6789	-00.0164	0002.747
-00.6762	-00.0167	0002.748
-00.6731	-00.0161	0002.749
-00.6704	-00.0161	0002.750
-00.6685	-00.0161	0002.751
-00.6655	-00.0164	0002.752
-00.6624	-00.0158	0002.753
-00.6606	-00.0164	0002.754
-00.6569	-00.0164	0002.755
-00.6542	-00.0161	0002.756
-00.6514	-00.0161	0002.757
-00.6496	-00.0161	0002.758
-00.6466	-00.0161	0002.759
-00.6438	-00.0158	0002.760
-00.6411	-00.0161	0002.761
-00.6386	-00.0161	0002.762
-00.6359	-00.0158	0002.763
-00.6331	-00.0161	0002.764
-00.6304	-00.0158	0002.765
-00.6279	-00.0161	0002.766
-00.6252	-00.0158	0002.767
-00.6221	-00.0164	0002.768
-00.6203	-00.0161	0002.769
-00.6176	-00.0161	0002.770
-00.6142	-00.0161	0002.771
-00.6121	-00.0158	0002.772
-00.6093	-00.0164	0002.773
-00.6069	-00.0161	0002.774
-00.6035	-00.0158	0002.775
-00.6017	-00.0158	0002.776
-00.5986	-00.0155	0002.777
-00.5956	-00.0158	0002.778
-00.5935	-00.0158	0002.779
-00.5901	-00.0161	0002.780
-00.5880	-00.0158	0002.781
-00.5852	-00.0161	0002.782
-00.5828	-00.0155	0002.783
-00.5800	-00.0158	0002.784
-00.5770	-00.0161	0002.785
-00.5751	-00.0161	0002.786
-00.5712	-00.0152	0002.787
-00.5693	-00.0155	0002.788
-00.5666	-00.0155	0002.789
-00.5639	-00.0158	0002.790
-00.5608	-00.0161	0002.791
-00.5584	-00.0152	0002.792
-00.5559	-00.0152	0002.793
-00.5529	-00.0158	0002.794
-00.5504	-00.0158	0002.795
-00.5480	-00.0152	0002.796
-00.5452	-00.0158	0002.797
-00.5425	-00.0152	0002.798
-00.5397	-00.0155	0002.799
-00.5367	-00.0152	0002.800
-00.5346	-00.0152	0002.801
-00.5315	-00.0155	0002.802
-00.5294	-00.0155	0002.803
-00.5263	-00.0155	0002.804
-00.5236	-00.0155	0002.805
-00.5211	-00.0155	0002.806
-00.5181	-00.0155	0002.807
-00.5156	-00.0152	0002.808
-00.5129	-00.0155	0002.809
-00.5101	-00.0152	0002.810
-00.5080	-00.0155	0002.811
-00.5053	-00.0149	0002.812
-00.5025	-00.0152	0002.813
-00.4998	-00.0152	0002.814
-00.4970	-00.0155	0002.815
-00.4943	-00.0155	0002.816
-00.4918	-00.0149	0002.817
-00.4891	-00.0149	0002.818
-00.4863	-00.0146	0002.819
-00.4839	-00.0149	0002.820
-00.4808	-00.0152	0002.821
-00.4787	-00.0152	0002.822
-00.4757	-00.0155	0002.823
-00.4726	-00.0152	0002.824
-00.4705	-00.0152	0002.825
-00.4677	-00.0149	0002.826
-00.4650	-00.0146	0002.827
-00.4625	-00.0149	0002.828
-00.4595	-00.0152	0002.829
-00.4570	-00.0146	0002.830
-00.4543	-00.0155	0002.831
-00.4515	-00.0149	0002.832
-00.4494	-00.0146	0002.833
-00.4464	-00.0149	0002.834
-00.4436	-00.0149	0002.835
-00.4412	-00.0149	0002.836
-00.4384	-00.0152	0002.837
-00.4354	-00.0149	0002.838
-00.4326	-00.0146	0002.839
-00.4302	-00.0149	0002.840
-00.4277	-00.0149	0002.841
-00.4250	-00.0146	0002.842
-00.4222	-00.0149	0002.843
-00.4195	-00.0146	0002.844
-00.4171	-00.0146	0002.845
-00.4146	-00.0149	0002.846
-00.4113	-00.0146	0002.847
-00.4085	-00.0146	0002.848
-00.4061	-00.0146	0002.849
-00.4033	-00.0143	0002.850
-00.4006	-00.0146	0002.851
-00.3981	-00.0143	0002.852
-00.3954	-00.0146	0002.853
-00.3930	-00.0146	0002.854
-00.3905	-00.0146	0002.855
-00.3875	-00.0143	0002.856
-00.3850	-00.0137	0002.857
-00.3820	-00.0140	0002.858
-00.3795	-00.0143	0002.859
-00.3768	-00.0140	0002.860
-00.3743	-00.0146	0002.861
-00.3713	-00.0146	0002.862
-00.3688	-00.0146	0002.863
-00.3667	-00.0146	0002.864
-00.3634	-00.0143	0002.865
-00.3609	-00.0140	0002.866
-00.3582	-00.0140	0002.867
-00.3560	-00.0146	0002.868
-00.3530	-00.0143	0002.869
-00.3502	-00.0140	0002.870
-00.3475	-00.0143	0002.871
-00.3447	-00.0143	0002.872
-00.3420	-00.0143	0002.873
-00.3395	-00.0140	0002.874
-00.3365	-00.0140	0002.875
-00.3341	-00.0140	0002.876
-00.3313	-00.0137	0002.877
-00.3286	-00.0140	0002.878
-00.3258	-00.0143	0002.879
-00.3240	-00.0140	0002.880
-00.3206	-00.0140	0002.881
-00.3179	-00.0137	0002.882
-00.3151	-00.0137	0002.883
-00.3130	-00.0134	0002.884
-00.3103	-00.0140	0002.885
-00.3075	-00.0140	0002.886
-00.3051	-00.0137	0002.887
-00.3020	-00.0140	0002.888
-00.2999	-00.0140	0002.889
-00.2962	-00.0137	0002.890
-00.2944	-00.0143	0002.891
-00.2913	-00.0134	0002.892
-00.2889	-00.0140	0002.893
-00.2861	-00.0137	0002.894
-00.2834	-00.0134	0002.895
-00.2806	-00.0134	0002.896
-00.2782	-00.0140	0002.897
-00.2755	-00.0143	0002.898
-00.2727	-00.0137	0002.899
-00.2700	-00.0137	0002.900
-00.2675	-00.0137	0002.901
-00.2651	-00.0134	0002.902
-00.2620	-00.0137	0002.903
-00.2593	-00.0137	0002.904
-00.2565	-00.0134	0002.905
-00.2541	-00.0137	0002.906
-00.2517	-00.0134	0002.907
-00.2483	-00.0134	0002.908
-00.2462	-00.0134	0002.909
-00.2434	-00.0134	0002.910
-00.2407	-00.0137	0002.911
-00.2382	-00.0137	0002.912
-00.2352	-00.0131	0002.913
-00.2327	-00.0134	0002.914
-00.2297	-00.0134	0002.915
-00.2272	-00.0134	0002.916
-00.2242	-00.0134	0002.917
-00.2224	-00.0134	0002.918
-00.2193	-00.0134	0002.919
-00.2163	-00.0134	0002.920
-00.2138	-00.0131	0002.921
-00.2117	-00.0131	0002.922
-00.2083	-00.0134	0002.923
-00.2062	-00.0131	0002.924
-00.2031	-00.0131	0002.925
-00.2010	-00.0131	0002.926
-00.1979	-00.0131	0002.927
-00.1955	-00.0131	0002.928
-00.1928	-00.0131	0002.929
-00.1897	-00.0131	0002.930
-00.1873	-00.0134	0002.931
-00.1845	-00.0128	0002.932
-00.1821	-00.0131	0002.933
-00.1793	-00.0131	0002.934
-00.1769	-00.0131	0002.935
-00.1738	-00.0125	0002.936
-00.1714	-00.0125	0002.937
-00.1680	-00.0128	0002.938
-00.1656	-00.0131	0002.939
-00.1635	-00.0128	0002.940
-00.1604	-00.0131	0002.941
-00.1580	-00.0125	0002.942
-00.1549	-00.0125	0002.943
-00.1528	-00.0125	0002.944
-00.1497	-00.0125	0002.945
-00.1476	-00.0131	0002.946
-00.1445	-00.0119	0002.947
-00.1421	-00.0125	0002.948
-00.1387	-00.0125	0002.949
-00.1366	-00.0128	0002.950
-00.1342	-00.0125	0002.951
-00.1314	-00.0125	0002.952
-00.1287	-00.0128	0002.953
-00.1262	-00.0128	0002.954
-00.1232	-00.0128	0002.955
-00.1210	-00.0122	0002.956
-00.1177	-00.0122	0002.957
-00.1152	-00.0125	0002.958
-00.1125	-00.0125	0002.959
-00.1097	-00.0122	0002.960
-00.1073	-00.0125	0002.961
-00.1040	-00.0125	0002.962
-00.1021	-00.0119	0002.963
-00.0991	-00.0125	0002.964
-00.0966	-00.0125	0002.965
-00.0939	-00.0125	0002.966
-00.0914	-00.0119	0002.967
-00.0887	-00.0125	0002.968
-00.0859	-00.0119	0002.969
-00.0832	-00.0122	0002.970
-00.0805	-00.0119	0002.971
-00.0780	-00.0122	0002.972
-00.0750	-00.0119	0002.973
-00.0728	-00.0119	0002.974
-00.0698	-00.0119	0002.975
-00.0667	-00.0116	0002.976
-00.0640	-00.0119	0002.977
-00.0612	-00.0116	0002.978
-00.0594	-00.0122	0002.979
-00.0566	-00.0122	0002.980
-00.0533	-00.0119	0002.981
-00.0518	-00.0119	0002.982
-00.0484	-00.0116	0002.983
-00.0463	-00.0119	0002.984
-00.0432	-00.0113	0002.985
-00.0408	-00.0122	0002.986
-00.0380	-00.0119	0002.987
-00.0350	-00.0119	0002.988
-00.0325	-00.0116	0002.989
-00.0295	-00.0119	0002.990
-00.0274	-00.0113	0002.991
-00.0243	-00.0113	0002.992
-00.0216	-00.0119	0002.993
-00.0191	-00.0119	0002.994
-00.0161	-00.0113	0002.995
-00.0139	-00.0113	0002.996
-00.0106	-00.0116	0002.997
-00.0081	-00.0113	0002.998
-00.0060	-00.0113	0002.999
