R,Ohm	C,pF	Temp,C
0000000000	0000100000	+025.00
Ch1,V	Ch2,V	Time,s
-00.0005	-00.0009	0000.000
-00.0002	-00.0003	0000.001
-00.0206	-00.0009	0000.002
-00.0402	-00.0006	0000.003
-00.0600	-00.0009	0000.004
-00.0805	-00.0009	0000.005
-00.0997	-00.0009	0000.006
-00.1204	-00.0015	0000.007
-00.1400	-00.0015	0000.008
-00.1601	-00.0015	0000.009
-00.1802	-00.0012	0000.010
-00.2001	-00.0012	0000.011
-00.2205	-00.0018	0000.012
-00.2404	-00.0012	0000.013
-00.2605	-00.0015	0000.014
-00.2806	-00.0018	0000.015
-00.3008	-00.0018	0000.016
-00.3206	-00.0018	0000.017
-00.3408	-00.0018	0000.018
-00.3606	-00.0021	0000.019
-00.3807	-00.0024	0000.020
-00.4009	-00.0021	0000.021
-00.4207	-00.0021	0000.022
-00.4406	-00.0027	0000.023
-00.4607	-00.0024	0000.024
-00.4802	-00.0030	0000.025
-00.5010	-00.0027	0000.026
-00.5205	-00.0033	0000.027
-00.5410	-00.0027	0000.028
-00.5605	-00.0033	0000.029
-00.5809	-00.0030	0000.030
-00.6011	-00.0033	0000.031
-00.6209	-00.0033	0000.032
-00.6411	-00.0033	0000.033
-00.6606	-00.0033	0000.034
-00.6810	-00.0039	0000.035
-00.7009	-00.0039	0000.036
-00.7210	-00.0039	0000.037
-00.7412	-00.0042	0000.038
-00.7610	-00.0042	0000.039
-00.7808	-00.0045	0000.040
-00.8013	-00.0042	0000.041
-00.8208	-00.0048	0000.042
-00.8416	-00.0042	0000.043
-00.8608	-00.0045	0000.044
-00.8812	-00.0048	0000.045
-00.9017	-00.0052	0000.046
-00.9218	-00.0048	0000.047
-00.9417	-00.0045	0000.048
-00.9609	-00.0055	0000.049
-00.9813	-00.0058	0000.050
-01.0012	-00.0052	0000.051
-01.0216	-00.0058	0000.052
-01.0415	-00.0058	0000.053
-01.0619	-00.0061	0000.054
-01.0817	-00.0058	0000.055
-01.1019	-00.0058	0000.056
-01.1211	-00.0061	0000.057
-01.1415	-00.0070	0000.058
-01.1617	-00.0064	0000.059
-01.1821	-00.0064	0000.060
-01.2020	-00.0070	0000.061
-01.2218	-00.0064	0000.062
-01.2423	-00.0070	0000.063
-01.2618	-00.0070	0000.064
-01.2819	-00.0073	0000.065
-01.3021	-00.0070	0000.066
-01.3222	-00.0073	0000.067
-01.3417	-00.0079	0000.068
-01.3619	-00.0076	0000.069
-01.3820	-00.0076	0000.070
-01.4025	-00.0079	0000.071
-01.4220	-00.0079	0000.072
-01.4418	-00.0082	0000.073
-01.4626	-00.0082	0000.074
-01.4821	-00.0079	0000.075
-01.5023	-00.0088	0000.076
-01.5224	-00.0085	0000.077
-01.5422	-00.0085	0000.078
-01.5615	-00.0088	0000.079
-01.5828	-00.0091	0000.080
-01.6024	-00.0091	0000.081
-01.6219	-00.0091	0000.082
-01.6423	-00.0094	0000.083
-01.6625	-00.0094	0000.084
-01.6820	-00.0091	0000.085
-01.7019	-00.0094	0000.086
-01.7226	-00.0100	0000.087
-01.7424	-00.0109	0000.088
-01.7629	-00.0100	0000.089
-01.7824	-00.0100	0000.090
-01.8029	-00.0100	0000.091
-01.8227	-00.0100	0000.092
-01.8428	-00.0106	0000.093
-01.8627	-00.0103	0000.094
-01.8828	-00.0106	0000.095
-01.9027	-00.0113	0000.096
-01.9231	-00.0109	0000.097
-01.9426	-00.0113	0000.098
-01.9631	-00.0113	0000.099
-01.9829	-00.0113	0000.100
-02.0034	-00.0116	0000.101
-02.0232	-00.0116	0000.102
-02.0430	-00.0116	0000.103
-02.0632	-00.0119	0000.104
-02.0833	-00.0119	0000.105
-02.1035	-00.0119	0000.106
-02.1236	-00.0125	0000.107
-02.1437	-00.0119	0000.108
-02.1633	-00.0125	0000.109
-02.1831	-00.0125	0000.110
-02.2033	-00.0125	0000.111
-02.2231	-00.0125	0000.112
-02.2438	-00.0125	0000.113
-02.2634	-00.0131	0000.114
-02.2838	-00.0131	0000.115
-02.3037	-00.0128	0000.116
-02.3241	-00.0131	0000.117
-02.3433	-00.0137	0000.118
-02.3635	-00.0134	0000.119
-02.3839	-00.0137	0000.120
-02.4038	-00.0137	0000.121
-02.4236	-00.0140	0000.122
-02.4437	-00.0137	0000.123
-02.4642	-00.0137	0000.124
-02.4837	-00.0143	0000.125
-02.5032	-00.0143	0000.126
-02.5240	-00.0143	0000.127
-02.5435	-00.0146	0000.128
-02.5637	-00.0149	0000.129
-02.5841	-00.0146	0000.130
-02.6036	-00.0155	0000.131
-02.6238	-00.0149	0000.132
-02.6439	-00.0146	0000.133
-02.6644	-00.0158	0000.134
-02.6836	-00.0152	0000.135
-02.7037	-00.0158	0000.136
-02.7242	-00.0161	0000.137
-02.7440	-00.0155	0000.138
-02.7636	-00.0155	0000.139
-02.7846	-00.0158	0000.140
-02.8045	-00.0155	0000.141
-02.8234	-00.0164	0000.142
-02.8441	-00.0161	0000.143
-02.8640	-00.0164	0000.144
-02.8838	-00.0164	0000.145
-02.9039	-00.0167	0000.146
-02.9238	-00.0167	0000.147
-02.9448	-00.0164	0000.148
-02.9647	-00.0171	0000.149
-02.9839	-00.0171	0000.150
-03.0043	-00.0174	0000.151
-03.0239	-00.0174	0000.152
-03.0440	-00.0174	0000.153
-03.0642	-00.0177	0000.154
-03.0852	-00.0174	0000.155
-03.1047	-00.0180	0000.156
-03.1249	-00.0177	0000.157
-03.1441	-00.0180	0000.158
-03.1646	-00.0183	0000.159
-03.1847	-00.0186	0000.160
-03.2045	-00.0186	0000.161
-03.2253	-00.0183	0000.162
-03.2448	-00.0189	0000.163
-03.2647	-00.0189	0000.164
-03.2848	-00.0186	0000.165
-03.3052	-00.0186	0000.166
-03.3251	-00.0195	0000.167
-03.3449	-00.0192	0000.168
-03.3651	-00.0192	0000.169
-03.3849	-00.0195	0000.170
-03.4050	-00.0201	0000.171
-03.4249	-00.0198	0000.172
-03.4456	-00.0198	0000.173
-03.4645	-00.0198	0000.174
-03.4853	-00.0198	0000.175
-03.5054	-00.0204	0000.176
-03.5253	-00.0204	0000.177
-03.5448	-00.0204	0000.178
-03.5653	-00.0204	0000.179
-03.5851	-00.0210	0000.180
-03.6049	-00.0207	0000.181
-03.6263	-00.0213	0000.182
-03.6449	-00.0210	0000.183
-03.6654	-00.0207	0000.184
-03.6855	-00.0216	0000.185
-03.7053	-00.0216	0000.186
-03.7249	-00.0210	0000.187
-03.7459	-00.0219	0000.188
-03.7661	-00.0216	0000.189
-03.7859	-00.0216	0000.190
-03.8054	-00.0219	0000.191
-03.8256	-00.0219	0000.192
-03.8457	-00.0219	0000.193
-03.8662	-00.0229	0000.194
-03.8860	-00.0225	0000.195
-03.9061	-00.0225	0000.196
-03.9260	-00.0232	0000.197
-03.9458	-00.0232	0000.198
-03.9656	-00.0232	0000.199
-03.9861	-00.0232	0000.200
-04.0065	-00.0232	0000.201
-03.9870	-00.0235	0000.202
-03.9660	-00.0232	0000.203
-03.9467	-00.0238	0000.204
-03.9260	-00.0235	0000.205
-03.9058	-00.0232	0000.206
-03.8860	-00.0235	0000.207
-03.8662	-00.0235	0000.208
-03.8454	-00.0232	0000.209
-03.8265	-00.0229	0000.210
-03.8054	-00.0232	0000.211
-03.7862	-00.0229	0000.212
-03.7658	-00.0229	0000.213
-03.7456	-00.0235	0000.214
-03.7255	-00.0225	0000.215
-03.7056	-00.0229	0000.216
-03.6861	-00.0232	0000.217
-03.6657	-00.0229	0000.218
-03.6452	-00.0229	0000.219
-03.6257	-00.0229	0000.220
-03.6055	-00.0225	0000.221
-03.5860	-00.0225	0000.222
-03.5659	-00.0225	0000.223
-03.5454	-00.0222	0000.224
-03.5253	-00.0225	0000.225
-03.5054	-00.0225	0000.226
-03.4856	-00.0219	0000.227
-03.4652	-00.0222	0000.228
-03.4459	-00.0219	0000.229
-03.4255	-00.0219	0000.230
-03.4056	-00.0222	0000.231
-03.3852	-00.0219	0000.232
-03.3654	-00.0219	0000.233
-03.3449	-00.0219	0000.234
-03.3251	-00.0219	0000.235
-03.3052	-00.0216	0000.236
-03.2860	-00.0219	0000.237
-03.2653	-00.0213	0000.238
-03.2448	-00.0216	0000.239
-03.2256	-00.0213	0000.240
-03.2051	-00.0216	0000.241
-03.1859	-00.0213	0000.242
-03.1652	-00.0213	0000.243
-03.1447	-00.0216	0000.244
-03.1246	-00.0210	0000.245
-03.1044	-00.0213	0000.246
-03.0852	-00.0210	0000.247
-03.0651	-00.0213	0000.248
-03.0455	-00.0207	0000.249
-03.0245	-00.0213	0000.250
-03.0043	-00.0213	0000.251
-02.9845	-00.0204	0000.252
-02.9650	-00.0207	0000.253
-02.9442	-00.0207	0000.254
-02.9241	-00.0204	0000.255
-02.9045	-00.0204	0000.256
-02.8853	-00.0204	0000.257
-02.8640	-00.0204	0000.258
-02.8444	-00.0204	0000.259
-02.8252	-00.0201	0000.260
-02.8045	-00.0204	0000.261
-02.7846	-00.0204	0000.262
-02.7645	-00.0204	0000.263
-02.7449	-00.0204	0000.264
-02.7245	-00.0201	0000.265
-02.7047	-00.0201	0000.266
-02.6842	-00.0198	0000.267
-02.6644	-00.0198	0000.268
-02.6445	-00.0195	0000.269
-02.6244	-00.0192	0000.270
-02.6046	-00.0195	0000.271
-02.5841	-00.0195	0000.272
-02.5643	-00.0192	0000.273
-02.5441	-00.0192	0000.274
-02.5240	-00.0192	0000.275
-02.5042	-00.0192	0000.276
-02.4840	-00.0192	0000.277
-02.4639	-00.0189	0000.278
-02.4440	-00.0192	0000.279
-02.4239	-00.0189	0000.280
-02.4044	-00.0192	0000.281
-02.3839	-00.0186	0000.282
-02.3641	-00.0186	0000.283
-02.3439	-00.0186	0000.284
-02.3241	-00.0183	0000.285
-02.3037	-00.0186	0000.286
-02.2838	-00.0183	0000.287
-02.2640	-00.0186	0000.288
-02.2435	-00.0183	0000.289
-02.2237	-00.0183	0000.290
-02.2036	-00.0180	0000.291
-02.1834	-00.0183	0000.292
-02.1639	-00.0180	0000.293
-02.1434	-00.0183	0000.294
-02.1233	-00.0177	0000.295
-02.1038	-00.0174	0000.296
-02.0830	-00.0177	0000.297
-02.0638	-00.0180	0000.298
-02.0436	-00.0177	0000.299
-02.0235	-00.0174	0000.300
-02.0034	-00.0171	0000.301
-01.9835	-00.0177	0000.302
-01.9634	-00.0171	0000.303
-01.9439	-00.0167	0000.304
-01.9237	-00.0171	0000.305
-01.9030	-00.0167	0000.306
-01.8831	-00.0161	0000.307
-01.8633	-00.0164	0000.308
-01.8431	-00.0167	0000.309
-01.8230	-00.0158	0000.310
-01.8026	-00.0167	0000.311
-01.7827	-00.0164	0000.312
-01.7635	-00.0164	0000.313
-01.7427	-00.0161	0000.314
-01.7232	-00.0161	0000.315
-01.7028	-00.0152	0000.316
-01.6823	-00.0158	0000.317
-01.6631	-00.0161	0000.318
-01.6430	-00.0158	0000.319
-01.6228	-00.0158	0000.320
-01.6030	-00.0149	0000.321
-01.5828	-00.0155	0000.322
-01.5627	-00.0152	0000.323
-01.5425	-00.0155	0000.324
-01.5227	-00.0149	0000.325
-01.5026	-00.0149	0000.326
-01.4818	-00.0149	0000.327
-01.4620	-00.0149	0000.328
-01.4421	-00.0146	0000.329
-01.4226	-00.0149	0000.330
-01.4025	-00.0146	0000.331
-01.3823	-00.0143	0000.332
-01.3622	-00.0143	0000.333
-01.3430	-00.0140	0000.334
-01.3225	-00.0140	0000.335
-01.3024	-00.0140	0000.336
-01.2822	-00.0140	0000.337
-01.2621	-00.0137	0000.338
-01.2423	-00.0134	0000.339
-01.2221	-00.0137	0000.340
-01.2020	-00.0137	0000.341
-01.1821	-00.0134	0000.342
-01.1623	-00.0137	0000.343
-01.1419	-00.0134	0000.344
-01.1217	-00.0128	0000.345
-01.1019	-00.0128	0000.346
-01.0814	-00.0125	0000.347
-01.0619	-00.0125	0000.348
-01.0418	-00.0128	0000.349
-01.0219	-00.0125	0000.350
-01.0021	-00.0122	0000.351
-00.9822	-00.0122	0000.352
-00.9612	-00.0116	0000.353
-00.9423	-00.0122	0000.354
-00.9218	-00.0122	0000.355
-00.9020	-00.0109	0000.356
-00.8812	-00.0119	0000.357
-00.8617	-00.0113	0000.358
-00.8416	-00.0113	0000.359
-00.8211	-00.0109	0000.360
-00.8016	-00.0113	0000.361
-00.7814	-00.0109	0000.362
-00.7613	-00.0109	0000.363
-00.7415	-00.0109	0000.364
-00.7219	-00.0106	0000.365
-00.7012	-00.0103	0000.366
-00.6810	-00.0103	0000.367
-00.6612	-00.0103	0000.368
-00.6414	-00.0100	0000.369
-00.6212	-00.0097	0000.370
-00.6014	-00.0100	0000.371
-00.5809	-00.0094	0000.372
-00.5614	-00.0094	0000.373
-00.5413	-00.0091	0000.374
-00.5208	-00.0094	0000.375
-00.5013	-00.0091	0000.376
-00.4811	-00.0091	0000.377
-00.4610	-00.0088	0000.378
-00.4406	-00.0085	0000.379
-00.4210	-00.0082	0000.380
-00.4012	-00.0085	0000.381
-00.3807	-00.0082	0000.382
-00.3609	-00.0082	0000.383
-00.3411	-00.0082	0000.384
-00.3209	-00.0079	0000.385
-00.3011	-00.0076	0000.386
-00.2803	-00.0073	0000.387
-00.2605	-00.0073	0000.388
-00.2407	-00.0070	0000.389
-00.2208	-00.0067	0000.390
-00.2007	-00.0070	0000.391
-00.1802	-00.0067	0000.392
-00.1601	-00.0067	0000.393
-00.1403	-00.0064	0000.394
-00.1210	-00.0061	0000.395
-00.1006	-00.0055	0000.396
-00.0811	-00.0055	0000.397
-00.0603	-00.0058	0000.398
-00.0405	-00.0055	0000.399
