R,Ohm	C,pF	Temp,C
0000000000	0000100000	+025.00
Ch1,V	Ch2,V	Time,s
-00.0002	-00.0009	0000.000
+00.0001	-00.0009	0000.001
+00.0022	-00.0003	0000.002
+00.0047	-00.0009	0000.003
+00.0074	-00.0009	0000.004
+00.0102	-00.0006	0000.005
+00.0129	-00.0003	0000.006
+00.0157	-00.0006	0000.007
+00.0184	-00.0006	0000.008
+00.0209	-00.0006	0000.009
+00.0236	-00.0003	0000.010
+00.0261	-00.0006	0000.011
+00.0294	-00.0003	0000.012
+00.0315	-00.0006	0000.013
+00.0343	-00.0003	0000.014
+00.0370	-00.0009	0000.015
+00.0398	-00.0003	0000.016
+00.0419	-00.0009	0000.017
+00.0450	-00.0006	0000.018
+00.0477	-00.0006	0000.019
+00.0505	-00.0003	0000.020
+00.0529	-00.0009	0000.021
+00.0557	-00.0003	0000.022
+00.0581	-00.0006	0000.023
+00.0608	-00.0006	0000.024
+00.0636	+00.0000	0000.025
+00.0663	-00.0009	0000.026
+00.0691	-00.0006	0000.027
+00.0712	-00.0003	0000.028
+00.0740	-00.0003	0000.029
+00.0770	-00.0003	0000.030
+00.0801	-00.0006	0000.031
+00.0822	-00.0006	0000.032
+00.0853	-00.0006	0000.033
+00.0877	-00.0006	0000.034
+00.0904	-00.0003	0000.035
+00.0932	+00.0000	0000.036
+00.0959	+00.0000	0000.037
+00.0987	-00.0003	0000.038
+00.1008	-00.0003	0000.039
+00.1039	-00.0006	0000.040
+00.1066	-00.0003	0000.041
+00.1091	+00.0000	0000.042
+00.1118	+00.0000	0000.043
+00.1149	-00.0003	0000.044
+00.1170	-00.0003	0000.045
+00.1197	+00.0000	0000.046
+00.1222	+00.0000	0000.047
+00.1249	-00.0006	0000.048
+00.1274	+00.0006	0000.049
+00.1307	+00.0003	0000.050
+00.1329	+00.0000	0000.051
+00.1359	+00.0000	0000.052
+00.1381	-00.0003	0000.053
+00.1411	+00.0000	0000.054
+00.1439	-00.0003	0000.055
+00.1460	+00.0003	0000.056
+00.1493	+00.0003	0000.057
+00.1521	-00.0003	0000.058
+00.1542	+00.0003	0000.059
+00.1567	-00.0003	0000.060
+00.1597	+00.0003	0000.061
+00.1622	+00.0003	0000.062
+00.1649	+00.0003	0000.063
+00.1674	+00.0003	0000.064
+00.1707	+00.0003	0000.065
+00.1725	+00.0003	0000.066
+00.1759	+00.0006	0000.067
+00.1786	+00.0000	0000.068
+00.1811	+00.0000	0000.069
+00.1835	+00.0006	0000.070
+00.1863	+00.0006	0000.071
+00.1890	+00.0003	0000.072
+00.1915	+00.0003	0000.073
+00.1945	+00.0003	0000.074
+00.1973	+00.0006	0000.075
+00.1997	+00.0006	0000.076
+00.2024	+00.0006	0000.077
+00.2052	+00.0006	0000.078
+00.2079	+00.0006	0000.079
+00.2107	+00.0010	0000.080
+00.2134	+00.0003	0000.081
+00.2159	+00.0006	0000.082
+00.2183	+00.0006	0000.083
+00.2211	+00.0013	0000.084
+00.2235	+00.0006	0000.085
+00.2266	+00.0003	0000.086
+00.2290	+00.0006	0000.087
+00.2317	+00.0006	0000.088
+00.2342	+00.0006	0000.089
+00.2372	+00.0003	0000.090
+00.2400	+00.0010	0000.091
+00.2427	+00.0010	0000.092
+00.2452	+00.0010	0000.093
+00.2476	+00.0006	0000.094
+00.2504	+00.0010	0000.095
+00.2531	+00.0010	0000.096
+00.2555	+00.0013	0000.097
+00.2586	+00.0003	0000.098
+00.2613	+00.0010	0000.099
+00.2644	+00.0010	0000.100
+00.2665	+00.0010	0000.101
+00.2696	+00.0010	0000.102
+00.2714	+00.0013	0000.103
+00.2748	+00.0010	0000.104
+00.2772	+00.0013	0000.105
+00.2800	+00.0010	0000.106
+00.2827	+00.0010	0000.107
+00.2851	+00.0013	0000.108
+00.2879	+00.0010	0000.109
+00.2903	+00.0013	0000.110
+00.2934	+00.0013	0000.111
+00.2958	+00.0010	0000.112
+00.2989	+00.0010	0000.113
+00.3013	+00.0013	0000.114
+00.3038	+00.0013	0000.115
+00.3065	+00.0016	0000.116
+00.3096	+00.0013	0000.117
+00.3120	+00.0010	0000.118
+00.3154	+00.0010	0000.119
+00.3175	+00.0010	0000.120
+00.3202	+00.0016	0000.121
+00.3224	+00.0013	0000.122
+00.3254	+00.0016	0000.123
+00.3279	+00.0013	0000.124
+00.3306	+00.0016	0000.125
+00.3334	+00.0013	0000.126
+00.3361	+00.0016	0000.127
+00.3389	+00.0016	0000.128
+00.3416	+00.0013	0000.129
+00.3440	+00.0016	0000.130
+00.3468	+00.0016	0000.131
+00.3492	+00.0016	0000.132
+00.3526	+00.0019	0000.133
+00.3547	+00.0019	0000.134
+00.3575	+00.0013	0000.135
+00.3599	+00.0019	0000.136
+00.3627	+00.0016	0000.137
+00.3660	+00.0022	0000.138
+00.3672	+00.0022	0000.139
+00.3706	+00.0022	0000.140
+00.3733	+00.0022	0000.141
+00.3761	+00.0016	0000.142
+00.3788	+00.0013	0000.143
+00.3813	+00.0019	0000.144
+00.3843	+00.0019	0000.145
+00.3871	+00.0019	0000.146
+00.3895	+00.0022	0000.147
+00.3920	+00.0025	0000.148
+00.3947	+00.0019	0000.149
+00.3971	+00.0019	0000.150
+00.3999	+00.0019	0000.151
+00.4029	+00.0019	0000.152
+00.4054	+00.0022	0000.153
+00.4081	+00.0022	0000.154
+00.4109	+00.0022	0000.155
+00.4133	+00.0025	0000.156
+00.4164	+00.0025	0000.157
+00.4185	+00.0022	0000.158
+00.4216	+00.0028	0000.159
+00.4246	+00.0025	0000.160
+00.4267	+00.0025	0000.161
+00.4295	+00.0022	0000.162
+00.4322	+00.0025	0000.163
+00.4350	+00.0022	0000.164
+00.4374	+00.0031	0000.165
+00.4399	+00.0022	0000.166
+00.4432	+00.0028	0000.167
+00.4457	+00.0028	0000.168
+00.4481	+00.0025	0000.169
+00.4512	+00.0028	0000.170
+00.4533	+00.0028	0000.171
+00.4564	+00.0025	0000.172
+00.4588	+00.0025	0000.173
+00.4612	+00.0025	0000.174
+00.4643	+00.0022	0000.175
+00.4670	+00.0025	0000.176
+00.4695	+00.0031	0000.177
+00.4722	+00.0028	0000.178
+00.4747	+00.0025	0000.179
+00.4777	+00.0025	0000.180
+00.4805	+00.0031	0000.181
+00.4829	+00.0025	0000.182
+00.4856	+00.0025	0000.183
+00.4881	+00.0031	0000.184
+00.4911	+00.0031	0000.185
+00.4936	+00.0028	0000.186
+00.4966	+00.0028	0000.187
+00.4991	+00.0031	0000.188
+00.5015	+00.0028	0000.189
+00.5043	+00.0034	0000.190
+00.5070	+00.0028	0000.191
+00.5088	+00.0028	0000.192
+00.5122	+00.0031	0000.193
+00.5153	+00.0031	0000.194
+00.5180	+00.0031	0000.195
+00.5204	+00.0031	0000.196
+00.5232	+00.0034	0000.197
+00.5259	+00.0031	0000.198
+00.5284	+00.0034	0000.199
+00.5305	+00.0034	0000.200
+00.5336	+00.0037	0000.201
+00.5366	+00.0037	0000.202
+00.5394	+00.0034	0000.203
+00.5415	+00.0034	0000.204
+00.5439	+00.0034	0000.205
+00.5470	+00.0034	0000.206
+00.5497	+00.0037	0000.207
+00.5525	+00.0034	0000.208
+00.5555	+00.0037	0000.209
+00.5574	+00.0034	0000.210
+00.5601	+00.0034	0000.211
+00.5635	+00.0037	0000.212
+00.5653	+00.0040	0000.213
+00.5690	+00.0037	0000.214
+00.5711	+00.0034	0000.215
+00.5738	+00.0037	0000.216
+00.5766	+00.0037	0000.217
+00.5787	+00.0037	0000.218
+00.5818	+00.0040	0000.219
+00.5845	+00.0040	0000.220
+00.5870	+00.0040	0000.221
+00.5894	+00.0040	0000.222
+00.5922	+00.0040	0000.223
+00.5952	+00.0037	0000.224
+00.5980	+00.0040	0000.225
+00.6010	+00.0040	0000.226
+00.6028	+00.0040	0000.227
+00.6059	+00.0037	0000.228
+00.6083	+00.0040	0000.229
+00.6114	+00.0043	0000.230
+00.6138	+00.0037	0000.231
+00.6166	+00.0040	0000.232
+00.6196	+00.0040	0000.233
+00.6218	+00.0043	0000.234
+00.6239	+00.0043	0000.235
+00.6272	+00.0040	0000.236
+00.6303	+00.0040	0000.237
+00.6324	+00.0046	0000.238
+00.6355	+00.0040	0000.239
+00.6373	+00.0043	0000.240
+00.6404	+00.0046	0000.241
+00.6425	+00.0043	0000.242
+00.6459	+00.0046	0000.243
+00.6489	+00.0046	0000.244
+00.6511	+00.0046	0000.245
+00.6535	+00.0043	0000.246
+00.6565	+00.0046	0000.247
+00.6593	+00.0046	0000.248
+00.6623	+00.0046	0000.249
+00.6645	+00.0046	0000.250
+00.6669	+00.0046	0000.251
+00.6703	+00.0043	0000.252
+00.6724	+00.0046	0000.253
+00.6746	+00.0046	0000.254
+00.6779	+00.0052	0000.255
+00.6810	+00.0046	0000.256
+00.6828	+00.0052	0000.257
+00.6858	+00.0046	0000.258
+00.6886	+00.0049	0000.259
+00.6916	+00.0049	0000.260
+00.6935	+00.0046	0000.261
+00.6968	+00.0049	0000.262
+00.6993	+00.0046	0000.263
+00.7026	+00.0049	0000.264
+00.7042	+00.0049	0000.265
+00.7075	+00.0052	0000.266
+00.7100	+00.0049	0000.267
+00.7124	+00.0049	0000.268
+00.7148	+00.0052	0000.269
+00.7182	+00.0052	0000.270
+00.7203	+00.0049	0000.271
+00.7231	+00.0046	0000.272
+00.7258	+00.0052	0000.273
+00.7289	+00.0052	0000.274
+00.7313	+00.0052	0000.275
+00.7341	+00.0052	0000.276
+00.7362	+00.0052	0000.277
+00.7392	+00.0055	0000.278
+00.7420	+00.0052	0000.279
+00.7441	+00.0052	0000.280
+00.7475	+00.0052	0000.281
+00.7499	+00.0052	0000.282
+00.7527	+00.0055	0000.283
+00.7554	+00.0052	0000.284
+00.7582	+00.0052	0000.285
+00.7606	+00.0052	0000.286
+00.7637	+00.0055	0000.287
+00.7661	+00.0055	0000.288
+00.7682	+00.0052	0000.289
+00.7713	+00.0058	0000.290
+00.7743	+00.0055	0000.291
+00.7765	+00.0058	0000.292
+00.7795	+00.0055	0000.293
+00.7823	+00.0058	0000.294
+00.7844	+00.0061	0000.295
+00.7872	+00.0058	0000.296
+00.7899	+00.0055	0000.297
+00.7930	+00.0058	0000.298
+00.7951	+00.0061	0000.299
+00.7981	+00.0052	0000.300
+00.8006	+00.0058	0000.301
+00.8033	+00.0058	0000.302
+00.8061	+00.0061	0000.303
+00.8085	+00.0058	0000.304
+00.8116	+00.0058	0000.305
+00.8140	+00.0058	0000.306
+00.8168	+00.0058	0000.307
+00.8195	+00.0058	0000.308
+00.8216	+00.0058	0000.309
+00.8247	+00.0058	0000.310
+00.8271	+00.0061	0000.311
+00.8305	+00.0061	0000.312
+00.8329	+00.0061	0000.313
+00.8354	+00.0061	0000.314
+00.8378	+00.0058	0000.315
+00.8409	+00.0058	0000.316
+00.8433	+00.0061	0000.317
+00.8458	+00.0061	0000.318
+00.8485	+00.0064	0000.319
+00.8516	+00.0061	0000.320
+00.8546	+00.0064	0000.321
+00.8564	+00.0061	0000.322
+00.8595	+00.0061	0000.323
+00.8619	+00.0068	0000.324
+00.8647	+00.0064	0000.325
+00.8677	+00.0061	0000.326
+00.8702	+00.0061	0000.327
+00.8726	+00.0061	0000.328
+00.8754	+00.0064	0000.329
+00.8781	+00.0064	0000.330
+00.8805	+00.0064	0000.331
+00.8839	+00.0064	0000.332
+00.8860	+00.0068	0000.333
+00.8885	+00.0064	0000.334
+00.8909	+00.0068	0000.335
+00.8940	+00.0068	0000.336
+00.8967	+00.0068	0000.337
+00.8995	+00.0068	0000.338
+00.9025	+00.0071	0000.339
+00.9050	+00.0064	0000.340
+00.9071	+00.0071	0000.341
+00.9101	+00.0068	0000.342
+00.9132	+00.0071	0000.343
+00.9156	+00.0068	0000.344
+00.9178	+00.0061	0000.345
+00.9208	+00.0068	0000.346
+00.9230	+00.0068	0000.347
+00.9263	+00.0071	0000.348
+00.9294	+00.0061	0000.349
+00.9318	+00.0071	0000.350
+00.9336	+00.0068	0000.351
+00.9370	+00.0068	0000.352
+00.9397	+00.0074	0000.353
+00.9419	+00.0074	0000.354
+00.9449	+00.0068	0000.355
+00.9474	+00.0071	0000.356
+00.9504	+00.0071	0000.357
+00.9529	+00.0074	0000.358
+00.9559	+00.0074	0000.359
+00.9581	+00.0068	0000.360
+00.9611	+00.0071	0000.361
+00.9632	+00.0074	0000.362
+00.9669	+00.0074	0000.363
+00.9690	+00.0071	0000.364
+00.9715	+00.0071	0000.365
+00.9742	+00.0074	0000.366
+00.9770	+00.0071	0000.367
+00.9797	+00.0077	0000.368
+00.9828	+00.0080	0000.369
+00.9849	+00.0074	0000.370
+00.9874	+00.0071	0000.371
+00.9898	+00.0074	0000.372
+00.9925	+00.0071	0000.373
+00.9956	+00.0077	0000.374
+00.9983	+00.0074	0000.375
+01.0011	+00.0077	0000.376
+01.0041	+00.0080	0000.377
+01.0063	+00.0071	0000.378
+01.0090	+00.0080	0000.379
+01.0118	+00.0074	0000.380
+01.0145	+00.0074	0000.381
+01.0176	+00.0077	0000.382
+01.0197	+00.0080	0000.383
+01.0228	+00.0074	0000.384
+01.0249	+00.0083	0000.385
+01.0276	+00.0077	0000.386
+01.0304	+00.0077	0000.387
+01.0334	+00.0080	0000.388
+01.0359	+00.0077	0000.389
+01.0383	+00.0077	0000.390
+01.0411	+00.0077	0000.391
+01.0438	+00.0077	0000.392
+01.0463	+00.0080	0000.393
+01.0493	+00.0083	0000.394
+01.0517	+00.0080	0000.395
+01.0548	+00.0077	0000.396
+01.0579	+00.0080	0000.397
+01.0600	+00.0077	0000.398
+01.0621	+00.0086	0000.399
+01.0649	+00.0080	0000.400
+01.0673	+00.0077	0000.401
+01.0707	+00.0080	0000.402
+01.0731	+00.0083	0000.403
+01.0762	+00.0080	0000.404
+01.0789	+00.0089	0000.405
+01.0807	+00.0086	0000.406
+01.0841	+00.0083	0000.407
+01.0865	+00.0080	0000.408
+01.0893	+00.0086	0000.409
+01.0914	+00.0086	0000.410
+01.0945	+00.0080	0000.411
+01.0972	+00.0083	0000.412
+01.1003	+00.0083	0000.413
+01.1027	+00.0080	0000.414
+01.1052	+00.0083	0000.415
+01.1079	+00.0080	0000.416
+01.1106	+00.0080	0000.417
+01.1131	+00.0080	0000.418
+01.1161	+00.0080	0000.419
+01.1186	+00.0086	0000.420
+01.1213	+00.0083	0000.421
+01.1238	+00.0089	0000.422
+01.1262	+00.0083	0000.423
+01.1290	+00.0086	0000.424
+01.1317	+00.0086	0000.425
+01.1348	+00.0089	0000.426
+01.1369	+00.0086	0000.427
+01.1396	+00.0086	0000.428
+01.1421	+00.0083	0000.429
+01.1451	+00.0092	0000.430
+01.1479	+00.0086	0000.431
+01.1506	+00.0086	0000.432
+01.1534	+00.0089	0000.433
+01.1555	+00.0089	0000.434
+01.1589	+00.0086	0000.435
+01.1610	+00.0092	0000.436
+01.1637	+00.0086	0000.437
+01.1668	+00.0086	0000.438
+01.1695	+00.0089	0000.439
+01.1720	+00.0086	0000.440
+01.1744	+00.0092	0000.441
+01.1778	+00.0089	0000.442
+01.1799	+00.0089	0000.443
+01.1827	+00.0089	0000.444
+01.1857	+00.0092	0000.445
+01.1879	+00.0089	0000.446
+01.1906	+00.0089	0000.447
+01.1934	+00.0089	0000.448
+01.1961	+00.0092	0000.449
+01.1985	+00.0089	0000.450
+01.2016	+00.0092	0000.451
+01.2043	+00.0089	0000.452
+01.2065	+00.0095	0000.453
+01.2092	+00.0095	0000.454
+01.2120	+00.0092	0000.455
+01.2141	+00.0089	0000.456
+01.2178	+00.0092	0000.457
+01.2196	+00.0095	0000.458
+01.2223	+00.0095	0000.459
+01.2260	+00.0089	0000.460
+01.2281	+00.0095	0000.461
+01.2306	+00.0095	0000.462
+01.2336	+00.0095	0000.463
+01.2358	+00.0095	0000.464
+01.2385	+00.0092	0000.465
+01.2416	+00.0098	0000.466
+01.2437	+00.0092	0000.467
+01.2468	+00.0095	0000.468
+01.2498	+00.0095	0000.469
+01.2523	+00.0095	0000.470
+01.2547	+00.0095	0000.471
+01.2574	+00.0098	0000.472
+01.2599	+00.0095	0000.473
+01.2632	+00.0098	0000.474
+01.2657	+00.0098	0000.475
+01.2681	+00.0098	0000.476
+01.2712	+00.0098	0000.477
+01.2736	+00.0095	0000.478
+01.2761	+00.0104	0000.479
+01.2788	+00.0095	0000.480
+01.2819	+00.0095	0000.481
+01.2837	+00.0101	0000.482
+01.2867	+00.0101	0000.483
+01.2898	+00.0101	0000.484
+01.2925	+00.0098	0000.485
+01.2947	+00.0104	0000.486
+01.2974	+00.0101	0000.487
+01.3002	+00.0098	0000.488
+01.3029	+00.0101	0000.489
+01.3057	+00.0095	0000.490
+01.3084	+00.0101	0000.491
+01.3108	+00.0104	0000.492
+01.3139	+00.0098	0000.493
+01.3157	+00.0098	0000.494
+01.3191	+00.0098	0000.495
+01.3215	+00.0098	0000.496
+01.3246	+00.0098	0000.497
+01.3267	+00.0101	0000.498
+01.3295	+00.0101	0000.499
+01.3322	+00.0104	0000.500
+01.3353	+00.0101	0000.501
+01.3371	+00.0104	0000.502
+01.3401	+00.0101	0000.503
+01.3432	+00.0101	0000.504
+01.3459	+00.0101	0000.505
+01.3484	+00.0104	0000.506
+01.3514	+00.0101	0000.507
+01.3536	+00.0104	0000.508
+01.3557	+00.0104	0000.509
+01.3591	+00.0101	0000.510
+01.3615	+00.0098	0000.511
+01.3642	+00.0101	0000.512
+01.3670	+00.0107	0000.513
+01.3694	+00.0101	0000.514
+01.3722	+00.0101	0000.515
+01.3749	+00.0107	0000.516
+01.3774	+00.0101	0000.517
+01.3801	+00.0107	0000.518
+01.3832	+00.0104	0000.519
+01.3859	+00.0107	0000.520
+01.3884	+00.0104	0000.521
+01.3908	+00.0107	0000.522
+01.3932	+00.0104	0000.523
+01.3960	+00.0107	0000.524
+01.3990	+00.0110	0000.525
+01.4018	+00.0104	0000.526
+01.4042	+00.0107	0000.527
+01.4070	+00.0107	0000.528
+01.4097	+00.0110	0000.529
+01.4125	+00.0107	0000.530
+01.4146	+00.0107	0000.531
+01.4170	+00.0107	0000.532
+01.4201	+00.0107	0000.533
+01.4228	+00.0107	0000.534
+01.4259	+00.0113	0000.535
+01.4280	+00.0110	0000.536
+01.4311	+00.0107	0000.537
+01.4338	+00.0110	0000.538
+01.4369	+00.0110	0000.539
+01.4390	+00.0104	0000.540
+01.4418	+00.0110	0000.541
+01.4445	+00.0107	0000.542
+01.4470	+00.0110	0000.543
+01.4497	+00.0107	0000.544
+01.4528	+00.0110	0000.545
+01.4555	+00.0113	0000.546
+01.4573	+00.0107	0000.547
+01.4601	+00.0113	0000.548
+01.4631	+00.0116	0000.549
+01.4653	+00.0113	0000.550
+01.4683	+00.0113	0000.551
+01.4711	+00.0110	0000.552
+01.4738	+00.0113	0000.553
+01.4766	+00.0113	0000.554
+01.4784	+00.0113	0000.555
+01.4820	+00.0113	0000.556
+01.4842	+00.0110	0000.557
+01.4875	+00.0113	0000.558
+01.4897	+00.0113	0000.559
+01.4924	+00.0110	0000.560
+01.4952	+00.0110	0000.561
+01.4979	+00.0113	0000.562
+01.5004	+00.0116	0000.563
+01.5037	+00.0116	0000.564
+01.5062	+00.0110	0000.565
+01.5080	+00.0113	0000.566
+01.5113	+00.0116	0000.567
+01.5138	+00.0116	0000.568
+01.5165	+00.0116	0000.569
+01.5190	+00.0116	0000.570
+01.5211	+00.0116	0000.571
+01.5245	+00.0116	0000.572
+01.5272	+00.0116	0000.573
+01.5300	+00.0113	0000.574
+01.5327	+00.0119	0000.575
+01.5348	+00.0122	0000.576
+01.5379	+00.0113	0000.577
+01.5403	+00.0116	0000.578
+01.5428	+00.0119	0000.579
+01.5455	+00.0119	0000.580
+01.5486	+00.0116	0000.581
+01.5513	+00.0113	0000.582
+01.5535	+00.0119	0000.583
+01.5568	+00.0116	0000.584
+01.5593	+00.0116	0000.585
+01.5617	+00.0119	0000.586
+01.5648	+00.0119	0000.587
+01.5675	+00.0119	0000.588
+01.5696	+00.0119	0000.589
+01.5724	+00.0122	0000.590
+01.5751	+00.0116	0000.591
+01.5782	+00.0125	0000.592
+01.5806	+00.0116	0000.593
+01.5831	+00.0122	0000.594
+01.5861	+00.0119	0000.595
+01.5886	+00.0122	0000.596
+01.5907	+00.0119	0000.597
+01.5940	+00.0125	0000.598
+01.5968	+00.0122	0000.599
+01.5995	+00.0122	0000.600
+01.6020	+00.0119	0000.601
+01.6044	+00.0119	0000.602
+01.6072	+00.0125	0000.603
+01.6099	+00.0122	0000.604
+01.6127	+00.0122	0000.605
+01.6154	+00.0122	0000.606
+01.6179	+00.0119	0000.607
+01.6206	+00.0125	0000.608
+01.6230	+00.0125	0000.609
+01.6267	+00.0122	0000.610
+01.6291	+00.0125	0000.611
+01.6313	+00.0122	0000.612
+01.6340	+00.0125	0000.613
+01.6365	+00.0122	0000.614
+01.6401	+00.0125	0000.615
+01.6420	+00.0122	0000.616
+01.6444	+00.0125	0000.617
+01.6471	+00.0122	0000.618
+01.6502	+00.0129	0000.619
+01.6529	+00.0122	0000.620
+01.6557	+00.0129	0000.621
+01.6581	+00.0125	0000.622
+01.6609	+00.0129	0000.623
+01.6636	+00.0129	0000.624
+01.6658	+00.0129	0000.625
+01.6691	+00.0125	0000.626
+01.6713	+00.0125	0000.627
+01.6737	+00.0129	0000.628
+01.6764	+00.0129	0000.629
+01.6795	+00.0125	0000.630
+01.6819	+00.0125	0000.631
+01.6844	+00.0125	0000.632
+01.6874	+00.0132	0000.633
+01.6899	+00.0132	0000.634
+01.6929	+00.0129	0000.635
+01.6960	+00.0125	0000.636
+01.6978	+00.0132	0000.637
+01.7012	+00.0129	0000.638
+01.7036	+00.0125	0000.639
+01.7064	+00.0132	0000.640
+01.7088	+00.0129	0000.641
+01.7112	+00.0129	0000.642
+01.7143	+00.0132	0000.643
+01.7170	+00.0135	0000.644
+01.7198	+00.0129	0000.645
+01.7225	+00.0129	0000.646
+01.7253	+00.0132	0000.647
+01.7271	+00.0132	0000.648
+01.7308	+00.0129	0000.649
+01.7326	+00.0132	0000.650
+01.7353	+00.0135	0000.651
+01.7381	+00.0132	0000.652
+01.7405	+00.0132	0000.653
+01.7430	+00.0135	0000.654
+01.7457	+00.0132	0000.655
+01.7488	+00.0132	0000.656
+01.7515	+00.0132	0000.657
+01.7540	+00.0135	0000.658
+01.7567	+00.0135	0000.659
+01.7595	+00.0132	0000.660
+01.7625	+00.0132	0000.661
+01.7646	+00.0135	0000.662
+01.7674	+00.0132	0000.663
+01.7698	+00.0135	0000.664
+01.7732	+00.0135	0000.665
+01.7759	+00.0132	0000.666
+01.7778	+00.0132	0000.667
+01.7805	+00.0138	0000.668
+01.7836	+00.0135	0000.669
+01.7863	+00.0132	0000.670
+01.7891	+00.0138	0000.671
+01.7912	+00.0135	0000.672
+01.7939	+00.0135	0000.673
+01.7961	+00.0135	0000.674
+01.7997	+00.0132	0000.675
+01.8022	+00.0141	0000.676
+01.8043	+00.0141	0000.677
+01.8077	+00.0135	0000.678
+01.8101	+00.0138	0000.679
+01.8129	+00.0138	0000.680
+01.8156	+00.0138	0000.681
+01.8177	+00.0141	0000.682
+01.8217	+00.0138	0000.683
+01.8235	+00.0138	0000.684
+01.8260	+00.0138	0000.685
+01.8284	+00.0138	0000.686
+01.8315	+00.0138	0000.687
+01.8345	+00.0138	0000.688
+01.8370	+00.0138	0000.689
+01.8391	+00.0138	0000.690
+01.8425	+00.0141	0000.691
+01.8446	+00.0141	0000.692
+01.8473	+00.0138	0000.693
+01.8498	+00.0141	0000.694
+01.8531	+00.0138	0000.695
+01.8556	+00.0141	0000.696
+01.8583	+00.0141	0000.697
+01.8602	+00.0138	0000.698
+01.8635	+00.0141	0000.699
+01.8663	+00.0138	0000.700
+01.8690	+00.0144	0000.701
+01.8715	+00.0141	0000.702
+01.8742	+00.0138	0000.703
+01.8766	+00.0141	0000.704
+01.8791	+00.0141	0000.705
+01.8821	+00.0141	0000.706
+01.8846	+00.0141	0000.707
+01.8876	+00.0141	0000.708
+01.8898	+00.0144	0000.709
+01.8931	+00.0141	0000.710
+01.8950	+00.0144	0000.711
+01.8980	+00.0144	0000.712
+01.9011	+00.0141	0000.713
+01.9035	+00.0141	0000.714
+01.9062	+00.0144	0000.715
+01.9090	+00.0144	0000.716
+01.9123	+00.0144	0000.717
+01.9142	+00.0147	0000.718
+01.9166	+00.0147	0000.719
+01.9197	+00.0147	0000.720
+01.9227	+00.0147	0000.721
+01.9252	+00.0144	0000.722
+01.9279	+00.0144	0000.723
+01.9304	+00.0147	0000.724
+01.9331	+00.0144	0000.725
+01.9365	+00.0147	0000.726
+01.9383	+00.0144	0000.727
+01.9413	+00.0150	0000.728
+01.9441	+00.0150	0000.729
+01.9462	+00.0147	0000.730
+01.9493	+00.0144	0000.731
+01.9523	+00.0150	0000.732
+01.9545	+00.0147	0000.733
+01.9572	+00.0144	0000.734
+01.9593	+00.0147	0000.735
+01.9624	+00.0150	0000.736
+01.9654	+00.0150	0000.737
+01.9670	+00.0150	0000.738
+01.9700	+00.0150	0000.739
+01.9731	+00.0147	0000.740
+01.9758	+00.0147	0000.741
+01.9789	+00.0153	0000.742
+01.9807	+00.0150	0000.743
+01.9835	+00.0150	0000.744
+01.9862	+00.0150	0000.745
+01.9889	+00.0150	0000.746
+01.9917	+00.0150	0000.747
+01.9944	+00.0150	0000.748
+01.9969	+00.0150	0000.749
+01.9993	+00.0153	0000.750
+02.0024	+00.0147	0000.751
+02.0048	+00.0150	0000.752
+02.0069	+00.0147	0000.753
+02.0106	+00.0150	0000.754
+02.0131	+00.0150	0000.755
+02.0161	+00.0156	0000.756
+02.0185	+00.0156	0000.757
+02.0210	+00.0153	0000.758
+02.0240	+00.0150	0000.759
+02.0271	+00.0153	0000.760
+02.0286	+00.0153	0000.761
+02.0320	+00.0153	0000.762
+02.0344	+00.0156	0000.763
+02.0372	+00.0153	0000.764
+02.0396	+00.0150	0000.765
+02.0427	+00.0156	0000.766
+02.0451	+00.0153	0000.767
+02.0475	+00.0153	0000.768
+02.0506	+00.0150	0000.769
+02.0533	+00.0156	0000.770
+02.0558	+00.0159	0000.771
+02.0585	+00.0156	0000.772
+02.0610	+00.0153	0000.773
+02.0634	+00.0159	0000.774
+02.0662	+00.0156	0000.775
+02.0686	+00.0156	0000.776
+02.0720	+00.0156	0000.777
+02.0747	+00.0156	0000.778
+02.0768	+00.0156	0000.779
+02.0790	+00.0156	0000.780
+02.0829	+00.0156	0000.781
+02.0848	+00.0156	0000.782
+02.0878	+00.0156	0000.783
+02.0903	+00.0159	0000.784
+02.0927	+00.0153	0000.785
+02.0955	+00.0159	0000.786
+02.0982	+00.0153	0000.787
+02.1016	+00.0156	0000.788
+02.1040	+00.0156	0000.789
+02.1067	+00.0162	0000.790
+02.1095	+00.0159	0000.791
+02.1119	+00.0159	0000.792
+02.1150	+00.0162	0000.793
+02.1171	+00.0159	0000.794
+02.1196	+00.0159	0000.795
+02.1223	+00.0159	0000.796
+02.1251	+00.0159	0000.797
+02.1284	+00.0159	0000.798
+02.1305	+00.0159	0000.799
+02.1327	+00.0159	0000.800
+02.1360	+00.0159	0000.801
+02.1385	+00.0156	0000.802
+02.1409	+00.0156	0000.803
+02.1443	+00.0162	0000.804
+02.1467	+00.0162	0000.805
+02.1492	+00.0162	0000.806
+02.1522	+00.0162	0000.807
+02.1547	+00.0159	0000.808
+02.1571	+00.0162	0000.809
+02.1598	+00.0162	0000.810
+02.1623	+00.0159	0000.811
+02.1653	+00.0162	0000.812
+02.1684	+00.0162	0000.813
+02.1708	+00.0159	0000.814
+02.1733	+00.0162	0000.815
+02.1760	+00.0162	0000.816
+02.1788	+00.0162	0000.817
+02.1812	+00.0165	0000.818
+02.1840	+00.0162	0000.819
+02.1861	+00.0162	0000.820
+02.1898	+00.0162	0000.821
+02.1913	+00.0165	0000.822
+02.1949	+00.0168	0000.823
+02.1974	+00.0168	0000.824
+02.2001	+00.0162	0000.825
+02.2026	+00.0165	0000.826
+02.2056	+00.0162	0000.827
+02.2081	+00.0165	0000.828
+02.2108	+00.0165	0000.829
+02.2132	+00.0168	0000.830
+02.2160	+00.0162	0000.831
+02.2187	+00.0165	0000.832
+02.2215	+00.0165	0000.833
+02.2236	+00.0168	0000.834
+02.2264	+00.0165	0000.835
+02.2288	+00.0162	0000.836
+02.2316	+00.0165	0000.837
+02.2349	+00.0168	0000.838
+02.2371	+00.0171	0000.839
+02.2401	+00.0168	0000.840
+02.2429	+00.0162	0000.841
+02.2450	+00.0171	0000.842
+02.2483	+00.0171	0000.843
+02.2514	+00.0168	0000.844
+02.2532	+00.0171	0000.845
+02.2557	+00.0162	0000.846
+02.2590	+00.0168	0000.847
+02.2618	+00.0171	0000.848
+02.2639	+00.0168	0000.849
+02.2670	+00.0171	0000.850
+02.2694	+00.0171	0000.851
+02.2728	+00.0168	0000.852
+02.2743	+00.0168	0000.853
+02.2776	+00.0171	0000.854
+02.2810	+00.0171	0000.855
+02.2825	+00.0168	0000.856
+02.2853	+00.0168	0000.857
+02.2880	+00.0168	0000.858
+02.2911	+00.0174	0000.859
+02.2929	+00.0171	0000.860
+02.2963	+00.0171	0000.861
+02.2990	+00.0174	0000.862
+02.3014	+00.0171	0000.863
+02.3039	+00.0174	0000.864
+02.3072	+00.0171	0000.865
+02.3091	+00.0174	0000.866
+02.3124	+00.0171	0000.867
+02.3149	+00.0171	0000.868
+02.3176	+00.0174	0000.869
+02.3210	+00.0174	0000.870
+02.3228	+00.0171	0000.871
+02.3256	+00.0174	0000.872
+02.3283	+00.0177	0000.873
+02.3310	+00.0171	0000.874
+02.3341	+00.0177	0000.875
+02.3365	+00.0174	0000.876
+02.3393	+00.0174	0000.877
+02.3417	+00.0174	0000.878
+02.3442	+00.0171	0000.879
+02.3469	+00.0177	0000.880
+02.3494	+00.0177	0000.881
+02.3524	+00.0177	0000.882
+02.3552	+00.0174	0000.883
+02.3573	+00.0177	0000.884
+02.3600	+00.0174	0000.885
+02.3631	+00.0177	0000.886
+02.3658	+00.0174	0000.887
+02.3680	+00.0183	0000.888
+02.3707	+00.0177	0000.889
+02.3735	+00.0174	0000.890
+02.3765	+00.0177	0000.891
+02.3787	+00.0177	0000.892
+02.3814	+00.0174	0000.893
+02.3841	+00.0180	0000.894
+02.3872	+00.0180	0000.895
+02.3887	+00.0177	0000.896
+02.3924	+00.0177	0000.897
+02.3945	+00.0180	0000.898
+02.3976	+00.0180	0000.899
+02.4003	+00.0177	0000.900
+02.4031	+00.0180	0000.901
+02.4052	+00.0174	0000.902
+02.4083	+00.0183	0000.903
+02.4107	+00.0177	0000.904
+02.4134	+00.0180	0000.905
+02.4165	+00.0180	0000.906
+02.4189	+00.0180	0000.907
+02.4220	+00.0180	0000.908
+02.4244	+00.0180	0000.909
+02.4269	+00.0183	0000.910
+02.4296	+00.0174	0000.911
+02.4321	+00.0180	0000.912
+02.4360	+00.0183	0000.913
+02.4376	+00.0180	0000.914
+02.4406	+00.0180	0000.915
+02.4427	+00.0180	0000.916
+02.4458	+00.0183	0000.917
+02.4485	+00.0180	0000.918
+02.4510	+00.0183	0000.919
+02.4537	+00.0183	0000.920
+02.4565	+00.0180	0000.921
+02.4583	+00.0183	0000.922
+02.4620	+00.0183	0000.923
+02.4641	+00.0187	0000.924
+02.4672	+00.0183	0000.925
+02.4696	+00.0183	0000.926
+02.4720	+00.0183	0000.927
+02.4754	+00.0187	0000.928
+02.4775	+00.0183	0000.929
+02.4803	+00.0187	0000.930
+02.4833	+00.0183	0000.931
+02.4858	+00.0183	0000.932
+02.4885	+00.0190	0000.933
+02.4916	+00.0187	0000.934
+02.4943	+00.0187	0000.935
+02.4968	+00.0190	0000.936
+02.4989	+00.0183	0000.937
+02.5023	+00.0183	0000.938
+02.5044	+00.0193	0000.939
+02.5068	+00.0190	0000.940
+02.5099	+00.0187	0000.941
+02.5123	+00.0183	0000.942
+02.5157	+00.0187	0000.943
+02.5178	+00.0190	0000.944
+02.5206	+00.0190	0000.945
+02.5230	+00.0190	0000.946
+02.5257	+00.0193	0000.947
+02.5285	+00.0187	0000.948
+02.5309	+00.0190	0000.949
+02.5337	+00.0193	0000.950
+02.5370	+00.0187	0000.951
+02.5386	+00.0187	0000.952
+02.5419	+00.0187	0000.953
+02.5444	+00.0190	0000.954
+02.5474	+00.0190	0000.955
+02.5492	+00.0180	0000.956
+02.5523	+00.0193	0000.957
+02.5550	+00.0190	0000.958
+02.5584	+00.0190	0000.959
+02.5605	+00.0187	0000.960
+02.5630	+00.0190	0000.961
+02.5660	+00.0190	0000.962
+02.5682	+00.0193	0000.963
+02.5712	+00.0187	0000.964
+02.5743	+00.0193	0000.965
+02.5770	+00.0190	0000.966
+02.5792	+00.0190	0000.967
+02.5819	+00.0196	0000.968
+02.5843	+00.0190	0000.969
+02.5877	+00.0187	0000.970
+02.5895	+00.0196	0000.971
+02.5923	+00.0193	0000.972
+02.5953	+00.0193	0000.973
+02.5981	+00.0196	0000.974
+02.6011	+00.0196	0000.975
+02.6030	+00.0193	0000.976
+02.6060	+00.0193	0000.977
+02.6091	+00.0190	0000.978
+02.6115	+00.0196	0000.979
+02.6139	+00.0196	0000.980
+02.6167	+00.0196	0000.981
+02.6188	+00.0193	0000.982
+02.6219	+00.0196	0000.983
+02.6246	+00.0196	0000.984
+02.6274	+00.0193	0000.985
+02.6301	+00.0196	0000.986
+02.6323	+00.0193	0000.987
+02.6353	+00.0199	0000.988
+02.6381	+00.0199	0000.989
+02.6408	+00.0196	0000.990
+02.6429	+00.0199	0000.991
+02.6469	+00.0193	0000.992
+02.6487	+00.0199	0000.993
+02.6518	+00.0199	0000.994
+02.6539	+00.0202	0000.995
+02.6567	+00.0199	0000.996
+02.6588	+00.0196	0000.997
+02.6619	+00.0196	0000.998
+02.6649	+00.0202	0000.999
+02.6674	+00.0202	0001.000
+02.6707	+00.0196	0001.001
+02.6725	+00.0199	0001.002
+02.6756	+00.0196	0001.003
+02.6786	+00.0196	0001.004
+02.6805	+00.0199	0001.005
+02.6832	+00.0199	0001.006
+02.6860	+00.0202	0001.007
+02.6890	+00.0199	0001.008
+02.6915	+00.0202	0001.009
+02.6936	+00.0199	0001.010
+02.6970	+00.0202	0001.011
+02.6997	+00.0202	0001.012
+02.7021	+00.0199	0001.013
+02.7043	+00.0202	0001.014
+02.7073	+00.0202	0001.015
+02.7101	+00.0202	0001.016
+02.7116	+00.0202	0001.017
+02.7156	+00.0202	0001.018
+02.7177	+00.0202	0001.019
+02.7208	+00.0205	0001.020
+02.7235	+00.0199	0001.021
+02.7262	+00.0205	0001.022
+02.7287	+00.0202	0001.023
+02.7314	+00.0205	0001.024
+02.7342	+00.0202	0001.025
+02.7366	+00.0205	0001.026
+02.7394	+00.0202	0001.027
+02.7421	+00.0205	0001.028
+02.7446	+00.0205	0001.029
+02.7476	+00.0202	0001.030
+02.7510	+00.0205	0001.031
+02.7528	+00.0199	0001.032
+02.7552	+00.0205	0001.033
+02.7583	+00.0202	0001.034
+02.7610	+00.0208	0001.035
+02.7632	+00.0205	0001.036
+02.7659	+00.0205	0001.037
+02.7690	+00.0208	0001.038
+02.7720	+00.0205	0001.039
+02.7745	+00.0205	0001.040
+02.7772	+00.0208	0001.041
+02.7800	+00.0208	0001.042
+02.7821	+00.0208	0001.043
+02.7848	+00.0208	0001.044
+02.7873	+00.0211	0001.045
+02.7903	+00.0208	0001.046
+02.7928	+00.0208	0001.047
+02.7949	+00.0208	0001.048
+02.7983	+00.0208	0001.049
+02.8016	+00.0208	0001.050
+02.8032	+00.0205	0001.051
+02.8062	+00.0211	0001.052
+02.8086	+00.0211	0001.053
+02.8111	+00.0208	0001.054
+02.8141	+00.0208	0001.055
+02.8169	+00.0205	0001.056
+02.8196	+00.0208	0001.057
+02.8227	+00.0208	0001.058
+02.8248	+00.0211	0001.059
+02.8273	+00.0211	0001.060
+02.8306	+00.0214	0001.061
+02.8334	+00.0211	0001.062
+02.8355	+00.0208	0001.063
+02.8386	+00.0211	0001.064
+02.8416	+00.0208	0001.065
+02.8440	+00.0214	0001.066
+02.8462	+00.0211	0001.067
+02.8492	+00.0211	0001.068
+02.8517	+00.0211	0001.069
+02.8541	+00.0214	0001.070
+02.8566	+00.0211	0001.071
+02.8605	+00.0220	0001.072
+02.8627	+00.0211	0001.073
+02.8651	+00.0211	0001.074
+02.8679	+00.0214	0001.075
+02.8697	+00.0211	0001.076
+02.8736	+00.0214	0001.077
+02.8764	+00.0211	0001.078
+02.8782	+00.0214	0001.079
+02.8816	+00.0214	0001.080
+02.8840	+00.0211	0001.081
+02.8865	+00.0217	0001.082
+02.8892	+00.0214	0001.083
+02.8917	+00.0214	0001.084
+02.8941	+00.0214	0001.085
+02.8975	+00.0214	0001.086
+02.8996	+00.0217	0001.087
+02.9026	+00.0214	0001.088
+02.9054	+00.0217	0001.089
+02.9078	+00.0211	0001.090
+02.9100	+00.0217	0001.091
+02.9130	+00.0214	0001.092
+02.9155	+00.0214	0001.093
+02.9185	+00.0211	0001.094
+02.9213	+00.0220	0001.095
+02.9243	+00.0217	0001.096
+02.9267	+00.0220	0001.097
+02.9292	+00.0217	0001.098
+02.9322	+00.0217	0001.099
+02.9347	+00.0217	0001.100
+02.9374	+00.0214	0001.101
+02.9402	+00.0217	0001.102
+02.9426	+00.0217	0001.103
+02.9454	+00.0214	0001.104
+02.9475	+00.0223	0001.105
+02.9512	+00.0217	0001.106
+02.9524	+00.0220	0001.107
+02.9557	+00.0217	0001.108
+02.9588	+00.0217	0001.109
+02.9609	+00.0223	0001.110
+02.9643	+00.0217	0001.111
+02.9664	+00.0226	0001.112
+02.9701	+00.0220	0001.113
+02.9725	+00.0220	0001.114
+02.9744	+00.0223	0001.115
+02.9774	+00.0220	0001.116
+02.9805	+00.0217	0001.117
+02.9826	+00.0226	0001.118
+02.9856	+00.0223	0001.119
+02.9878	+00.0223	0001.120
+02.9908	+00.0220	0001.121
+02.9930	+00.0226	0001.122
+02.9957	+00.0223	0001.123
+02.9988	+00.0223	0001.124
+03.0012	+00.0223	0001.125
+03.0040	+00.0226	0001.126
+03.0067	+00.0223	0001.127
+03.0085	+00.0223	0001.128
+03.0119	+00.0229	0001.129
+03.0146	+00.0226	0001.130
+03.0174	+00.0226	0001.131
+03.0195	+00.0223	0001.132
+03.0232	+00.0223	0001.133
+03.0259	+00.0223	0001.134
+03.0284	+00.0226	0001.135
+03.0308	+00.0223	0001.136
+03.0339	+00.0229	0001.137
+03.0357	+00.0223	0001.138
+03.0384	+00.0223	0001.139
+03.0409	+00.0226	0001.140
+03.0442	+00.0223	0001.141
+03.0479	+00.0229	0001.142
+03.0485	+00.0229	0001.143
+03.0522	+00.0226	0001.144
+03.0543	+00.0229	0001.145
+03.0580	+00.0229	0001.146
+03.0601	+00.0229	0001.147
+03.0626	+00.0229	0001.148
+03.0647	+00.0226	0001.149
+03.0674	+00.0226	0001.150
+03.0708	+00.0226	0001.151
+03.0738	+00.0226	0001.152
+03.0763	+00.0229	0001.153
+03.0790	+00.0229	0001.154
+03.0812	+00.0226	0001.155
+03.0845	+00.0229	0001.156
+03.0873	+00.0229	0001.157
+03.0900	+00.0229	0001.158
+03.0922	+00.0226	0001.159
+03.0943	+00.0226	0001.160
+03.0976	+00.0229	0001.161
+03.1004	+00.0229	0001.162
+03.1028	+00.0229	0001.163
+03.1053	+00.0229	0001.164
+03.1083	+00.0229	0001.165
+03.1105	+00.0229	0001.166
+03.1135	+00.0232	0001.167
+03.1166	+00.0229	0001.168
+03.1187	+00.0235	0001.169
+03.1218	+00.0229	0001.170
+03.1236	+00.0232	0001.171
+03.1273	+00.0232	0001.172
+03.1294	+00.0229	0001.173
+03.1324	+00.0235	0001.174
+03.1349	+00.0232	0001.175
+03.1376	+00.0235	0001.176
+03.1398	+00.0232	0001.177
+03.1428	+00.0229	0001.178
+03.1453	+00.0235	0001.179
+03.1483	+00.0235	0001.180
+03.1511	+00.0235	0001.181
+03.1535	+00.0235	0001.182
+03.1559	+00.0232	0001.183
+03.1590	+00.0235	0001.184
+03.1614	+00.0235	0001.185
+03.1642	+00.0235	0001.186
+03.1669	+00.0235	0001.187
+03.1694	+00.0232	0001.188
+03.1724	+00.0235	0001.189
+03.1749	+00.0235	0001.190
+03.1773	+00.0235	0001.191
+03.1797	+00.0238	0001.192
+03.1828	+00.0235	0001.193
+03.1855	+00.0235	0001.194
+03.1880	+00.0235	0001.195
+03.1904	+00.0238	0001.196
+03.1935	+00.0232	0001.197
+03.1965	+00.0235	0001.198
+03.1990	+00.0235	0001.199
+03.2008	+00.0238	0001.200
+03.2042	+00.0235	0001.201
+03.2075	+00.0238	0001.202
+03.2096	+00.0235	0001.203
+03.2118	+00.0235	0001.204
+03.2148	+00.0241	0001.205
+03.2176	+00.0238	0001.206
+03.2197	+00.0238	0001.207
+03.2234	+00.0238	0001.208
+03.2252	+00.0238	0001.209
+03.2280	+00.0241	0001.210
+03.2307	+00.0238	0001.211
+03.2338	+00.0241	0001.212
+03.2359	+00.0238	0001.213
+03.2389	+00.0238	0001.214
+03.2414	+00.0241	0001.215
+03.2441	+00.0241	0001.216
+03.2469	+00.0241	0001.217
+03.2493	+00.0254	0001.218
+03.2524	+00.0241	0001.219
+03.2545	+00.0241	0001.220
+03.2579	+00.0241	0001.221
+03.2603	+00.0241	0001.222
+03.2624	+00.0245	0001.223
+03.2652	+00.0238	0001.224
+03.2685	+00.0245	0001.225
+03.2716	+00.0245	0001.226
+03.2740	+00.0241	0001.227
+03.2759	+00.0245	0001.228
+03.2792	+00.0238	0001.229
+03.2814	+00.0248	0001.230
+03.2838	+00.0245	0001.231
+03.2872	+00.0241	0001.232
+03.2899	+00.0248	0001.233
+03.2920	+00.0245	0001.234
+03.2945	+00.0245	0001.235
+03.2975	+00.0245	0001.236
+03.3000	+00.0241	0001.237
+03.3027	+00.0241	0001.238
+03.3058	+00.0248	0001.239
+03.3082	+00.0248	0001.240
+03.3110	+00.0241	0001.241
+03.3137	+00.0251	0001.242
+03.3158	+00.0245	0001.243
+03.3192	+00.0245	0001.244
+03.3220	+00.0245	0001.245
+03.3241	+00.0248	0001.246
+03.3271	+00.0251	0001.247
+03.3296	+00.0248	0001.248
+03.3329	+00.0248	0001.249
+03.3345	+00.0251	0001.250
+03.3378	+00.0241	0001.251
+03.3406	+00.0248	0001.252
+03.3430	+00.0248	0001.253
+03.3461	+00.0251	0001.254
+03.3485	+00.0251	0001.255
+03.3509	+00.0251	0001.256
+03.3537	+00.0248	0001.257
+03.3561	+00.0251	0001.258
+03.3589	+00.0251	0001.259
+03.3619	+00.0251	0001.260
+03.3641	+00.0248	0001.261
+03.3671	+00.0251	0001.262
+03.3702	+00.0251	0001.263
+03.3720	+00.0251	0001.264
+03.3757	+00.0248	0001.265
+03.3781	+00.0248	0001.266
+03.3805	+00.0248	0001.267
+03.3830	+00.0254	0001.268
+03.3854	+00.0254	0001.269
+03.3879	+00.0254	0001.270
+03.3909	+00.0251	0001.271
+03.3937	+00.0251	0001.272
+03.3967	+00.0254	0001.273
+03.3989	+00.0251	0001.274
+03.4019	+00.0251	0001.275
+03.4043	+00.0251	0001.276
+03.4074	+00.0251	0001.277
+03.4098	+00.0251	0001.278
+03.4129	+00.0248	0001.279
+03.4150	+00.0257	0001.280
+03.4178	+00.0254	0001.281
+03.4202	+00.0257	0001.282
+03.4230	+00.0260	0001.283
+03.4260	+00.0251	0001.284
+03.4288	+00.0251	0001.285
+03.4309	+00.0254	0001.286
+03.4349	+00.0254	0001.287
+03.4373	+00.0257	0001.288
+03.4391	+00.0257	0001.289
+03.4413	+00.0257	0001.290
+03.4455	+00.0257	0001.291
+03.4471	+00.0251	0001.292
+03.4495	+00.0257	0001.293
+03.4532	+00.0254	0001.294
+03.4547	+00.0254	0001.295
+03.4587	+00.0257	0001.296
+03.4602	+00.0260	0001.297
+03.4636	+00.0257	0001.298
+03.4660	+00.0260	0001.299
+03.4684	+00.0257	0001.300
+03.4709	+00.0257	0001.301
+03.4739	+00.0254	0001.302
+03.4764	+00.0260	0001.303
+03.4791	+00.0257	0001.304
+03.4819	+00.0260	0001.305
+03.4843	+00.0260	0001.306
+03.4871	+00.0260	0001.307
+03.4898	+00.0260	0001.308
+03.4925	+00.0257	0001.309
+03.4950	+00.0260	0001.310
+03.4980	+00.0257	0001.311
+03.5008	+00.0260	0001.312
+03.5029	+00.0263	0001.313
+03.5060	+00.0260	0001.314
+03.5087	+00.0260	0001.315
+03.5118	+00.0263	0001.316
+03.5139	+00.0263	0001.317
+03.5160	+00.0263	0001.318
+03.5200	+00.0266	0001.319
+03.5228	+00.0263	0001.320
+03.5252	+00.0260	0001.321
+03.5273	+00.0263	0001.322
+03.5301	+00.0263	0001.323
+03.5325	+00.0263	0001.324
+03.5353	+00.0266	0001.325
+03.5377	+00.0263	0001.326
+03.5411	+00.0257	0001.327
+03.5432	+00.0260	0001.328
+03.5463	+00.0263	0001.329
+03.5487	+00.0266	0001.330
+03.5514	+00.0260	0001.331
+03.5539	+00.0260	0001.332
+03.5563	+00.0263	0001.333
+03.5597	+00.0266	0001.334
+03.5624	+00.0266	0001.335
+03.5649	+00.0266	0001.336
+03.5670	+00.0266	0001.337
+03.5701	+00.0269	0001.338
+03.5734	+00.0269	0001.339
+03.5756	+00.0266	0001.340
+03.5780	+00.0266	0001.341
+03.5814	+00.0263	0001.342
+03.5844	+00.0263	0001.343
+03.5868	+00.0263	0001.344
+03.5893	+00.0269	0001.345
+03.5914	+00.0266	0001.346
+03.5948	+00.0266	0001.347
+03.5969	+00.0266	0001.348
+03.5994	+00.0269	0001.349
+03.6018	+00.0269	0001.350
+03.6052	+00.0266	0001.351
+03.6070	+00.0269	0001.352
+03.6103	+00.0272	0001.353
+03.6134	+00.0269	0001.354
+03.6155	+00.0269	0001.355
+03.6177	+00.0263	0001.356
+03.6207	+00.0272	0001.357
+03.6232	+00.0272	0001.358
+03.6262	+00.0275	0001.359
+03.6287	+00.0269	0001.360
+03.6320	+00.0263	0001.361
+03.6341	+00.0272	0001.362
+03.6372	+00.0272	0001.363
+03.6399	+00.0272	0001.364
+03.6418	+00.0275	0001.365
+03.6448	+00.0269	0001.366
+03.6473	+00.0269	0001.367
+03.6506	+00.0272	0001.368
+03.6534	+00.0272	0001.369
+03.6558	+00.0272	0001.370
+03.6589	+00.0272	0001.371
+03.6619	+00.0272	0001.372
+03.6637	+00.0278	0001.373
+03.6659	+00.0275	0001.374
+03.6686	+00.0269	0001.375
+03.6717	+00.0272	0001.376
+03.6744	+00.0275	0001.377
+03.6772	+00.0269	0001.378
+03.6790	+00.0269	0001.379
+03.6818	+00.0275	0001.380
+03.6848	+00.0275	0001.381
+03.6879	+00.0272	0001.382
+03.6891	+00.0272	0001.383
+03.6927	+00.0275	0001.384
+03.6961	+00.0272	0001.385
+03.6985	+00.0275	0001.386
+03.7001	+00.0272	0001.387
+03.7037	+00.0278	0001.388
+03.7062	+00.0275	0001.389
+03.7086	+00.0278	0001.390
+03.7114	+00.0272	0001.391
+03.7141	+00.0278	0001.392
+03.7175	+00.0275	0001.393
+03.7190	+00.0275	0001.394
+03.7217	+00.0278	0001.395
+03.7251	+00.0278	0001.396
+03.7278	+00.0275	0001.397
+03.7303	+00.0275	0001.398
+03.7330	+00.0275	0001.399
+03.7364	+00.0281	0001.400
+03.7385	+00.0275	0001.401
+03.7410	+00.0278	0001.402
+03.7437	+00.0275	0001.403
+03.7461	+00.0278	0001.404
+03.7495	+00.0281	0001.405
+03.7519	+00.0278	0001.406
+03.7550	+00.0281	0001.407
+03.7571	+00.0278	0001.408
+03.7602	+00.0278	0001.409
+03.7626	+00.0284	0001.410
+03.7648	+00.0281	0001.411
+03.7678	+00.0278	0001.412
+03.7703	+00.0281	0001.413
+03.7733	+00.0278	0001.414
+03.7757	+00.0284	0001.415
+03.7791	+00.0281	0001.416
+03.7812	+00.0281	0001.417
+03.7834	+00.0284	0001.418
+03.7861	+00.0284	0001.419
+03.7895	+00.0284	0001.420
+03.7919	+00.0281	0001.421
+03.7941	+00.0284	0001.422
+03.7968	+00.0281	0001.423
+03.7992	+00.0281	0001.424
+03.8026	+00.0284	0001.425
+03.8054	+00.0284	0001.426
+03.8072	+00.0284	0001.427
+03.8102	+00.0293	0001.428
+03.8136	+00.0287	0001.429
+03.8166	+00.0281	0001.430
+03.8188	+00.0281	0001.431
+03.8218	+00.0284	0001.432
+03.8234	+00.0284	0001.433
+03.8264	+00.0290	0001.434
+03.8292	+00.0287	0001.435
+03.8316	+00.0284	0001.436
+03.8343	+00.0284	0001.437
+03.8377	+00.0287	0001.438
+03.8401	+00.0284	0001.439
+03.8417	+00.0287	0001.440
+03.8450	+00.0284	0001.441
+03.8478	+00.0290	0001.442
+03.8511	+00.0284	0001.443
+03.8530	+00.0287	0001.444
+03.8563	+00.0287	0001.445
+03.8591	+00.0290	0001.446
+03.8609	+00.0293	0001.447
+03.8639	+00.0284	0001.448
+03.8664	+00.0290	0001.449
+03.8694	+00.0290	0001.450
+03.8725	+00.0287	0001.451
+03.8743	+00.0287	0001.452
+03.8771	+00.0290	0001.453
+03.8798	+00.0287	0001.454
+03.8829	+00.0287	0001.455
+03.8847	+00.0287	0001.456
+03.8887	+00.0290	0001.457
+03.8911	+00.0290	0001.458
+03.8939	+00.0293	0001.459
+03.8960	+00.0290	0001.460
+03.8987	+00.0290	0001.461
+03.9012	+00.0296	0001.462
+03.9039	+00.0290	0001.463
+03.9070	+00.0290	0001.464
+03.9091	+00.0290	0001.465
+03.9122	+00.0296	0001.466
+03.9146	+00.0293	0001.467
+03.9167	+00.0293	0001.468
+03.9198	+00.0293	0001.469
+03.9225	+00.0293	0001.470
+03.9256	+00.0290	0001.471
+03.9280	+00.0293	0001.472
+03.9302	+00.0293	0001.473
+03.9338	+00.0296	0001.474
+03.9360	+00.0293	0001.475
+03.9384	+00.0293	0001.476
+03.9408	+00.0293	0001.477
+03.9445	+00.0296	0001.478
+03.9463	+00.0293	0001.479
+03.9494	+00.0296	0001.480
+03.9518	+00.0296	0001.481
+03.9546	+00.0299	0001.482
+03.9567	+00.0296	0001.483
+03.9601	+00.0296	0001.484
+03.9628	+00.0296	0001.485
+03.9656	+00.0293	0001.486
+03.9680	+00.0296	0001.487
+03.9714	+00.0296	0001.488
+03.9732	+00.0293	0001.489
+03.9759	+00.0296	0001.490
+03.9787	+00.0299	0001.491
+03.9811	+00.0296	0001.492
+03.9839	+00.0293	0001.493
+03.9866	+00.0302	0001.494
+03.9897	+00.0296	0001.495
+03.9927	+00.0302	0001.496
+03.9949	+00.0299	0001.497
+03.9970	+00.0299	0001.498
+04.0001	+00.0299	0001.499
+04.0025	+00.0296	0001.500
+04.0059	+00.0299	0001.501
+04.0031	+00.0296	0001.502
+04.0010	+00.0299	0001.503
+03.9970	+00.0299	0001.504
+03.9949	+00.0296	0001.505
+03.9924	+00.0296	0001.506
+03.9894	+00.0299	0001.507
+03.9872	+00.0299	0001.508
+03.9845	+00.0296	0001.509
+03.9817	+00.0302	0001.510
+03.9793	+00.0302	0001.511
+03.9756	+00.0299	0001.512
+03.9729	+00.0299	0001.513
+03.9708	+00.0296	0001.514
+03.9683	+00.0302	0001.515
+03.9650	+00.0302	0001.516
+03.9634	+00.0302	0001.517
+03.9604	+00.0299	0001.518
+03.9570	+00.0302	0001.519
+03.9546	+00.0302	0001.520
+03.9528	+00.0296	0001.521
+03.9503	+00.0306	0001.522
+03.9460	+00.0306	0001.523
+03.9439	+00.0296	0001.524
+03.9421	+00.0302	0001.525
+03.9390	+00.0296	0001.526
+03.9360	+00.0299	0001.527
+03.9332	+00.0299	0001.528
+03.9311	+00.0296	0001.529
+03.9286	+00.0302	0001.530
+03.9250	+00.0299	0001.531
+03.9222	+00.0302	0001.532
+03.9201	+00.0299	0001.533
+03.9177	+00.0296	0001.534
+03.9146	+00.0302	0001.535
+03.9125	+00.0299	0001.536
+03.9097	+00.0296	0001.537
+03.9070	+00.0302	0001.538
+03.9045	+00.0299	0001.539
+03.9021	+00.0302	0001.540
+03.8987	+00.0299	0001.541
+03.8954	+00.0302	0001.542
+03.8932	+00.0296	0001.543
+03.8914	+00.0302	0001.544
+03.8884	+00.0302	0001.545
+03.8853	+00.0299	0001.546
+03.8832	+00.0299	0001.547
+03.8804	+00.0302	0001.548
+03.8780	+00.0302	0001.549
+03.8746	+00.0302	0001.550
+03.8719	+00.0299	0001.551
+03.8694	+00.0296	0001.552
+03.8670	+00.0299	0001.553
+03.8646	+00.0306	0001.554
+03.8615	+00.0296	0001.555
+03.8588	+00.0302	0001.556
+03.8566	+00.0299	0001.557
+03.8536	+00.0299	0001.558
+03.8508	+00.0299	0001.559
+03.8481	+00.0296	0001.560
+03.8450	+00.0302	0001.561
+03.8432	+00.0299	0001.562
+03.8398	+00.0302	0001.563
+03.8374	+00.0299	0001.564
+03.8350	+00.0299	0001.565
+03.8328	+00.0299	0001.566
+03.8288	+00.0299	0001.567
+03.8264	+00.0302	0001.568
+03.8249	+00.0306	0001.569
+03.8218	+00.0299	0001.570
+03.8188	+00.0296	0001.571
+03.8166	+00.0299	0001.572
+03.8127	+00.0299	0001.573
+03.8111	+00.0299	0001.574
+03.8081	+00.0299	0001.575
+03.8057	+00.0299	0001.576
+03.8023	+00.0299	0001.577
+03.7999	+00.0296	0001.578
+03.7971	+00.0299	0001.579
+03.7944	+00.0299	0001.580
+03.7913	+00.0296	0001.581
+03.7895	+00.0302	0001.582
+03.7864	+00.0299	0001.583
+03.7852	+00.0296	0001.584
+03.7815	+00.0299	0001.585
+03.7788	+00.0302	0001.586
+03.7754	+00.0302	0001.587
+03.7736	+00.0299	0001.588
+03.7706	+00.0299	0001.589
+03.7678	+00.0299	0001.590
+03.7654	+00.0299	0001.591
+03.7623	+00.0299	0001.592
+03.7599	+00.0296	0001.593
+03.7577	+00.0296	0001.594
+03.7556	+00.0299	0001.595
+03.7523	+00.0299	0001.596
+03.7492	+00.0299	0001.597
+03.7468	+00.0296	0001.598
+03.7443	+00.0299	0001.599
+03.7410	+00.0296	0001.600
+03.7394	+00.0296	0001.601
+03.7364	+00.0299	0001.602
+03.7333	+00.0296	0001.603
+03.7303	+00.0302	0001.604
+03.7275	+00.0299	0001.605
+03.7254	+00.0299	0001.606
+03.7214	+00.0299	0001.607
+03.7196	+00.0299	0001.608
+03.7178	+00.0302	0001.609
+03.7153	+00.0299	0001.610
+03.7117	+00.0302	0001.611
+03.7098	+00.0299	0001.612
+03.7071	+00.0302	0001.613
+03.7040	+00.0299	0001.614
+03.7010	+00.0299	0001.615
+03.6985	+00.0299	0001.616
+03.6958	+00.0299	0001.617
+03.6930	+00.0302	0001.618
+03.6909	+00.0299	0001.619
+03.6882	+00.0296	0001.620
+03.6848	+00.0302	0001.621
+03.6824	+00.0296	0001.622
+03.6796	+00.0306	0001.623
+03.6775	+00.0302	0001.624
+03.6741	+00.0302	0001.625
+03.6717	+00.0299	0001.626
+03.6695	+00.0299	0001.627
+03.6674	+00.0296	0001.628
+03.6637	+00.0299	0001.629
+03.6613	+00.0299	0001.630
+03.6586	+00.0299	0001.631
+03.6561	+00.0296	0001.632
+03.6528	+00.0299	0001.633
+03.6500	+00.0302	0001.634
+03.6482	+00.0302	0001.635
+03.6451	+00.0302	0001.636
+03.6424	+00.0299	0001.637
+03.6406	+00.0299	0001.638
+03.6369	+00.0296	0001.639
+03.6348	+00.0299	0001.640
+03.6308	+00.0296	0001.641
+03.6287	+00.0299	0001.642
+03.6268	+00.0296	0001.643
+03.6241	+00.0296	0001.644
+03.6213	+00.0299	0001.645
+03.6180	+00.0299	0001.646
+03.6161	+00.0299	0001.647
+03.6128	+00.0296	0001.648
+03.6097	+00.0299	0001.649
+03.6088	+00.0296	0001.650
+03.6049	+00.0296	0001.651
+03.6021	+00.0296	0001.652
+03.6000	+00.0302	0001.653
+03.5969	+00.0299	0001.654
+03.5948	+00.0296	0001.655
+03.5914	+00.0296	0001.656
+03.5896	+00.0299	0001.657
+03.5859	+00.0299	0001.658
+03.5838	+00.0299	0001.659
+03.5814	+00.0299	0001.660
+03.5786	+00.0299	0001.661
+03.5759	+00.0299	0001.662
+03.5728	+00.0296	0001.663
+03.5704	+00.0296	0001.664
+03.5679	+00.0296	0001.665
+03.5655	+00.0299	0001.666
+03.5624	+00.0296	0001.667
+03.5597	+00.0299	0001.668
+03.5579	+00.0296	0001.669
+03.5551	+00.0299	0001.670
+03.5514	+00.0296	0001.671
+03.5487	+00.0296	0001.672
+03.5463	+00.0293	0001.673
+03.5435	+00.0296	0001.674
+03.5411	+00.0299	0001.675
+03.5380	+00.0299	0001.676
+03.5362	+00.0296	0001.677
+03.5328	+00.0296	0001.678
+03.5307	+00.0296	0001.679
+03.5273	+00.0299	0001.680
+03.5255	+00.0293	0001.681
+03.5225	+00.0296	0001.682
+03.5191	+00.0296	0001.683
+03.5167	+00.0296	0001.684
+03.5142	+00.0299	0001.685
+03.5112	+00.0299	0001.686
+03.5096	+00.0299	0001.687
+03.5069	+00.0296	0001.688
+03.5041	+00.0302	0001.689
+03.5011	+00.0299	0001.690
+03.4980	+00.0299	0001.691
+03.4953	+00.0296	0001.692
+03.4941	+00.0296	0001.693
+03.4898	+00.0299	0001.694
+03.4874	+00.0293	0001.695
+03.4846	+00.0296	0001.696
+03.4822	+00.0296	0001.697
+03.4800	+00.0299	0001.698
+03.4764	+00.0296	0001.699
+03.4745	+00.0296	0001.700
+03.4712	+00.0299	0001.701
+03.4694	+00.0296	0001.702
+03.4666	+00.0296	0001.703
+03.4639	+00.0296	0001.704
+03.4611	+00.0299	0001.705
+03.4581	+00.0293	0001.706
+03.4556	+00.0296	0001.707
+03.4532	+00.0296	0001.708
+03.4498	+00.0296	0001.709
+03.4471	+00.0296	0001.710
+03.4443	+00.0296	0001.711
+03.4422	+00.0296	0001.712
+03.4401	+00.0299	0001.713
+03.4364	+00.0296	0001.714
+03.4340	+00.0293	0001.715
+03.4315	+00.0302	0001.716
+03.4288	+00.0296	0001.717
+03.4260	+00.0296	0001.718
+03.4233	+00.0293	0001.719
+03.4208	+00.0293	0001.720
+03.4181	+00.0296	0001.721
+03.4147	+00.0296	0001.722
+03.4129	+00.0296	0001.723
+03.4108	+00.0296	0001.724
+03.4068	+00.0296	0001.725
+03.4040	+00.0296	0001.726
+03.4025	+00.0296	0001.727
+03.3995	+00.0299	0001.728
+03.3967	+00.0296	0001.729
+03.3940	+00.0293	0001.730
+03.3912	+00.0293	0001.731
+03.3891	+00.0299	0001.732
+03.3863	+00.0293	0001.733
+03.3836	+00.0296	0001.734
+03.3805	+00.0293	0001.735
+03.3778	+00.0290	0001.736
+03.3754	+00.0293	0001.737
+03.3726	+00.0287	0001.738
+03.3702	+00.0293	0001.739
+03.3671	+00.0293	0001.740
+03.3650	+00.0293	0001.741
+03.3619	+00.0296	0001.742
+03.3598	+00.0296	0001.743
+03.3564	+00.0293	0001.744
+03.3537	+00.0296	0001.745
+03.3519	+00.0293	0001.746
+03.3485	+00.0296	0001.747
+03.3464	+00.0293	0001.748
+03.3436	+00.0296	0001.749
+03.3415	+00.0296	0001.750
+03.3384	+00.0296	0001.751
+03.3348	+00.0290	0001.752
+03.3329	+00.0296	0001.753
+03.3299	+00.0290	0001.754
+03.3268	+00.0293	0001.755
+03.3244	+00.0296	0001.756
+03.3223	+00.0293	0001.757
+03.3189	+00.0293	0001.758
+03.3162	+00.0296	0001.759
+03.3131	+00.0290	0001.760
+03.3116	+00.0293	0001.761
+03.3082	+00.0293	0001.762
+03.3061	+00.0296	0001.763
+03.3033	+00.0293	0001.764
+03.3012	+00.0296	0001.765
+03.2981	+00.0290	0001.766
+03.2951	+00.0293	0001.767
+03.2927	+00.0290	0001.768
+03.2896	+00.0293	0001.769
+03.2878	+00.0293	0001.770
+03.2847	+00.0290	0001.771
+03.2826	+00.0293	0001.772
+03.2798	+00.0293	0001.773
+03.2765	+00.0296	0001.774
+03.2737	+00.0293	0001.775
+03.2707	+00.0290	0001.776
+03.2692	+00.0296	0001.777
+03.2661	+00.0293	0001.778
+03.2634	+00.0293	0001.779
+03.2609	+00.0293	0001.780
+03.2579	+00.0287	0001.781
+03.2557	+00.0296	0001.782
+03.2521	+00.0293	0001.783
+03.2505	+00.0290	0001.784
+03.2475	+00.0293	0001.785
+03.2444	+00.0293	0001.786
+03.2417	+00.0290	0001.787
+03.2389	+00.0293	0001.788
+03.2365	+00.0293	0001.789
+03.2335	+00.0287	0001.790
+03.2310	+00.0290	0001.791
+03.2289	+00.0293	0001.792
+03.2258	+00.0293	0001.793
+03.2234	+00.0293	0001.794
+03.2209	+00.0293	0001.795
+03.2176	+00.0290	0001.796
+03.2151	+00.0296	0001.797
+03.2124	+00.0296	0001.798
+03.2106	+00.0290	0001.799
+03.2072	+00.0293	0001.800
+03.2045	+00.0293	0001.801
+03.2017	+00.0290	0001.802
+03.1996	+00.0293	0001.803
+03.1965	+00.0287	0001.804
+03.1938	+00.0290	0001.805
+03.1910	+00.0290	0001.806
+03.1895	+00.0296	0001.807
+03.1861	+00.0293	0001.808
+03.1828	+00.0293	0001.809
+03.1804	+00.0290	0001.810
+03.1779	+00.0290	0001.811
+03.1755	+00.0287	0001.812
+03.1724	+00.0296	0001.813
+03.1697	+00.0293	0001.814
+03.1672	+00.0290	0001.815
+03.1651	+00.0293	0001.816
+03.1611	+00.0293	0001.817
+03.1596	+00.0290	0001.818
+03.1562	+00.0293	0001.819
+03.1538	+00.0293	0001.820
+03.1517	+00.0290	0001.821
+03.1480	+00.0293	0001.822
+03.1456	+00.0287	0001.823
+03.1431	+00.0290	0001.824
+03.1404	+00.0293	0001.825
+03.1382	+00.0290	0001.826
+03.1358	+00.0293	0001.827
+03.1321	+00.0287	0001.828
+03.1291	+00.0290	0001.829
+03.1279	+00.0290	0001.830
+03.1248	+00.0287	0001.831
+03.1218	+00.0287	0001.832
+03.1193	+00.0290	0001.833
+03.1163	+00.0293	0001.834
+03.1141	+00.0293	0001.835
+03.1114	+00.0287	0001.836
+03.1086	+00.0290	0001.837
+03.1059	+00.0293	0001.838
+03.1028	+00.0284	0001.839
+03.1004	+00.0293	0001.840
+03.0983	+00.0287	0001.841
+03.0949	+00.0287	0001.842
+03.0922	+00.0290	0001.843
+03.0897	+00.0284	0001.844
+03.0873	+00.0290	0001.845
+03.0848	+00.0290	0001.846
+03.0806	+00.0290	0001.847
+03.0790	+00.0293	0001.848
+03.0763	+00.0293	0001.849
+03.0738	+00.0287	0001.850
+03.0714	+00.0293	0001.851
+03.0677	+00.0287	0001.852
+03.0662	+00.0293	0001.853
+03.0629	+00.0290	0001.854
+03.0598	+00.0290	0001.855
+03.0583	+00.0290	0001.856
+03.0549	+00.0290	0001.857
+03.0525	+00.0287	0001.858
+03.0497	+00.0284	0001.859
+03.0473	+00.0293	0001.860
+03.0449	+00.0287	0001.861
+03.0412	+00.0290	0001.862
+03.0387	+00.0290	0001.863
+03.0363	+00.0290	0001.864
+03.0336	+00.0293	0001.865
+03.0308	+00.0290	0001.866
+03.0284	+00.0290	0001.867
+03.0256	+00.0290	0001.868
+03.0235	+00.0287	0001.869
+03.0201	+00.0290	0001.870
+03.0171	+00.0290	0001.871
+03.0149	+00.0290	0001.872
+03.0122	+00.0284	0001.873
+03.0095	+00.0293	0001.874
+03.0064	+00.0284	0001.875
+03.0046	+00.0293	0001.876
+03.0012	+00.0290	0001.877
+02.9985	+00.0287	0001.878
+02.9963	+00.0287	0001.879
+02.9933	+00.0290	0001.880
+02.9905	+00.0290	0001.881
+02.9884	+00.0287	0001.882
+02.9853	+00.0290	0001.883
+02.9832	+00.0284	0001.884
+02.9805	+00.0290	0001.885
+02.9780	+00.0290	0001.886
+02.9747	+00.0287	0001.887
+02.9725	+00.0287	0001.888
+02.9695	+00.0290	0001.889
+02.9670	+00.0287	0001.890
+02.9643	+00.0287	0001.891
+02.9618	+00.0287	0001.892
+02.9585	+00.0287	0001.893
+02.9567	+00.0290	0001.894
+02.9539	+00.0284	0001.895
+02.9506	+00.0290	0001.896
+02.9481	+00.0287	0001.897
+02.9451	+00.0284	0001.898
+02.9426	+00.0287	0001.899
+02.9408	+00.0284	0001.900
+02.9377	+00.0284	0001.901
+02.9347	+00.0287	0001.902
+02.9319	+00.0290	0001.903
+02.9292	+00.0287	0001.904
+02.9264	+00.0284	0001.905
+02.9240	+00.0287	0001.906
+02.9213	+00.0287	0001.907
+02.9188	+00.0290	0001.908
+02.9158	+00.0287	0001.909
+02.9139	+00.0284	0001.910
+02.9112	+00.0287	0001.911
+02.9084	+00.0287	0001.912
+02.9051	+00.0290	0001.913
+02.9029	+00.0284	0001.914
+02.9005	+00.0287	0001.915
+02.8975	+00.0284	0001.916
+02.8947	+00.0290	0001.917
+02.8926	+00.0287	0001.918
+02.8892	+00.0284	0001.919
+02.8865	+00.0284	0001.920
+02.8843	+00.0284	0001.921
+02.8819	+00.0287	0001.922
+02.8791	+00.0287	0001.923
+02.8764	+00.0287	0001.924
+02.8733	+00.0281	0001.925
+02.8709	+00.0290	0001.926
+02.8679	+00.0284	0001.927
+02.8654	+00.0284	0001.928
+02.8630	+00.0290	0001.929
+02.8593	+00.0287	0001.930
+02.8572	+00.0290	0001.931
+02.8547	+00.0287	0001.932
+02.8520	+00.0281	0001.933
+02.8498	+00.0290	0001.934
+02.8465	+00.0284	0001.935
+02.8437	+00.0284	0001.936
+02.8422	+00.0284	0001.937
+02.8386	+00.0287	0001.938
+02.8361	+00.0284	0001.939
+02.8334	+00.0287	0001.940
+02.8309	+00.0284	0001.941
+02.8279	+00.0284	0001.942
+02.8251	+00.0281	0001.943
+02.8227	+00.0284	0001.944
+02.8199	+00.0284	0001.945
+02.8175	+00.0284	0001.946
+02.8141	+00.0284	0001.947
+02.8120	+00.0284	0001.948
+02.8096	+00.0281	0001.949
+02.8062	+00.0281	0001.950
+02.8038	+00.0284	0001.951
+02.8016	+00.0284	0001.952
+02.7983	+00.0287	0001.953
+02.7955	+00.0284	0001.954
+02.7931	+00.0284	0001.955
+02.7906	+00.0287	0001.956
+02.7876	+00.0287	0001.957
+02.7851	+00.0284	0001.958
+02.7827	+00.0284	0001.959
+02.7800	+00.0281	0001.960
+02.7775	+00.0281	0001.961
+02.7742	+00.0284	0001.962
+02.7714	+00.0284	0001.963
+02.7696	+00.0284	0001.964
+02.7665	+00.0284	0001.965
+02.7638	+00.0287	0001.966
+02.7616	+00.0281	0001.967
+02.7580	+00.0284	0001.968
+02.7552	+00.0284	0001.969
+02.7528	+00.0284	0001.970
+02.7504	+00.0284	0001.971
+02.7476	+00.0284	0001.972
+02.7452	+00.0284	0001.973
+02.7427	+00.0278	0001.974
+02.7400	+00.0284	0001.975
+02.7366	+00.0281	0001.976
+02.7345	+00.0281	0001.977
+02.7317	+00.0281	0001.978
+02.7290	+00.0284	0001.979
+02.7266	+00.0281	0001.980
+02.7241	+00.0284	0001.981
+02.7208	+00.0284	0001.982
+02.7186	+00.0284	0001.983
+02.7159	+00.0284	0001.984
+02.7131	+00.0281	0001.985
+02.7110	+00.0278	0001.986
+02.7079	+00.0281	0001.987
+02.7046	+00.0281	0001.988
+02.7021	+00.0284	0001.989
+02.7006	+00.0284	0001.990
+02.6970	+00.0281	0001.991
+02.6942	+00.0281	0001.992
+02.6915	+00.0281	0001.993
+02.6890	+00.0281	0001.994
+02.6860	+00.0278	0001.995
+02.6832	+00.0284	0001.996
+02.6802	+00.0284	0001.997
+02.6789	+00.0281	0001.998
+02.6750	+00.0281	0001.999
+02.6735	+00.0278	0002.000
+02.6701	+00.0287	0002.001
+02.6674	+00.0284	0002.002
+02.6655	+00.0281	0002.003
+02.6628	+00.0287	0002.004
+02.6597	+00.0278	0002.005
+02.6570	+00.0281	0002.006
+02.6542	+00.0278	0002.007
+02.6518	+00.0278	0002.008
+02.6487	+00.0281	0002.009
+02.6469	+00.0275	0002.010
+02.6432	+00.0278	0002.011
+02.6408	+00.0281	0002.012
+02.6387	+00.0284	0002.013
+02.6359	+00.0281	0002.014
+02.6329	+00.0281	0002.015
+02.6298	+00.0278	0002.016
+02.6280	+00.0278	0002.017
+02.6249	+00.0281	0002.018
+02.6219	+00.0278	0002.019
+02.6191	+00.0278	0002.020
+02.6176	+00.0281	0002.021
+02.6139	+00.0278	0002.022
+02.6118	+00.0275	0002.023
+02.6094	+00.0281	0002.024
+02.6066	+00.0278	0002.025
+02.6036	+00.0275	0002.026
+02.6002	+00.0278	0002.027
+02.5984	+00.0281	0002.028
+02.5959	+00.0281	0002.029
+02.5932	+00.0281	0002.030
+02.5901	+00.0281	0002.031
+02.5883	+00.0281	0002.032
+02.5846	+00.0278	0002.033
+02.5822	+00.0278	0002.034
+02.5792	+00.0278	0002.035
+02.5773	+00.0275	0002.036
+02.5740	+00.0278	0002.037
+02.5715	+00.0284	0002.038
+02.5685	+00.0278	0002.039
+02.5663	+00.0278	0002.040
+02.5633	+00.0278	0002.041
+02.5602	+00.0275	0002.042
+02.5587	+00.0284	0002.043
+02.5560	+00.0281	0002.044
+02.5526	+00.0278	0002.045
+02.5511	+00.0275	0002.046
+02.5474	+00.0272	0002.047
+02.5447	+00.0293	0002.048
+02.5416	+00.0281	0002.049
+02.5392	+00.0275	0002.050
+02.5370	+00.0275	0002.051
+02.5346	+00.0278	0002.052
+02.5315	+00.0275	0002.053
+02.5282	+00.0275	0002.054
+02.5261	+00.0281	0002.055
+02.5236	+00.0272	0002.056
+02.5206	+00.0275	0002.057
+02.5181	+00.0281	0002.058
+02.5154	+00.0278	0002.059
+02.5129	+00.0278	0002.060
+02.5102	+00.0281	0002.061
+02.5077	+00.0278	0002.062
+02.5050	+00.0278	0002.063
+02.5026	+00.0281	0002.064
+02.4995	+00.0275	0002.065
+02.4968	+00.0272	0002.066
+02.4946	+00.0278	0002.067
+02.4913	+00.0272	0002.068
+02.4885	+00.0281	0002.069
+02.4864	+00.0275	0002.070
+02.4833	+00.0275	0002.071
+02.4806	+00.0281	0002.072
+02.4781	+00.0278	0002.073
+02.4754	+00.0278	0002.074
+02.4726	+00.0281	0002.075
+02.4705	+00.0275	0002.076
+02.4672	+00.0275	0002.077
+02.4650	+00.0275	0002.078
+02.4620	+00.0272	0002.079
+02.4592	+00.0278	0002.080
+02.4565	+00.0275	0002.081
+02.4537	+00.0278	0002.082
+02.4516	+00.0275	0002.083
+02.4485	+00.0278	0002.084
+02.4458	+00.0275	0002.085
+02.4430	+00.0275	0002.086
+02.4403	+00.0272	0002.087
+02.4379	+00.0278	0002.088
+02.4354	+00.0275	0002.089
+02.4330	+00.0272	0002.090
+02.4296	+00.0278	0002.091
+02.4275	+00.0278	0002.092
+02.4244	+00.0272	0002.093
+02.4217	+00.0278	0002.094
+02.4192	+00.0278	0002.095
+02.4165	+00.0275	0002.096
+02.4144	+00.0272	0002.097
+02.4113	+00.0272	0002.098
+02.4083	+00.0275	0002.099
+02.4055	+00.0272	0002.100
+02.4043	+00.0272	0002.101
+02.4003	+00.0278	0002.102
+02.3976	+00.0275	0002.103
+02.3951	+00.0275	0002.104
+02.3924	+00.0275	0002.105
+02.3896	+00.0272	0002.106
+02.3869	+00.0278	0002.107
+02.3845	+00.0272	0002.108
+02.3817	+00.0275	0002.109
+02.3793	+00.0272	0002.110
+02.3765	+00.0272	0002.111
+02.3741	+00.0275	0002.112
+02.3710	+00.0272	0002.113
+02.3689	+00.0272	0002.114
+02.3655	+00.0269	0002.115
+02.3631	+00.0272	0002.116
+02.3600	+00.0272	0002.117
+02.3576	+00.0272	0002.118
+02.3549	+00.0275	0002.119
+02.3527	+00.0272	0002.120
+02.3497	+00.0275	0002.121
+02.3469	+00.0272	0002.122
+02.3445	+00.0275	0002.123
+02.3420	+00.0275	0002.124
+02.3390	+00.0272	0002.125
+02.3362	+00.0272	0002.126
+02.3338	+00.0275	0002.127
+02.3314	+00.0266	0002.128
+02.3280	+00.0272	0002.129
+02.3262	+00.0269	0002.130
+02.3234	+00.0275	0002.131
+02.3207	+00.0275	0002.132
+02.3179	+00.0269	0002.133
+02.3152	+00.0272	0002.134
+02.3124	+00.0272	0002.135
+02.3100	+00.0272	0002.136
+02.3069	+00.0272	0002.137
+02.3042	+00.0272	0002.138
+02.3021	+00.0272	0002.139
+02.2996	+00.0275	0002.140
+02.2963	+00.0275	0002.141
+02.2935	+00.0272	0002.142
+02.2917	+00.0272	0002.143
+02.2886	+00.0272	0002.144
+02.2862	+00.0272	0002.145
+02.2831	+00.0272	0002.146
+02.2807	+00.0269	0002.147
+02.2779	+00.0272	0002.148
+02.2755	+00.0269	0002.149
+02.2725	+00.0269	0002.150
+02.2697	+00.0266	0002.151
+02.2670	+00.0272	0002.152
+02.2639	+00.0272	0002.153
+02.2621	+00.0272	0002.154
+02.2593	+00.0272	0002.155
+02.2563	+00.0272	0002.156
+02.2541	+00.0272	0002.157
+02.2511	+00.0272	0002.158
+02.2483	+00.0269	0002.159
+02.2459	+00.0269	0002.160
+02.2432	+00.0272	0002.161
+02.2404	+00.0269	0002.162
+02.2380	+00.0269	0002.163
+02.2352	+00.0272	0002.164
+02.2325	+00.0272	0002.165
+02.2294	+00.0269	0002.166
+02.2270	+00.0269	0002.167
+02.2239	+00.0266	0002.168
+02.2218	+00.0272	0002.169
+02.2190	+00.0272	0002.170
+02.2163	+00.0272	0002.171
+02.2136	+00.0269	0002.172
+02.2108	+00.0272	0002.173
+02.2087	+00.0269	0002.174
+02.2056	+00.0269	0002.175
+02.2026	+00.0272	0002.176
+02.2004	+00.0272	0002.177
+02.1977	+00.0266	0002.178
+02.1946	+00.0269	0002.179
+02.1919	+00.0272	0002.180
+02.1894	+00.0266	0002.181
+02.1873	+00.0269	0002.182
+02.1846	+00.0272	0002.183
+02.1821	+00.0266	0002.184
+02.1788	+00.0269	0002.185
+02.1757	+00.0266	0002.186
+02.1733	+00.0269	0002.187
+02.1708	+00.0266	0002.188
+02.1681	+00.0266	0002.189
+02.1659	+00.0266	0002.190
+02.1629	+00.0266	0002.191
+02.1608	+00.0272	0002.192
+02.1574	+00.0266	0002.193
+02.1553	+00.0269	0002.194
+02.1522	+00.0269	0002.195
+02.1498	+00.0266	0002.196
+02.1464	+00.0266	0002.197
+02.1440	+00.0269	0002.198
+02.1412	+00.0269	0002.199
+02.1394	+00.0269	0002.200
+02.1360	+00.0272	0002.201
+02.1330	+00.0269	0002.202
+02.1309	+00.0266	0002.203
+02.1278	+00.0272	0002.204
+02.1254	+00.0269	0002.205
+02.1229	+00.0266	0002.206
+02.1199	+00.0266	0002.207
+02.1177	+00.0266	0002.208
+02.1150	+00.0269	0002.209
+02.1119	+00.0269	0002.210
+02.1098	+00.0263	0002.211
+02.1070	+00.0269	0002.212
+02.1040	+00.0266	0002.213
+02.1016	+00.0269	0002.214
+02.0985	+00.0266	0002.215
+02.0967	+00.0263	0002.216
+02.0933	+00.0266	0002.217
+02.0909	+00.0260	0002.218
+02.0884	+00.0266	0002.219
+02.0857	+00.0266	0002.220
+02.0826	+00.0269	0002.221
+02.0802	+00.0263	0002.222
+02.0774	+00.0266	0002.223
+02.0747	+00.0266	0002.224
+02.0726	+00.0266	0002.225
+02.0695	+00.0266	0002.226
+02.0671	+00.0263	0002.227
+02.0640	+00.0266	0002.228
+02.0613	+00.0266	0002.229
+02.0585	+00.0263	0002.230
+02.0564	+00.0266	0002.231
+02.0536	+00.0263	0002.232
+02.0506	+00.0263	0002.233
+02.0481	+00.0263	0002.234
+02.0454	+00.0263	0002.235
+02.0433	+00.0269	0002.236
+02.0396	+00.0263	0002.237
+02.0375	+00.0263	0002.238
+02.0350	+00.0266	0002.239
+02.0317	+00.0260	0002.240
+02.0292	+00.0263	0002.241
+02.0268	+00.0263	0002.242
+02.0237	+00.0260	0002.243
+02.0216	+00.0269	0002.244
+02.0192	+00.0266	0002.245
+02.0164	+00.0260	0002.246
+02.0134	+00.0263	0002.247
+02.0106	+00.0263	0002.248
+02.0079	+00.0260	0002.249
+02.0051	+00.0263	0002.250
+02.0027	+00.0263	0002.251
+01.9999	+00.0263	0002.252
+01.9975	+00.0260	0002.253
+01.9944	+00.0260	0002.254
+01.9920	+00.0263	0002.255
+01.9886	+00.0263	0002.256
+01.9874	+00.0266	0002.257
+01.9841	+00.0260	0002.258
+01.9807	+00.0263	0002.259
+01.9789	+00.0263	0002.260
+01.9758	+00.0263	0002.261
+01.9734	+00.0260	0002.262
+01.9712	+00.0260	0002.263
+01.9676	+00.0260	0002.264
+01.9658	+00.0257	0002.265
+01.9630	+00.0260	0002.266
+01.9603	+00.0263	0002.267
+01.9566	+00.0260	0002.268
+01.9548	+00.0257	0002.269
+01.9520	+00.0260	0002.270
+01.9493	+00.0263	0002.271
+01.9468	+00.0263	0002.272
+01.9441	+00.0263	0002.273
+01.9410	+00.0257	0002.274
+01.9386	+00.0266	0002.275
+01.9358	+00.0260	0002.276
+01.9334	+00.0260	0002.277
+01.9307	+00.0260	0002.278
+01.9279	+00.0263	0002.279
+01.9252	+00.0260	0002.280
+01.9224	+00.0257	0002.281
+01.9200	+00.0257	0002.282
+01.9166	+00.0260	0002.283
+01.9148	+00.0260	0002.284
+01.9120	+00.0263	0002.285
+01.9090	+00.0260	0002.286
+01.9065	+00.0260	0002.287
+01.9041	+00.0266	0002.288
+01.9020	+00.0263	0002.289
+01.8986	+00.0257	0002.290
+01.8959	+00.0266	0002.291
+01.8931	+00.0257	0002.292
+01.8907	+00.0260	0002.293
+01.8879	+00.0260	0002.294
+01.8855	+00.0260	0002.295
+01.8830	+00.0260	0002.296
+01.8797	+00.0260	0002.297
+01.8769	+00.0260	0002.298
+01.8748	+00.0260	0002.299
+01.8721	+00.0257	0002.300
+01.8696	+00.0254	0002.301
+01.8663	+00.0263	0002.302
+01.8644	+00.0260	0002.303
+01.8611	+00.0260	0002.304
+01.8583	+00.0257	0002.305
+01.8556	+00.0263	0002.306
+01.8531	+00.0254	0002.307
+01.8507	+00.0257	0002.308
+01.8483	+00.0257	0002.309
+01.8452	+00.0257	0002.310
+01.8428	+00.0257	0002.311
+01.8397	+00.0260	0002.312
+01.8373	+00.0257	0002.313
+01.8351	+00.0257	0002.314
+01.8321	+00.0257	0002.315
+01.8293	+00.0257	0002.316
+01.8266	+00.0257	0002.317
+01.8238	+00.0260	0002.318
+01.8211	+00.0257	0002.319
+01.8180	+00.0254	0002.320
+01.8156	+00.0260	0002.321
+01.8135	+00.0260	0002.322
+01.8107	+00.0254	0002.323
+01.8074	+00.0257	0002.324
+01.8055	+00.0254	0002.325
+01.8025	+00.0257	0002.326
+01.7994	+00.0257	0002.327
+01.7970	+00.0257	0002.328
+01.7939	+00.0257	0002.329
+01.7918	+00.0251	0002.330
+01.7894	+00.0257	0002.331
+01.7866	+00.0254	0002.332
+01.7839	+00.0254	0002.333
+01.7814	+00.0257	0002.334
+01.7784	+00.0251	0002.335
+01.7753	+00.0254	0002.336
+01.7732	+00.0254	0002.337
+01.7704	+00.0254	0002.338
+01.7674	+00.0257	0002.339
+01.7649	+00.0251	0002.340
+01.7625	+00.0251	0002.341
+01.7598	+00.0257	0002.342
+01.7570	+00.0257	0002.343
+01.7546	+00.0251	0002.344
+01.7521	+00.0254	0002.345
+01.7491	+00.0254	0002.346
+01.7460	+00.0254	0002.347
+01.7436	+00.0257	0002.348
+01.7414	+00.0257	0002.349
+01.7390	+00.0254	0002.350
+01.7353	+00.0254	0002.351
+01.7335	+00.0257	0002.352
+01.7308	+00.0254	0002.353
+01.7277	+00.0251	0002.354
+01.7253	+00.0251	0002.355
+01.7228	+00.0248	0002.356
+01.7198	+00.0257	0002.357
+01.7167	+00.0254	0002.358
+01.7143	+00.0254	0002.359
+01.7118	+00.0254	0002.360
+01.7091	+00.0254	0002.361
+01.7064	+00.0254	0002.362
+01.7036	+00.0251	0002.363
+01.7009	+00.0248	0002.364
+01.6984	+00.0257	0002.365
+01.6960	+00.0248	0002.366
+01.6932	+00.0254	0002.367
+01.6908	+00.0254	0002.368
+01.6880	+00.0251	0002.369
+01.6853	+00.0251	0002.370
+01.6822	+00.0251	0002.371
+01.6798	+00.0251	0002.372
+01.6771	+00.0248	0002.373
+01.6743	+00.0254	0002.374
+01.6716	+00.0254	0002.375
+01.6691	+00.0251	0002.376
+01.6664	+00.0254	0002.377
+01.6633	+00.0251	0002.378
+01.6612	+00.0248	0002.379
+01.6581	+00.0251	0002.380
+01.6557	+00.0251	0002.381
+01.6529	+00.0248	0002.382
+01.6502	+00.0254	0002.383
+01.6481	+00.0248	0002.384
+01.6453	+00.0251	0002.385
+01.6423	+00.0248	0002.386
+01.6398	+00.0248	0002.387
+01.6368	+00.0254	0002.388
+01.6343	+00.0248	0002.389
+01.6316	+00.0248	0002.390
+01.6288	+00.0248	0002.391
+01.6258	+00.0251	0002.392
+01.6236	+00.0248	0002.393
+01.6206	+00.0251	0002.394
+01.6182	+00.0251	0002.395
+01.6157	+00.0248	0002.396
+01.6124	+00.0254	0002.397
+01.6105	+00.0251	0002.398
+01.6084	+00.0251	0002.399
+01.6047	+00.0251	0002.400
+01.6026	+00.0251	0002.401
+01.5995	+00.0248	0002.402
+01.5974	+00.0248	0002.403
+01.5944	+00.0248	0002.404
+01.5913	+00.0248	0002.405
+01.5892	+00.0248	0002.406
+01.5864	+00.0248	0002.407
+01.5837	+00.0248	0002.408
+01.5806	+00.0248	0002.409
+01.5782	+00.0248	0002.410
+01.5754	+00.0251	0002.411
+01.5727	+00.0248	0002.412
+01.5699	+00.0251	0002.413
+01.5678	+00.0241	0002.414
+01.5651	+00.0245	0002.415
+01.5620	+00.0248	0002.416
+01.5593	+00.0248	0002.417
+01.5568	+00.0248	0002.418
+01.5541	+00.0248	0002.419
+01.5519	+00.0241	0002.420
+01.5492	+00.0245	0002.421
+01.5461	+00.0251	0002.422
+01.5431	+00.0245	0002.423
+01.5409	+00.0245	0002.424
+01.5379	+00.0241	0002.425
+01.5355	+00.0248	0002.426
+01.5327	+00.0245	0002.427
+01.5306	+00.0245	0002.428
+01.5278	+00.0245	0002.429
+01.5248	+00.0245	0002.430
+01.5223	+00.0248	0002.431
+01.5190	+00.0245	0002.432
+01.5171	+00.0241	0002.433
+01.5141	+00.0245	0002.434
+01.5113	+00.0245	0002.435
+01.5083	+00.0248	0002.436
+01.5065	+00.0245	0002.437
+01.5031	+00.0245	0002.438
+01.5007	+00.0241	0002.439
+01.4982	+00.0248	0002.440
+01.4955	+00.0241	0002.441
+01.4927	+00.0245	0002.442
+01.4897	+00.0238	0002.443
+01.4875	+00.0245	0002.444
+01.4851	+00.0248	0002.445
+01.4817	+00.0241	0002.446
+01.4793	+00.0245	0002.447
+01.4775	+00.0245	0002.448
+01.4735	+00.0245	0002.449
+01.4717	+00.0238	0002.450
+01.4689	+00.0245	0002.451
+01.4662	+00.0241	0002.452
+01.4631	+00.0241	0002.453
+01.4604	+00.0245	0002.454
+01.4579	+00.0245	0002.455
+01.4558	+00.0245	0002.456
+01.4524	+00.0241	0002.457
+01.4500	+00.0241	0002.458
+01.4470	+00.0238	0002.459
+01.4448	+00.0248	0002.460
+01.4421	+00.0241	0002.461
+01.4390	+00.0241	0002.462
+01.4369	+00.0245	0002.463
+01.4335	+00.0238	0002.464
+01.4314	+00.0241	0002.465
+01.4286	+00.0235	0002.466
+01.4259	+00.0241	0002.467
+01.4235	+00.0241	0002.468
+01.4210	+00.0235	0002.469
+01.4174	+00.0241	0002.470
+01.4149	+00.0241	0002.471
+01.4128	+00.0241	0002.472
+01.4097	+00.0235	0002.473
+01.4073	+00.0241	0002.474
+01.4051	+00.0238	0002.475
+01.4021	+00.0241	0002.476
+01.3990	+00.0238	0002.477
+01.3960	+00.0241	0002.478
+01.3945	+00.0241	0002.479
+01.3917	+00.0241	0002.480
+01.3887	+00.0238	0002.481
+01.3865	+00.0238	0002.482
+01.3832	+00.0235	0002.483
+01.3798	+00.0241	0002.484
+01.3777	+00.0245	0002.485
+01.3755	+00.0238	0002.486
+01.3728	+00.0241	0002.487
+01.3700	+00.0238	0002.488
+01.3670	+00.0238	0002.489
+01.3649	+00.0238	0002.490
+01.3621	+00.0238	0002.491
+01.3591	+00.0238	0002.492
+01.3563	+00.0238	0002.493
+01.3539	+00.0241	0002.494
+01.3508	+00.0238	0002.495
+01.3490	+00.0235	0002.496
+01.3459	+00.0238	0002.497
+01.3435	+00.0238	0002.498
+01.3404	+00.0241	0002.499
+01.3377	+00.0235	0002.500
+01.3353	+00.0241	0002.501
+01.3322	+00.0238	0002.502
+01.3298	+00.0235	0002.503
+01.3270	+00.0235	0002.504
+01.3243	+00.0235	0002.505
+01.3218	+00.0238	0002.506
+01.3191	+00.0238	0002.507
+01.3166	+00.0238	0002.508
+01.3136	+00.0235	0002.509
+01.3111	+00.0235	0002.510
+01.3081	+00.0235	0002.511
+01.3060	+00.0235	0002.512
+01.3035	+00.0235	0002.513
+01.3005	+00.0235	0002.514
+01.2977	+00.0235	0002.515
+01.2950	+00.0235	0002.516
+01.2925	+00.0229	0002.517
+01.2898	+00.0232	0002.518
+01.2870	+00.0235	0002.519
+01.2843	+00.0232	0002.520
+01.2819	+00.0235	0002.521
+01.2788	+00.0235	0002.522
+01.2764	+00.0232	0002.523
+01.2742	+00.0235	0002.524
+01.2715	+00.0238	0002.525
+01.2684	+00.0235	0002.526
+01.2657	+00.0235	0002.527
+01.2632	+00.0235	0002.528
+01.2608	+00.0232	0002.529
+01.2577	+00.0235	0002.530
+01.2547	+00.0232	0002.531
+01.2526	+00.0229	0002.532
+01.2498	+00.0232	0002.533
+01.2468	+00.0238	0002.534
+01.2437	+00.0229	0002.535
+01.2416	+00.0232	0002.536
+01.2397	+00.0232	0002.537
+01.2364	+00.0232	0002.538
+01.2336	+00.0235	0002.539
+01.2312	+00.0232	0002.540
+01.2284	+00.0232	0002.541
+01.2251	+00.0229	0002.542
+01.2230	+00.0229	0002.543
+01.2202	+00.0229	0002.544
+01.2178	+00.0235	0002.545
+01.2150	+00.0229	0002.546
+01.2126	+00.0232	0002.547
+01.2098	+00.0232	0002.548
+01.2071	+00.0226	0002.549
+01.2043	+00.0232	0002.550
+01.2016	+00.0229	0002.551
+01.1988	+00.0226	0002.552
+01.1964	+00.0229	0002.553
+01.1934	+00.0235	0002.554
+01.1909	+00.0232	0002.555
+01.1888	+00.0229	0002.556
+01.1854	+00.0232	0002.557
+01.1830	+00.0229	0002.558
+01.1805	+00.0229	0002.559
+01.1778	+00.0229	0002.560
+01.1747	+00.0232	0002.561
+01.1720	+00.0229	0002.562
+01.1699	+00.0226	0002.563
+01.1671	+00.0229	0002.564
+01.1641	+00.0229	0002.565
+01.1619	+00.0229	0002.566
+01.1589	+00.0235	0002.567
+01.1561	+00.0232	0002.568
+01.1537	+00.0229	0002.569
+01.1509	+00.0229	0002.570
+01.1482	+00.0229	0002.571
+01.1454	+00.0229	0002.572
+01.1430	+00.0229	0002.573
+01.1406	+00.0226	0002.574
+01.1375	+00.0226	0002.575
+01.1348	+00.0229	0002.576
+01.1320	+00.0226	0002.577
+01.1296	+00.0223	0002.578
+01.1271	+00.0223	0002.579
+01.1244	+00.0226	0002.580
+01.1210	+00.0226	0002.581
+01.1183	+00.0226	0002.582
+01.1164	+00.0223	0002.583
+01.1137	+00.0229	0002.584
+01.1113	+00.0229	0002.585
+01.1079	+00.0229	0002.586
+01.1055	+00.0220	0002.587
+01.1027	+00.0229	0002.588
+01.0997	+00.0226	0002.589
+01.0978	+00.0226	0002.590
+01.0945	+00.0226	0002.591
+01.0923	+00.0226	0002.592
+01.0899	+00.0229	0002.593
+01.0871	+00.0226	0002.594
+01.0841	+00.0229	0002.595
+01.0820	+00.0226	0002.596
+01.0792	+00.0226	0002.597
+01.0759	+00.0223	0002.598
+01.0734	+00.0223	0002.599
+01.0707	+00.0226	0002.600
+01.0682	+00.0226	0002.601
+01.0655	+00.0226	0002.602
+01.0627	+00.0226	0002.603
+01.0600	+00.0220	0002.604
+01.0575	+00.0226	0002.605
+01.0545	+00.0223	0002.606
+01.0517	+00.0226	0002.607
+01.0490	+00.0223	0002.608
+01.0466	+00.0223	0002.609
+01.0441	+00.0223	0002.610
+01.0414	+00.0223	0002.611
+01.0389	+00.0223	0002.612
+01.0359	+00.0223	0002.613
+01.0328	+00.0223	0002.614
+01.0307	+00.0223	0002.615
+01.0283	+00.0229	0002.616
+01.0255	+00.0223	0002.617
+01.0228	+00.0217	0002.618
+01.0197	+00.0226	0002.619
+01.0176	+00.0226	0002.620
+01.0148	+00.0220	0002.621
+01.0121	+00.0223	0002.622
+01.0087	+00.0223	0002.623
+01.0069	+00.0226	0002.624
+01.0041	+00.0220	0002.625
+01.0011	+00.0223	0002.626
+00.9990	+00.0223	0002.627
+00.9962	+00.0220	0002.628
+00.9932	+00.0226	0002.629
+00.9907	+00.0220	0002.630
+00.9880	+00.0220	0002.631
+00.9849	+00.0217	0002.632
+00.9822	+00.0220	0002.633
+00.9800	+00.0220	0002.634
+00.9779	+00.0217	0002.635
+00.9748	+00.0223	0002.636
+00.9718	+00.0223	0002.637
+00.9694	+00.0223	0002.638
+00.9669	+00.0217	0002.639
+00.9645	+00.0223	0002.640
+00.9608	+00.0220	0002.641
+00.9590	+00.0220	0002.642
+00.9556	+00.0217	0002.643
+00.9529	+00.0220	0002.644
+00.9501	+00.0217	0002.645
+00.9474	+00.0217	0002.646
+00.9452	+00.0217	0002.647
+00.9428	+00.0217	0002.648
+00.9397	+00.0220	0002.649
+00.9373	+00.0217	0002.650
+00.9346	+00.0217	0002.651
+00.9318	+00.0217	0002.652
+00.9288	+00.0217	0002.653
+00.9263	+00.0217	0002.654
+00.9242	+00.0220	0002.655
+00.9211	+00.0217	0002.656
+00.9178	+00.0217	0002.657
+00.9163	+00.0220	0002.658
+00.9132	+00.0220	0002.659
+00.9101	+00.0217	0002.660
+00.9077	+00.0217	0002.661
+00.9053	+00.0217	0002.662
+00.9025	+00.0217	0002.663
+00.9001	+00.0220	0002.664
+00.8967	+00.0220	0002.665
+00.8946	+00.0217	0002.666
+00.8915	+00.0220	0002.667
+00.8888	+00.0214	0002.668
+00.8870	+00.0214	0002.669
+00.8839	+00.0214	0002.670
+00.8809	+00.0214	0002.671
+00.8787	+00.0211	0002.672
+00.8760	+00.0217	0002.673
+00.8732	+00.0214	0002.674
+00.8705	+00.0214	0002.675
+00.8680	+00.0217	0002.676
+00.8653	+00.0214	0002.677
+00.8625	+00.0211	0002.678
+00.8595	+00.0214	0002.679
+00.8567	+00.0214	0002.680
+00.8546	+00.0211	0002.681
+00.8516	+00.0214	0002.682
+00.8494	+00.0211	0002.683
+00.8464	+00.0211	0002.684
+00.8436	+00.0208	0002.685
+00.8409	+00.0214	0002.686
+00.8384	+00.0214	0002.687
+00.8354	+00.0211	0002.688
+00.8332	+00.0214	0002.689
+00.8302	+00.0211	0002.690
+00.8271	+00.0208	0002.691
+00.8250	+00.0211	0002.692
+00.8226	+00.0211	0002.693
+00.8198	+00.0214	0002.694
+00.8165	+00.0208	0002.695
+00.8143	+00.0211	0002.696
+00.8122	+00.0211	0002.697
+00.8085	+00.0211	0002.698
+00.8061	+00.0208	0002.699
+00.8036	+00.0205	0002.700
+00.8006	+00.0211	0002.701
+00.7988	+00.0211	0002.702
+00.7951	+00.0214	0002.703
+00.7927	+00.0211	0002.704
+00.7902	+00.0214	0002.705
+00.7875	+00.0211	0002.706
+00.7844	+00.0211	0002.707
+00.7820	+00.0211	0002.708
+00.7804	+00.0211	0002.709
+00.7768	+00.0211	0002.710
+00.7746	+00.0205	0002.711
+00.7716	+00.0205	0002.712
+00.7689	+00.0208	0002.713
+00.7667	+00.0208	0002.714
+00.7640	+00.0208	0002.715
+00.7609	+00.0205	0002.716
+00.7582	+00.0208	0002.717
+00.7554	+00.0208	0002.718
+00.7533	+00.0211	0002.719
+00.7499	+00.0211	0002.720
+00.7472	+00.0205	0002.721
+00.7450	+00.0208	0002.722
+00.7423	+00.0205	0002.723
+00.7399	+00.0208	0002.724
+00.7368	+00.0208	0002.725
+00.7344	+00.0205	0002.726
+00.7319	+00.0205	0002.727
+00.7289	+00.0205	0002.728
+00.7264	+00.0211	0002.729
+00.7234	+00.0208	0002.730
+00.7212	+00.0205	0002.731
+00.7179	+00.0208	0002.732
+00.7158	+00.0202	0002.733
+00.7130	+00.0205	0002.734
+00.7106	+00.0208	0002.735
+00.7078	+00.0202	0002.736
+00.7045	+00.0205	0002.737
+00.7023	+00.0202	0002.738
+00.6999	+00.0205	0002.739
+00.6968	+00.0205	0002.740
+00.6938	+00.0202	0002.741
+00.6913	+00.0202	0002.742
+00.6889	+00.0202	0002.743
+00.6861	+00.0202	0002.744
+00.6837	+00.0205	0002.745
+00.6807	+00.0202	0002.746
+00.6785	+00.0202	0002.747
+00.6758	+00.0202	0002.748
+00.6727	+00.0202	0002.749
+00.6700	+00.0208	0002.750
+00.6672	+00.0205	0002.751
+00.6648	+00.0202	0002.752
+00.6623	+00.0202	0002.753
+00.6596	+00.0205	0002.754
+00.6569	+00.0205	0002.755
+00.6541	+00.0199	0002.756
+00.6514	+00.0202	0002.757
+00.6486	+00.0199	0002.758
+00.6465	+00.0199	0002.759
+00.6431	+00.0202	0002.760
+00.6407	+00.0193	0002.761
+00.6382	+00.0199	0002.762
+00.6352	+00.0199	0002.763
+00.6327	+00.0199	0002.764
+00.6300	+00.0205	0002.765
+00.6276	+00.0199	0002.766
+00.6254	+00.0199	0002.767
+00.6218	+00.0199	0002.768
+00.6193	+00.0202	0002.769
+00.6169	+00.0199	0002.770
+00.6141	+00.0199	0002.771
+00.6120	+00.0199	0002.772
+00.6089	+00.0199	0002.773
+00.6062	+00.0202	0002.774
+00.6034	+00.0199	0002.775
+00.6007	+00.0193	0002.776
+00.5980	+00.0196	0002.777
+00.5955	+00.0196	0002.778
+00.5928	+00.0205	0002.779
+00.5903	+00.0193	0002.780
+00.5873	+00.0199	0002.781
+00.5851	+00.0199	0002.782
+00.5818	+00.0199	0002.783
+00.5793	+00.0196	0002.784
+00.5766	+00.0196	0002.785
+00.5738	+00.0196	0002.786
+00.5711	+00.0199	0002.787
+00.5687	+00.0199	0002.788
+00.5659	+00.0193	0002.789
+00.5632	+00.0199	0002.790
+00.5607	+00.0199	0002.791
+00.5577	+00.0193	0002.792
+00.5552	+00.0193	0002.793
+00.5522	+00.0193	0002.794
+00.5500	+00.0193	0002.795
+00.5476	+00.0196	0002.796
+00.5452	+00.0193	0002.797
+00.5418	+00.0190	0002.798
+00.5391	+00.0196	0002.799
+00.5372	+00.0193	0002.800
+00.5342	+00.0196	0002.801
+00.5311	+00.0193	0002.802
+00.5290	+00.0199	0002.803
+00.5259	+00.0196	0002.804
+00.5232	+00.0193	0002.805
+00.5207	+00.0193	0002.806
+00.5183	+00.0193	0002.807
+00.5156	+00.0196	0002.808
+00.5125	+00.0193	0002.809
+00.5095	+00.0190	0002.810
+00.5079	+00.0193	0002.811
+00.5046	+00.0193	0002.812
+00.5018	+00.0193	0002.813
+00.4994	+00.0190	0002.814
+00.4966	+00.0190	0002.815
+00.4942	+00.0193	0002.816
+00.4911	+00.0193	0002.817
+00.4887	+00.0193	0002.818
+00.4860	+00.0193	0002.819
+00.4832	+00.0190	0002.820
+00.4802	+00.0190	0002.821
+00.4777	+00.0190	0002.822
+00.4753	+00.0193	0002.823
+00.4725	+00.0190	0002.824
+00.4698	+00.0187	0002.825
+00.4676	+00.0190	0002.826
+00.4649	+00.0190	0002.827
+00.4621	+00.0187	0002.828
+00.4594	+00.0187	0002.829
+00.4567	+00.0180	0002.830
+00.4539	+00.0183	0002.831
+00.4512	+00.0187	0002.832
+00.4484	+00.0187	0002.833
+00.4460	+00.0183	0002.834
+00.4435	+00.0190	0002.835
+00.4399	+00.0183	0002.836
+00.4383	+00.0187	0002.837
+00.4347	+00.0183	0002.838
+00.4329	+00.0190	0002.839
+00.4298	+00.0183	0002.840
+00.4274	+00.0190	0002.841
+00.4246	+00.0187	0002.842
+00.4219	+00.0187	0002.843
+00.4191	+00.0183	0002.844
+00.4167	+00.0183	0002.845
+00.4136	+00.0180	0002.846
+00.4109	+00.0183	0002.847
+00.4084	+00.0183	0002.848
+00.4057	+00.0183	0002.849
+00.4029	+00.0187	0002.850
+00.4008	+00.0183	0002.851
+00.3971	+00.0180	0002.852
+00.3953	+00.0180	0002.853
+00.3926	+00.0187	0002.854
+00.3898	+00.0183	0002.855
+00.3871	+00.0187	0002.856
+00.3843	+00.0183	0002.857
+00.3819	+00.0183	0002.858
+00.3788	+00.0183	0002.859
+00.3767	+00.0180	0002.860
+00.3740	+00.0180	0002.861
+00.3709	+00.0180	0002.862
+00.3685	+00.0183	0002.863
+00.3657	+00.0183	0002.864
+00.3633	+00.0180	0002.865
+00.3605	+00.0183	0002.866
+00.3575	+00.0180	0002.867
+00.3547	+00.0180	0002.868
+00.3520	+00.0180	0002.869
+00.3502	+00.0180	0002.870
+00.3471	+00.0180	0002.871
+00.3447	+00.0180	0002.872
+00.3416	+00.0183	0002.873
+00.3386	+00.0174	0002.874
+00.3367	+00.0177	0002.875
+00.3337	+00.0180	0002.876
+00.3309	+00.0190	0002.877
+00.3288	+00.0174	0002.878
+00.3254	+00.0177	0002.879
+00.3233	+00.0180	0002.880
+00.3205	+00.0174	0002.881
+00.3175	+00.0177	0002.882
+00.3151	+00.0187	0002.883
+00.3126	+00.0174	0002.884
+00.3096	+00.0180	0002.885
+00.3068	+00.0177	0002.886
+00.3041	+00.0174	0002.887
+00.3019	+00.0180	0002.888
+00.2989	+00.0180	0002.889
+00.2961	+00.0174	0002.890
+00.2937	+00.0180	0002.891
+00.2909	+00.0177	0002.892
+00.2879	+00.0174	0002.893
+00.2855	+00.0177	0002.894
+00.2830	+00.0177	0002.895
+00.2803	+00.0174	0002.896
+00.2775	+00.0174	0002.897
+00.2748	+00.0171	0002.898
+00.2723	+00.0168	0002.899
+00.2699	+00.0174	0002.900
+00.2665	+00.0174	0002.901
+00.2641	+00.0174	0002.902
+00.2616	+00.0174	0002.903
+00.2583	+00.0171	0002.904
+00.2562	+00.0168	0002.905
+00.2537	+00.0174	0002.906
+00.2504	+00.0171	0002.907
+00.2482	+00.0174	0002.908
+00.2452	+00.0171	0002.909
+00.2424	+00.0174	0002.910
+00.2403	+00.0171	0002.911
+00.2375	+00.0174	0002.912
+00.2348	+00.0171	0002.913
+00.2327	+00.0174	0002.914
+00.2293	+00.0168	0002.915
+00.2269	+00.0168	0002.916
+00.2238	+00.0171	0002.917
+00.2214	+00.0168	0002.918
+00.2189	+00.0168	0002.919
+00.2162	+00.0171	0002.920
+00.2134	+00.0165	0002.921
+00.2104	+00.0168	0002.922
+00.2082	+00.0168	0002.923
+00.2055	+00.0171	0002.924
+00.2034	+00.0171	0002.925
+00.2000	+00.0168	0002.926
+00.1970	+00.0168	0002.927
+00.1945	+00.0168	0002.928
+00.1918	+00.0165	0002.929
+00.1893	+00.0165	0002.930
+00.1866	+00.0165	0002.931
+00.1841	+00.0162	0002.932
+00.1811	+00.0168	0002.933
+00.1786	+00.0168	0002.934
+00.1762	+00.0162	0002.935
+00.1731	+00.0162	0002.936
+00.1707	+00.0168	0002.937
+00.1677	+00.0159	0002.938
+00.1652	+00.0159	0002.939
+00.1628	+00.0162	0002.940
+00.1603	+00.0165	0002.941
+00.1576	+00.0162	0002.942
+00.1545	+00.0162	0002.943
+00.1524	+00.0162	0002.944
+00.1496	+00.0162	0002.945
+00.1469	+00.0162	0002.946
+00.1439	+00.0162	0002.947
+00.1417	+00.0162	0002.948
+00.1390	+00.0162	0002.949
+00.1359	+00.0162	0002.950
+00.1332	+00.0165	0002.951
+00.1307	+00.0162	0002.952
+00.1280	+00.0159	0002.953
+00.1255	+00.0156	0002.954
+00.1222	+00.0162	0002.955
+00.1200	+00.0159	0002.956
+00.1170	+00.0156	0002.957
+00.1146	+00.0162	0002.958
+00.1121	+00.0156	0002.959
+00.1091	+00.0156	0002.960
+00.1069	+00.0156	0002.961
+00.1039	+00.0156	0002.962
+00.1011	+00.0159	0002.963
+00.0987	+00.0159	0002.964
+00.0959	+00.0159	0002.965
+00.0932	+00.0156	0002.966
+00.0908	+00.0156	0002.967
+00.0880	+00.0156	0002.968
+00.0853	+00.0156	0002.969
+00.0825	+00.0156	0002.970
+00.0801	+00.0156	0002.971
+00.0773	+00.0156	0002.972
+00.0746	+00.0153	0002.973
+00.0715	+00.0156	0002.974
+00.0697	+00.0153	0002.975
+00.0666	+00.0153	0002.976
+00.0636	+00.0156	0002.977
+00.0608	+00.0153	0002.978
+00.0590	+00.0150	0002.979
+00.0557	+00.0156	0002.980
+00.0532	+00.0150	0002.981
+00.0508	+00.0150	0002.982
+00.0480	+00.0150	0002.983
+00.0450	+00.0153	0002.984
+00.0425	+00.0144	0002.985
+00.0401	+00.0150	0002.986
+00.0370	+00.0150	0002.987
+00.0346	+00.0150	0002.988
+00.0319	+00.0150	0002.989
+00.0294	+00.0144	0002.990
+00.0267	+00.0150	0002.991
+00.0242	+00.0147	0002.992
+00.0209	+00.0147	0002.993
+00.0187	+00.0147	0002.994
+00.0157	+00.0144	0002.995
+00.0129	+00.0147	0002.996
+00.0105	+00.0150	0002.997
+00.0080	+00.0147	0002.998
+00.0053	+00.0144	0002.999
