R,Ohm	C,pF	Temp,C
0000000000	0000100000	+025.00
Ch1,V	Ch2,V	Time,s
-00.0002	-00.0003	0000.000
-00.0005	-00.0009	0000.001
-00.0029	-00.0012	0000.002
-00.0051	-00.0009	0000.003
-00.0087	-00.0003	0000.004
-00.0103	-00.0009	0000.005
-00.0130	-00.0009	0000.006
-00.0164	-00.0015	0000.007
-00.0185	-00.0009	0000.008
-00.0212	-00.0009	0000.009
-00.0240	-00.0009	0000.010
-00.0270	-00.0009	0000.011
-00.0298	-00.0006	0000.012
-00.0316	-00.0006	0000.013
-00.0350	-00.0009	0000.014
-00.0377	-00.0009	0000.015
-00.0402	-00.0009	0000.016
-00.0423	-00.0006	0000.017
-00.0457	-00.0012	0000.018
-00.0481	-00.0009	0000.019
-00.0512	-00.0009	0000.020
-00.0530	-00.0009	0000.021
-00.0560	-00.0009	0000.022
-00.0591	-00.0012	0000.023
-00.0615	-00.0009	0000.024
-00.0643	-00.0009	0000.025
-00.0667	-00.0009	0000.026
-00.0692	-00.0009	0000.027
-00.0719	-00.0006	0000.028
-00.0750	-00.0012	0000.029
-00.0771	-00.0012	0000.030
-00.0805	-00.0009	0000.031
-00.0826	-00.0009	0000.032
-00.0859	-00.0009	0000.033
-00.0881	-00.0009	0000.034
-00.0914	-00.0012	0000.035
-00.0930	-00.0012	0000.036
-00.0963	-00.0012	0000.037
-00.0991	-00.0015	0000.038
-00.1018	-00.0012	0000.039
-00.1040	-00.0018	0000.040
-00.1067	-00.0012	0000.041
-00.1101	-00.0015	0000.042
-00.1125	-00.0012	0000.043
-00.1149	-00.0015	0000.044
-00.1177	-00.0012	0000.045
-00.1201	-00.0012	0000.046
-00.1229	-00.0012	0000.047
-00.1256	-00.0009	0000.048
-00.1287	-00.0015	0000.049
-00.1308	-00.0015	0000.050
-00.1336	-00.0009	0000.051
-00.1360	-00.0006	0000.052
-00.1387	-00.0015	0000.053
-00.1421	-00.0012	0000.054
-00.1445	-00.0012	0000.055
-00.1470	-00.0015	0000.056
-00.1500	-00.0018	0000.057
-00.1525	-00.0009	0000.058
-00.1549	-00.0012	0000.059
-00.1574	-00.0012	0000.060
-00.1604	-00.0018	0000.061
-00.1629	-00.0012	0000.062
-00.1656	-00.0015	0000.063
-00.1680	-00.0015	0000.064
-00.1708	-00.0012	0000.065
-00.1738	-00.0015	0000.066
-00.1763	-00.0009	0000.067
-00.1787	-00.0018	0000.068
-00.1818	-00.0012	0000.069
-00.1839	-00.0015	0000.070
-00.1867	-00.0018	0000.071
-00.1894	-00.0018	0000.072
-00.1928	-00.0015	0000.073
-00.1946	-00.0018	0000.074
-00.1973	-00.0015	0000.075
-00.2004	-00.0015	0000.076
-00.2031	-00.0015	0000.077
-00.2056	-00.0015	0000.078
-00.2080	-00.0015	0000.079
-00.2111	-00.0015	0000.080
-00.2138	-00.0018	0000.081
-00.2160	-00.0021	0000.082
-00.2190	-00.0018	0000.083
-00.2214	-00.0018	0000.084
-00.2239	-00.0018	0000.085
-00.2269	-00.0015	0000.086
-00.2294	-00.0018	0000.087
-00.2330	-00.0018	0000.088
-00.2349	-00.0018	0000.089
-00.2379	-00.0015	0000.090
-00.2407	-00.0015	0000.091
-00.2431	-00.0021	0000.092
-00.2459	-00.0021	0000.093
-00.2489	-00.0018	0000.094
-00.2510	-00.0021	0000.095
-00.2541	-00.0021	0000.096
-00.2565	-00.0018	0000.097
-00.2593	-00.0024	0000.098
-00.2620	-00.0024	0000.099
-00.2648	-00.0018	0000.100
-00.2669	-00.0021	0000.101
-00.2700	-00.0021	0000.102
-00.2727	-00.0021	0000.103
-00.2755	-00.0024	0000.104
-00.2779	-00.0024	0000.105
-00.2803	-00.0021	0000.106
-00.2834	-00.0021	0000.107
-00.2858	-00.0024	0000.108
-00.2889	-00.0024	0000.109
-00.2910	-00.0024	0000.110
-00.2938	-00.0027	0000.111
-00.2965	-00.0024	0000.112
-00.2993	-00.0024	0000.113
-00.3017	-00.0024	0000.114
-00.3048	-00.0024	0000.115
-00.3069	-00.0027	0000.116
-00.3096	-00.0024	0000.117
-00.3124	-00.0027	0000.118
-00.3154	-00.0021	0000.119
-00.3176	-00.0024	0000.120
-00.3203	-00.0027	0000.121
-00.3231	-00.0024	0000.122
-00.3261	-00.0027	0000.123
-00.3283	-00.0024	0000.124
-00.3316	-00.0027	0000.125
-00.3341	-00.0024	0000.126
-00.3362	-00.0024	0000.127
-00.3392	-00.0027	0000.128
-00.3417	-00.0024	0000.129
-00.3444	-00.0024	0000.130
-00.3472	-00.0027	0000.131
-00.3496	-00.0024	0000.132
-00.3524	-00.0027	0000.133
-00.3557	-00.0024	0000.134
-00.3572	-00.0027	0000.135
-00.3609	-00.0024	0000.136
-00.3637	-00.0027	0000.137
-00.3658	-00.0027	0000.138
-00.3685	-00.0027	0000.139
-00.3713	-00.0030	0000.140
-00.3740	-00.0027	0000.141
-00.3768	-00.0024	0000.142
-00.3792	-00.0024	0000.143
-00.3823	-00.0030	0000.144
-00.3850	-00.0024	0000.145
-00.3875	-00.0030	0000.146
-00.3896	-00.0030	0000.147
-00.3926	-00.0033	0000.148
-00.3954	-00.0030	0000.149
-00.3975	-00.0027	0000.150
-00.4006	-00.0027	0000.151
-00.4036	-00.0033	0000.152
-00.4061	-00.0033	0000.153
-00.4085	-00.0030	0000.154
-00.4113	-00.0027	0000.155
-00.4143	-00.0030	0000.156
-00.4168	-00.0030	0000.157
-00.4192	-00.0030	0000.158
-00.4219	-00.0033	0000.159
-00.4244	-00.0030	0000.160
-00.4274	-00.0033	0000.161
-00.4302	-00.0030	0000.162
-00.4323	-00.0033	0000.163
-00.4351	-00.0033	0000.164
-00.4381	-00.0033	0000.165
-00.4406	-00.0030	0000.166
-00.4436	-00.0030	0000.167
-00.4457	-00.0030	0000.168
-00.4488	-00.0036	0000.169
-00.4509	-00.0030	0000.170
-00.4540	-00.0030	0000.171
-00.4567	-00.0039	0000.172
-00.4592	-00.0033	0000.173
-00.4622	-00.0036	0000.174
-00.4647	-00.0036	0000.175
-00.4680	-00.0030	0000.176
-00.4702	-00.0036	0000.177
-00.4726	-00.0039	0000.178
-00.4750	-00.0030	0000.179
-00.4778	-00.0033	0000.180
-00.4808	-00.0036	0000.181
-00.4833	-00.0033	0000.182
-00.4863	-00.0033	0000.183
-00.4888	-00.0030	0000.184
-00.4915	-00.0030	0000.185
-00.4940	-00.0033	0000.186
-00.4967	-00.0033	0000.187
-00.4998	-00.0033	0000.188
-00.5019	-00.0039	0000.189
-00.5046	-00.0036	0000.190
-00.5074	-00.0039	0000.191
-00.5098	-00.0036	0000.192
-00.5126	-00.0036	0000.193
-00.5153	-00.0033	0000.194
-00.5178	-00.0039	0000.195
-00.5208	-00.0036	0000.196
-00.5233	-00.0039	0000.197
-00.5260	-00.0036	0000.198
-00.5294	-00.0039	0000.199
-00.5312	-00.0042	0000.200
-00.5342	-00.0036	0000.201
-00.5367	-00.0036	0000.202
-00.5397	-00.0042	0000.203
-00.5425	-00.0039	0000.204
-00.5449	-00.0039	0000.205
-00.5477	-00.0039	0000.206
-00.5504	-00.0039	0000.207
-00.5526	-00.0039	0000.208
-00.5556	-00.0039	0000.209
-00.5587	-00.0039	0000.210
-00.5608	-00.0042	0000.211
-00.5632	-00.0039	0000.212
-00.5660	-00.0042	0000.213
-00.5693	-00.0039	0000.214
-00.5712	-00.0039	0000.215
-00.5745	-00.0039	0000.216
-00.5767	-00.0039	0000.217
-00.5797	-00.0042	0000.218
-00.5819	-00.0045	0000.219
-00.5846	-00.0039	0000.220
-00.5877	-00.0045	0000.221
-00.5901	-00.0039	0000.222
-00.5928	-00.0042	0000.223
-00.5956	-00.0042	0000.224
-00.5977	-00.0045	0000.225
-00.6014	-00.0042	0000.226
-00.6035	-00.0042	0000.227
-00.6060	-00.0039	0000.228
-00.6093	-00.0045	0000.229
-00.6115	-00.0045	0000.230
-00.6142	-00.0042	0000.231
-00.6170	-00.0042	0000.232
-00.6194	-00.0045	0000.233
-00.6221	-00.0045	0000.234
-00.6249	-00.0045	0000.235
-00.6276	-00.0045	0000.236
-00.6307	-00.0042	0000.237
-00.6328	-00.0048	0000.238
-00.6356	-00.0045	0000.239
-00.6383	-00.0045	0000.240
-00.6408	-00.0042	0000.241
-00.6438	-00.0045	0000.242
-00.6466	-00.0042	0000.243
-00.6493	-00.0042	0000.244
-00.6520	-00.0048	0000.245
-00.6545	-00.0045	0000.246
-00.6569	-00.0042	0000.247
-00.6597	-00.0045	0000.248
-00.6621	-00.0045	0000.249
-00.6649	-00.0048	0000.250
-00.6679	-00.0045	0000.251
-00.6704	-00.0052	0000.252
-00.6728	-00.0048	0000.253
-00.6759	-00.0048	0000.254
-00.6783	-00.0052	0000.255
-00.6816	-00.0052	0000.256
-00.6835	-00.0048	0000.257
-00.6862	-00.0052	0000.258
-00.6887	-00.0048	0000.259
-00.6920	-00.0052	0000.260
-00.6942	-00.0048	0000.261
-00.6969	-00.0045	0000.262
-00.6997	-00.0052	0000.263
-00.7024	-00.0048	0000.264
-00.7051	-00.0048	0000.265
-00.7076	-00.0048	0000.266
-00.7106	-00.0052	0000.267
-00.7137	-00.0048	0000.268
-00.7158	-00.0052	0000.269
-00.7186	-00.0052	0000.270
-00.7213	-00.0052	0000.271
-00.7238	-00.0048	0000.272
-00.7265	-00.0052	0000.273
-00.7290	-00.0052	0000.274
-00.7317	-00.0048	0000.275
-00.7341	-00.0055	0000.276
-00.7372	-00.0055	0000.277
-00.7399	-00.0055	0000.278
-00.7424	-00.0055	0000.279
-00.7448	-00.0058	0000.280
-00.7482	-00.0055	0000.281
-00.7506	-00.0058	0000.282
-00.7534	-00.0048	0000.283
-00.7558	-00.0058	0000.284
-00.7586	-00.0052	0000.285
-00.7613	-00.0052	0000.286
-00.7644	-00.0048	0000.287
-00.7665	-00.0052	0000.288
-00.7692	-00.0055	0000.289
-00.7720	-00.0055	0000.290
-00.7747	-00.0055	0000.291
-00.7772	-00.0052	0000.292
-00.7799	-00.0055	0000.293
-00.7827	-00.0061	0000.294
-00.7851	-00.0058	0000.295
-00.7872	-00.0055	0000.296
-00.7903	-00.0058	0000.297
-00.7930	-00.0055	0000.298
-00.7958	-00.0055	0000.299
-00.7982	-00.0055	0000.300
-00.8010	-00.0061	0000.301
-00.8037	-00.0058	0000.302
-00.8059	-00.0058	0000.303
-00.8092	-00.0061	0000.304
-00.8120	-00.0058	0000.305
-00.8147	-00.0058	0000.306
-00.8171	-00.0061	0000.307
-00.8199	-00.0058	0000.308
-00.8233	-00.0055	0000.309
-00.8254	-00.0058	0000.310
-00.8278	-00.0058	0000.311
-00.8309	-00.0061	0000.312
-00.8333	-00.0061	0000.313
-00.8352	-00.0058	0000.314
-00.8385	-00.0061	0000.315
-00.8413	-00.0061	0000.316
-00.8443	-00.0061	0000.317
-00.8464	-00.0064	0000.318
-00.8492	-00.0058	0000.319
-00.8516	-00.0061	0000.320
-00.8547	-00.0061	0000.321
-00.8568	-00.0061	0000.322
-00.8602	-00.0061	0000.323
-00.8629	-00.0058	0000.324
-00.8654	-00.0058	0000.325
-00.8678	-00.0061	0000.326
-00.8706	-00.0064	0000.327
-00.8730	-00.0064	0000.328
-00.8757	-00.0064	0000.329
-00.8782	-00.0064	0000.330
-00.8812	-00.0061	0000.331
-00.8840	-00.0064	0000.332
-00.8867	-00.0064	0000.333
-00.8895	-00.0067	0000.334
-00.8916	-00.0064	0000.335
-00.8944	-00.0064	0000.336
-00.8971	-00.0064	0000.337
-00.8998	-00.0064	0000.338
-00.9023	-00.0061	0000.339
-00.9053	-00.0067	0000.340
-00.9078	-00.0064	0000.341
-00.9108	-00.0067	0000.342
-00.9133	-00.0064	0000.343
-00.9163	-00.0064	0000.344
-00.9185	-00.0064	0000.345
-00.9212	-00.0067	0000.346
-00.9246	-00.0067	0000.347
-00.9270	-00.0064	0000.348
-00.9288	-00.0064	0000.349
-00.9316	-00.0070	0000.350
-00.9349	-00.0067	0000.351
-00.9380	-00.0067	0000.352
-00.9395	-00.0064	0000.353
-00.9423	-00.0067	0000.354
-00.9453	-00.0064	0000.355
-00.9481	-00.0067	0000.356
-00.9508	-00.0067	0000.357
-00.9530	-00.0067	0000.358
-00.9563	-00.0067	0000.359
-00.9587	-00.0067	0000.360
-00.9612	-00.0067	0000.361
-00.9639	-00.0067	0000.362
-00.9667	-00.0067	0000.363
-00.9691	-00.0067	0000.364
-00.9719	-00.0064	0000.365
-00.9749	-00.0067	0000.366
-00.9777	-00.0067	0000.367
-00.9798	-00.0070	0000.368
-00.9829	-00.0070	0000.369
-00.9859	-00.0070	0000.370
-00.9884	-00.0073	0000.371
-00.9908	-00.0070	0000.372
-00.9935	-00.0070	0000.373
-00.9963	-00.0073	0000.374
-00.9987	-00.0073	0000.375
-01.0012	-00.0070	0000.376
-01.0042	-00.0073	0000.377
-01.0070	-00.0070	0000.378
-01.0094	-00.0070	0000.379
-01.0118	-00.0070	0000.380
-01.0149	-00.0070	0000.381
-01.0173	-00.0070	0000.382
-01.0201	-00.0070	0000.383
-01.0231	-00.0070	0000.384
-01.0256	-00.0073	0000.385
-01.0280	-00.0073	0000.386
-01.0308	-00.0070	0000.387
-01.0332	-00.0070	0000.388
-01.0363	-00.0076	0000.389
-01.0390	-00.0067	0000.390
-01.0411	-00.0073	0000.391
-01.0439	-00.0073	0000.392
-01.0476	-00.0076	0000.393
-01.0500	-00.0073	0000.394
-01.0524	-00.0076	0000.395
-01.0552	-00.0073	0000.396
-01.0576	-00.0073	0000.397
-01.0598	-00.0076	0000.398
-01.0628	-00.0076	0000.399
-01.0659	-00.0073	0000.400
-01.0677	-00.0076	0000.401
-01.0707	-00.0076	0000.402
-01.0735	-00.0073	0000.403
-01.0762	-00.0076	0000.404
-01.0787	-00.0076	0000.405
-01.0814	-00.0079	0000.406
-01.0845	-00.0079	0000.407
-01.0869	-00.0076	0000.408
-01.0903	-00.0076	0000.409
-01.0921	-00.0076	0000.410
-01.0952	-00.0076	0000.411
-01.0976	-00.0076	0000.412
-01.1000	-00.0079	0000.413
-01.1031	-00.0082	0000.414
-01.1055	-00.0076	0000.415
-01.1086	-00.0076	0000.416
-01.1110	-00.0076	0000.417
-01.1135	-00.0076	0000.418
-01.1162	-00.0079	0000.419
-01.1190	-00.0079	0000.420
-01.1214	-00.0076	0000.421
-01.1242	-00.0079	0000.422
-01.1272	-00.0076	0000.423
-01.1300	-00.0076	0000.424
-01.1321	-00.0079	0000.425
-01.1348	-00.0082	0000.426
-01.1379	-00.0082	0000.427
-01.1409	-00.0079	0000.428
-01.1425	-00.0082	0000.429
-01.1458	-00.0079	0000.430
-01.1483	-00.0079	0000.431
-01.1513	-00.0082	0000.432
-01.1538	-00.0082	0000.433
-01.1562	-00.0079	0000.434
-01.1586	-00.0082	0000.435
-01.1620	-00.0079	0000.436
-01.1644	-00.0079	0000.437
-01.1672	-00.0085	0000.438
-01.1696	-00.0085	0000.439
-01.1724	-00.0082	0000.440
-01.1748	-00.0082	0000.441
-01.1773	-00.0082	0000.442
-01.1806	-00.0085	0000.443
-01.1834	-00.0082	0000.444
-01.1852	-00.0082	0000.445
-01.1882	-00.0082	0000.446
-01.1910	-00.0085	0000.447
-01.1934	-00.0085	0000.448
-01.1962	-00.0088	0000.449
-01.1989	-00.0082	0000.450
-01.2020	-00.0085	0000.451
-01.2044	-00.0082	0000.452
-01.2072	-00.0085	0000.453
-01.2096	-00.0082	0000.454
-01.2120	-00.0085	0000.455
-01.2151	-00.0085	0000.456
-01.2175	-00.0088	0000.457
-01.2203	-00.0085	0000.458
-01.2236	-00.0088	0000.459
-01.2255	-00.0082	0000.460
-01.2282	-00.0082	0000.461
-01.2313	-00.0085	0000.462
-01.2334	-00.0088	0000.463
-01.2365	-00.0088	0000.464
-01.2395	-00.0085	0000.465
-01.2416	-00.0088	0000.466
-01.2441	-00.0088	0000.467
-01.2471	-00.0091	0000.468
-01.2499	-00.0088	0000.469
-01.2526	-00.0088	0000.470
-01.2554	-00.0085	0000.471
-01.2575	-00.0088	0000.472
-01.2609	-00.0088	0000.473
-01.2630	-00.0088	0000.474
-01.2655	-00.0085	0000.475
-01.2685	-00.0088	0000.476
-01.2716	-00.0088	0000.477
-01.2737	-00.0088	0000.478
-01.2764	-00.0091	0000.479
-01.2792	-00.0088	0000.480
-01.2819	-00.0091	0000.481
-01.2850	-00.0094	0000.482
-01.2874	-00.0091	0000.483
-01.2902	-00.0094	0000.484
-01.2926	-00.0091	0000.485
-01.2951	-00.0091	0000.486
-01.2978	-00.0091	0000.487
-01.3009	-00.0094	0000.488
-01.3036	-00.0088	0000.489
-01.3057	-00.0088	0000.490
-01.3088	-00.0088	0000.491
-01.3115	-00.0094	0000.492
-01.3140	-00.0088	0000.493
-01.3164	-00.0091	0000.494
-01.3195	-00.0094	0000.495
-01.3222	-00.0094	0000.496
-01.3250	-00.0097	0000.497
-01.3271	-00.0094	0000.498
-01.3298	-00.0088	0000.499
-01.3329	-00.0094	0000.500
-01.3353	-00.0091	0000.501
-01.3381	-00.0094	0000.502
-01.3408	-00.0094	0000.503
-01.3436	-00.0094	0000.504
-01.3460	-00.0091	0000.505
-01.3494	-00.0097	0000.506
-01.3512	-00.0094	0000.507
-01.3546	-00.0091	0000.508
-01.3564	-00.0097	0000.509
-01.3585	-00.0091	0000.510
-01.3619	-00.0097	0000.511
-01.3649	-00.0097	0000.512
-01.3680	-00.0097	0000.513
-01.3695	-00.0094	0000.514
-01.3729	-00.0094	0000.515
-01.3753	-00.0094	0000.516
-01.3778	-00.0097	0000.517
-01.3811	-00.0094	0000.518
-01.3836	-00.0100	0000.519
-01.3863	-00.0097	0000.520
-01.3887	-00.0100	0000.521
-01.3915	-00.0094	0000.522
-01.3942	-00.0100	0000.523
-01.3970	-00.0094	0000.524
-01.3991	-00.0097	0000.525
-01.4022	-00.0094	0000.526
-01.4049	-00.0097	0000.527
-01.4074	-00.0097	0000.528
-01.4098	-00.0097	0000.529
-01.4129	-00.0094	0000.530
-01.4153	-00.0100	0000.531
-01.4180	-00.0097	0000.532
-01.4208	-00.0100	0000.533
-01.4232	-00.0100	0000.534
-01.4266	-00.0097	0000.535
-01.4284	-00.0103	0000.536
-01.4315	-00.0100	0000.537
-01.4342	-00.0100	0000.538
-01.4370	-00.0103	0000.539
-01.4397	-00.0097	0000.540
-01.4418	-00.0103	0000.541
-01.4446	-00.0100	0000.542
-01.4470	-00.0100	0000.543
-01.4504	-00.0100	0000.544
-01.4528	-00.0103	0000.545
-01.4556	-00.0100	0000.546
-01.4580	-00.0106	0000.547
-01.4605	-00.0106	0000.548
-01.4635	-00.0100	0000.549
-01.4669	-00.0100	0000.550
-01.4687	-00.0106	0000.551
-01.4711	-00.0100	0000.552
-01.4742	-00.0097	0000.553
-01.4769	-00.0100	0000.554
-01.4794	-00.0103	0000.555
-01.4818	-00.0103	0000.556
-01.4849	-00.0103	0000.557
-01.4876	-00.0103	0000.558
-01.4901	-00.0106	0000.559
-01.4931	-00.0109	0000.560
-01.4956	-00.0106	0000.561
-01.4980	-00.0103	0000.562
-01.5014	-00.0103	0000.563
-01.5029	-00.0109	0000.564
-01.5062	-00.0103	0000.565
-01.5090	-00.0109	0000.566
-01.5111	-00.0100	0000.567
-01.5145	-00.0103	0000.568
-01.5172	-00.0103	0000.569
-01.5194	-00.0106	0000.570
-01.5224	-00.0106	0000.571
-01.5248	-00.0113	0000.572
-01.5276	-00.0106	0000.573
-01.5300	-00.0106	0000.574
-01.5328	-00.0103	0000.575
-01.5358	-00.0109	0000.576
-01.5383	-00.0113	0000.577
-01.5407	-00.0109	0000.578
-01.5435	-00.0109	0000.579
-01.5465	-00.0109	0000.580
-01.5493	-00.0106	0000.581
-01.5517	-00.0106	0000.582
-01.5541	-00.0109	0000.583
-01.5566	-00.0113	0000.584
-01.5602	-00.0109	0000.585
-01.5621	-00.0109	0000.586
-01.5651	-00.0109	0000.587
-01.5679	-00.0106	0000.588
-01.5700	-00.0106	0000.589
-01.5734	-00.0106	0000.590
-01.5755	-00.0113	0000.591
-01.5786	-00.0109	0000.592
-01.5813	-00.0109	0000.593
-01.5834	-00.0113	0000.594
-01.5868	-00.0113	0000.595
-01.5886	-00.0106	0000.596
-01.5914	-00.0113	0000.597
-01.5944	-00.0109	0000.598
-01.5969	-00.0116	0000.599
-01.5999	-00.0113	0000.600
-01.6024	-00.0116	0000.601
-01.6054	-00.0113	0000.602
-01.6079	-00.0116	0000.603
-01.6109	-00.0113	0000.604
-01.6130	-00.0109	0000.605
-01.6161	-00.0109	0000.606
-01.6182	-00.0113	0000.607
-01.6207	-00.0119	0000.608
-01.6237	-00.0116	0000.609
-01.6268	-00.0113	0000.610
-01.6292	-00.0116	0000.611
-01.6317	-00.0116	0000.612
-01.6344	-00.0116	0000.613
-01.6372	-00.0116	0000.614
-01.6399	-00.0113	0000.615
-01.6426	-00.0119	0000.616
-01.6451	-00.0116	0000.617
-01.6475	-00.0119	0000.618
-01.6506	-00.0113	0000.619
-01.6527	-00.0113	0000.620
-01.6561	-00.0113	0000.621
-01.6582	-00.0119	0000.622
-01.6616	-00.0122	0000.623
-01.6634	-00.0119	0000.624
-01.6665	-00.0116	0000.625
-01.6692	-00.0119	0000.626
-01.6716	-00.0113	0000.627
-01.6747	-00.0116	0000.628
-01.6771	-00.0116	0000.629
-01.6805	-00.0119	0000.630
-01.6823	-00.0116	0000.631
-01.6854	-00.0116	0000.632
-01.6881	-00.0119	0000.633
-01.6903	-00.0116	0000.634
-01.6933	-00.0116	0000.635
-01.6957	-00.0119	0000.636
-01.6985	-00.0119	0000.637
-01.7015	-00.0122	0000.638
-01.7037	-00.0122	0000.639
-01.7067	-00.0122	0000.640
-01.7095	-00.0116	0000.641
-01.7119	-00.0122	0000.642
-01.7144	-00.0119	0000.643
-01.7174	-00.0116	0000.644
-01.7196	-00.0122	0000.645
-01.7232	-00.0122	0000.646
-01.7250	-00.0119	0000.647
-01.7281	-00.0122	0000.648
-01.7302	-00.0116	0000.649
-01.7333	-00.0122	0000.650
-01.7360	-00.0122	0000.651
-01.7388	-00.0122	0000.652
-01.7409	-00.0125	0000.653
-01.7440	-00.0122	0000.654
-01.7464	-00.0122	0000.655
-01.7495	-00.0122	0000.656
-01.7522	-00.0125	0000.657
-01.7540	-00.0131	0000.658
-01.7568	-00.0119	0000.659
-01.7598	-00.0122	0000.660
-01.7629	-00.0125	0000.661
-01.7650	-00.0122	0000.662
-01.7675	-00.0125	0000.663
-01.7705	-00.0122	0000.664
-01.7736	-00.0122	0000.665
-01.7760	-00.0122	0000.666
-01.7791	-00.0119	0000.667
-01.7815	-00.0125	0000.668
-01.7836	-00.0125	0000.669
-01.7864	-00.0125	0000.670
-01.7897	-00.0131	0000.671
-01.7922	-00.0122	0000.672
-01.7946	-00.0125	0000.673
-01.7977	-00.0122	0000.674
-01.8001	-00.0122	0000.675
-01.8032	-00.0128	0000.676
-01.8053	-00.0125	0000.677
-01.8084	-00.0128	0000.678
-01.8108	-00.0125	0000.679
-01.8139	-00.0128	0000.680
-01.8160	-00.0128	0000.681
-01.8187	-00.0125	0000.682
-01.8218	-00.0125	0000.683
-01.8242	-00.0128	0000.684
-01.8267	-00.0131	0000.685
-01.8291	-00.0128	0000.686
-01.8319	-00.0131	0000.687
-01.8352	-00.0128	0000.688
-01.8373	-00.0131	0000.689
-01.8404	-00.0128	0000.690
-01.8422	-00.0128	0000.691
-01.8453	-00.0131	0000.692
-01.8483	-00.0128	0000.693
-01.8511	-00.0131	0000.694
-01.8532	-00.0125	0000.695
-01.8557	-00.0131	0000.696
-01.8590	-00.0128	0000.697
-01.8618	-00.0131	0000.698
-01.8645	-00.0131	0000.699
-01.8673	-00.0131	0000.700
-01.8697	-00.0131	0000.701
-01.8724	-00.0134	0000.702
-01.8752	-00.0131	0000.703
-01.8773	-00.0134	0000.704
-01.8801	-00.0131	0000.705
-01.8831	-00.0128	0000.706
-01.8853	-00.0131	0000.707
-01.8883	-00.0128	0000.708
-01.8911	-00.0131	0000.709
-01.8938	-00.0131	0000.710
-01.8962	-00.0134	0000.711
-01.8990	-00.0134	0000.712
-01.9014	-00.0134	0000.713
-01.9048	-00.0137	0000.714
-01.9069	-00.0134	0000.715
-01.9100	-00.0137	0000.716
-01.9124	-00.0131	0000.717
-01.9155	-00.0137	0000.718
-01.9173	-00.0131	0000.719
-01.9204	-00.0134	0000.720
-01.9228	-00.0134	0000.721
-01.9259	-00.0134	0000.722
-01.9283	-00.0137	0000.723
-01.9310	-00.0134	0000.724
-01.9338	-00.0137	0000.725
-01.9365	-00.0137	0000.726
-01.9387	-00.0134	0000.727
-01.9417	-00.0137	0000.728
-01.9448	-00.0134	0000.729
-01.9469	-00.0137	0000.730
-01.9493	-00.0140	0000.731
-01.9521	-00.0143	0000.732
-01.9551	-00.0134	0000.733
-01.9579	-00.0137	0000.734
-01.9600	-00.0140	0000.735
-01.9631	-00.0143	0000.736
-01.9658	-00.0137	0000.737
-01.9683	-00.0137	0000.738
-01.9707	-00.0137	0000.739
-01.9735	-00.0137	0000.740
-01.9771	-00.0140	0000.741
-01.9790	-00.0137	0000.742
-01.9820	-00.0140	0000.743
-01.9847	-00.0143	0000.744
-01.9875	-00.0137	0000.745
-01.9896	-00.0137	0000.746
-01.9930	-00.0143	0000.747
-01.9951	-00.0137	0000.748
-01.9979	-00.0137	0000.749
-02.0003	-00.0140	0000.750
-02.0031	-00.0140	0000.751
-02.0061	-00.0137	0000.752
-02.0082	-00.0140	0000.753
-02.0110	-00.0140	0000.754
-02.0137	-00.0143	0000.755
-02.0165	-00.0140	0000.756
-02.0189	-00.0140	0000.757
-02.0217	-00.0146	0000.758
-02.0241	-00.0143	0000.759
-02.0269	-00.0137	0000.760
-02.0293	-00.0143	0000.761
-02.0327	-00.0143	0000.762
-02.0354	-00.0143	0000.763
-02.0379	-00.0143	0000.764
-02.0400	-00.0143	0000.765
-02.0430	-00.0143	0000.766
-02.0458	-00.0146	0000.767
-02.0485	-00.0143	0000.768
-02.0510	-00.0143	0000.769
-02.0537	-00.0143	0000.770
-02.0565	-00.0146	0000.771
-02.0589	-00.0143	0000.772
-02.0617	-00.0146	0000.773
-02.0638	-00.0140	0000.774
-02.0671	-00.0146	0000.775
-02.0699	-00.0149	0000.776
-02.0723	-00.0149	0000.777
-02.0751	-00.0143	0000.778
-02.0778	-00.0146	0000.779
-02.0806	-00.0149	0000.780
-02.0830	-00.0146	0000.781
-02.0858	-00.0146	0000.782
-02.0888	-00.0146	0000.783
-02.0913	-00.0149	0000.784
-02.0937	-00.0146	0000.785
-02.0964	-00.0149	0000.786
-02.0995	-00.0146	0000.787
-02.1016	-00.0146	0000.788
-02.1041	-00.0146	0000.789
-02.1080	-00.0146	0000.790
-02.1099	-00.0146	0000.791
-02.1126	-00.0149	0000.792
-02.1154	-00.0149	0000.793
-02.1178	-00.0149	0000.794
-02.1209	-00.0149	0000.795
-02.1236	-00.0149	0000.796
-02.1257	-00.0149	0000.797
-02.1288	-00.0149	0000.798
-02.1309	-00.0149	0000.799
-02.1340	-00.0149	0000.800
-02.1370	-00.0146	0000.801
-02.1389	-00.0149	0000.802
-02.1425	-00.0155	0000.803
-02.1444	-00.0152	0000.804
-02.1471	-00.0149	0000.805
-02.1498	-00.0149	0000.806
-02.1523	-00.0152	0000.807
-02.1553	-00.0155	0000.808
-02.1581	-00.0149	0000.809
-02.1608	-00.0149	0000.810
-02.1630	-00.0155	0000.811
-02.1657	-00.0149	0000.812
-02.1688	-00.0155	0000.813
-02.1709	-00.0146	0000.814
-02.1737	-00.0155	0000.815
-02.1767	-00.0155	0000.816
-02.1795	-00.0149	0000.817
-02.1819	-00.0155	0000.818
-02.1840	-00.0155	0000.819
-02.1874	-00.0155	0000.820
-02.1904	-00.0152	0000.821
-02.1923	-00.0152	0000.822
-02.1956	-00.0152	0000.823
-02.1984	-00.0155	0000.824
-02.2008	-00.0149	0000.825
-02.2030	-00.0152	0000.826
-02.2060	-00.0158	0000.827
-02.2087	-00.0155	0000.828
-02.2115	-00.0155	0000.829
-02.2139	-00.0152	0000.830
-02.2161	-00.0158	0000.831
-02.2194	-00.0161	0000.832
-02.2219	-00.0155	0000.833
-02.2246	-00.0152	0000.834
-02.2274	-00.0158	0000.835
-02.2298	-00.0155	0000.836
-02.2326	-00.0161	0000.837
-02.2353	-00.0152	0000.838
-02.2380	-00.0158	0000.839
-02.2408	-00.0161	0000.840
-02.2429	-00.0158	0000.841
-02.2463	-00.0155	0000.842
-02.2487	-00.0158	0000.843
-02.2518	-00.0158	0000.844
-02.2542	-00.0164	0000.845
-02.2564	-00.0155	0000.846
-02.2597	-00.0161	0000.847
-02.2622	-00.0155	0000.848
-02.2652	-00.0158	0000.849
-02.2673	-00.0158	0000.850
-02.2701	-00.0158	0000.851
-02.2731	-00.0158	0000.852
-02.2753	-00.0161	0000.853
-02.2777	-00.0161	0000.854
-02.2811	-00.0155	0000.855
-02.2832	-00.0161	0000.856
-02.2863	-00.0158	0000.857
-02.2887	-00.0161	0000.858
-02.2918	-00.0161	0000.859
-02.2942	-00.0161	0000.860
-02.2969	-00.0161	0000.861
-02.2994	-00.0161	0000.862
-02.3021	-00.0161	0000.863
-02.3046	-00.0158	0000.864
-02.3073	-00.0164	0000.865
-02.3101	-00.0161	0000.866
-02.3131	-00.0164	0000.867
-02.3159	-00.0164	0000.868
-02.3183	-00.0161	0000.869
-02.3207	-00.0161	0000.870
-02.3235	-00.0164	0000.871
-02.3262	-00.0158	0000.872
-02.3290	-00.0167	0000.873
-02.3314	-00.0161	0000.874
-02.3348	-00.0161	0000.875
-02.3369	-00.0164	0000.876
-02.3400	-00.0164	0000.877
-02.3424	-00.0161	0000.878
-02.3442	-00.0164	0000.879
-02.3479	-00.0161	0000.880
-02.3500	-00.0161	0000.881
-02.3531	-00.0161	0000.882
-02.3552	-00.0167	0000.883
-02.3583	-00.0164	0000.884
-02.3607	-00.0167	0000.885
-02.3632	-00.0164	0000.886
-02.3662	-00.0167	0000.887
-02.3690	-00.0167	0000.888
-02.3714	-00.0167	0000.889
-02.3745	-00.0164	0000.890
-02.3769	-00.0167	0000.891
-02.3796	-00.0167	0000.892
-02.3821	-00.0167	0000.893
-02.3851	-00.0167	0000.894
-02.3870	-00.0167	0000.895
-02.3903	-00.0174	0000.896
-02.3934	-00.0167	0000.897
-02.3952	-00.0171	0000.898
-02.3980	-00.0167	0000.899
-02.4007	-00.0164	0000.900
-02.4038	-00.0167	0000.901
-02.4062	-00.0167	0000.902
-02.4089	-00.0167	0000.903
-02.4120	-00.0167	0000.904
-02.4141	-00.0171	0000.905
-02.4169	-00.0171	0000.906
-02.4199	-00.0167	0000.907
-02.4224	-00.0167	0000.908
-02.4251	-00.0167	0000.909
-02.4276	-00.0171	0000.910
-02.4303	-00.0174	0000.911
-02.4334	-00.0171	0000.912
-02.4355	-00.0174	0000.913
-02.4385	-00.0174	0000.914
-02.4410	-00.0171	0000.915
-02.4440	-00.0177	0000.916
-02.4465	-00.0174	0000.917
-02.4489	-00.0171	0000.918
-02.4514	-00.0174	0000.919
-02.4544	-00.0171	0000.920
-02.4569	-00.0177	0000.921
-02.4599	-00.0180	0000.922
-02.4627	-00.0171	0000.923
-02.4654	-00.0174	0000.924
-02.4675	-00.0171	0000.925
-02.4700	-00.0177	0000.926
-02.4730	-00.0177	0000.927
-02.4764	-00.0177	0000.928
-02.4782	-00.0177	0000.929
-02.4819	-00.0177	0000.930
-02.4840	-00.0174	0000.931
-02.4868	-00.0174	0000.932
-02.4889	-00.0174	0000.933
-02.4913	-00.0174	0000.934
-02.4941	-00.0174	0000.935
-02.4965	-00.0177	0000.936
-02.4999	-00.0174	0000.937
-02.5026	-00.0174	0000.938
-02.5054	-00.0177	0000.939
-02.5075	-00.0180	0000.940
-02.5103	-00.0177	0000.941
-02.5127	-00.0174	0000.942
-02.5161	-00.0180	0000.943
-02.5179	-00.0180	0000.944
-02.5212	-00.0180	0000.945
-02.5234	-00.0174	0000.946
-02.5264	-00.0183	0000.947
-02.5289	-00.0174	0000.948
-02.5322	-00.0180	0000.949
-02.5347	-00.0180	0000.950
-02.5368	-00.0180	0000.951
-02.5396	-00.0177	0000.952
-02.5426	-00.0180	0000.953
-02.5451	-00.0180	0000.954
-02.5478	-00.0177	0000.955
-02.5502	-00.0180	0000.956
-02.5533	-00.0180	0000.957
-02.5557	-00.0180	0000.958
-02.5585	-00.0177	0000.959
-02.5609	-00.0180	0000.960
-02.5643	-00.0174	0000.961
-02.5664	-00.0180	0000.962
-02.5692	-00.0180	0000.963
-02.5719	-00.0180	0000.964
-02.5743	-00.0180	0000.965
-02.5771	-00.0180	0000.966
-02.5798	-00.0183	0000.967
-02.5817	-00.0183	0000.968
-02.5850	-00.0186	0000.969
-02.5881	-00.0180	0000.970
-02.5899	-00.0186	0000.971
-02.5936	-00.0180	0000.972
-02.5960	-00.0180	0000.973
-02.5988	-00.0180	0000.974
-02.6006	-00.0183	0000.975
-02.6040	-00.0186	0000.976
-02.6064	-00.0186	0000.977
-02.6094	-00.0186	0000.978
-02.6119	-00.0180	0000.979
-02.6146	-00.0183	0000.980
-02.6174	-00.0183	0000.981
-02.6198	-00.0186	0000.982
-02.6226	-00.0186	0000.983
-02.6253	-00.0186	0000.984
-02.6284	-00.0186	0000.985
-02.6311	-00.0186	0000.986
-02.6329	-00.0186	0000.987
-02.6366	-00.0183	0000.988
-02.6387	-00.0189	0000.989
-02.6412	-00.0186	0000.990
-02.6439	-00.0189	0000.991
-02.6464	-00.0186	0000.992
-02.6494	-00.0186	0000.993
-02.6519	-00.0186	0000.994
-02.6543	-00.0186	0000.995
-02.6574	-00.0186	0000.996
-02.6601	-00.0189	0000.997
-02.6629	-00.0189	0000.998
-02.6650	-00.0192	0000.999
-02.6680	-00.0186	0001.000
-02.6705	-00.0186	0001.001
-02.6735	-00.0189	0001.002
-02.6760	-00.0189	0001.003
-02.6793	-00.0192	0001.004
-02.6809	-00.0192	0001.005
-02.6845	-00.0186	0001.006
-02.6863	-00.0192	0001.007
-02.6897	-00.0186	0001.008
-02.6918	-00.0192	0001.009
-02.6949	-00.0189	0001.010
-02.6970	-00.0189	0001.011
-02.6998	-00.0189	0001.012
-02.7016	-00.0192	0001.013
-02.7056	-00.0189	0001.014
-02.7080	-00.0195	0001.015
-02.7111	-00.0186	0001.016
-02.7132	-00.0195	0001.017
-02.7163	-00.0189	0001.018
-02.7187	-00.0192	0001.019
-02.7217	-00.0192	0001.020
-02.7242	-00.0186	0001.021
-02.7266	-00.0192	0001.022
-02.7294	-00.0192	0001.023
-02.7321	-00.0195	0001.024
-02.7346	-00.0195	0001.025
-02.7373	-00.0192	0001.026
-02.7394	-00.0192	0001.027
-02.7428	-00.0195	0001.028
-02.7452	-00.0192	0001.029
-02.7483	-00.0192	0001.030
-02.7507	-00.0198	0001.031
-02.7529	-00.0195	0001.032
-02.7562	-00.0192	0001.033
-02.7587	-00.0195	0001.034
-02.7617	-00.0198	0001.035
-02.7642	-00.0192	0001.036
-02.7669	-00.0195	0001.037
-02.7697	-00.0198	0001.038
-02.7724	-00.0198	0001.039
-02.7745	-00.0198	0001.040
-02.7770	-00.0195	0001.041
-02.7803	-00.0198	0001.042
-02.7825	-00.0195	0001.043
-02.7852	-00.0195	0001.044
-02.7880	-00.0198	0001.045
-02.7910	-00.0198	0001.046
-02.7929	-00.0198	0001.047
-02.7968	-00.0201	0001.048
-02.7990	-00.0195	0001.049
-02.8020	-00.0201	0001.050
-02.8045	-00.0198	0001.051
-02.8069	-00.0198	0001.052
-02.8090	-00.0210	0001.053
-02.8127	-00.0195	0001.054
-02.8145	-00.0201	0001.055
-02.8179	-00.0201	0001.056
-02.8206	-00.0198	0001.057
-02.8231	-00.0201	0001.058
-02.8255	-00.0201	0001.059
-02.8286	-00.0198	0001.060
-02.8307	-00.0204	0001.061
-02.8337	-00.0198	0001.062
-02.8362	-00.0198	0001.063
-02.8383	-00.0201	0001.064
-02.8414	-00.0204	0001.065
-02.8435	-00.0201	0001.066
-02.8466	-00.0207	0001.067
-02.8499	-00.0207	0001.068
-02.8521	-00.0204	0001.069
-02.8545	-00.0201	0001.070
-02.8572	-00.0201	0001.071
-02.8603	-00.0201	0001.072
-02.8630	-00.0201	0001.073
-02.8652	-00.0204	0001.074
-02.8685	-00.0201	0001.075
-02.8710	-00.0201	0001.076
-02.8737	-00.0210	0001.077
-02.8762	-00.0204	0001.078
-02.8789	-00.0204	0001.079
-02.8817	-00.0204	0001.080
-02.8844	-00.0204	0001.081
-02.8862	-00.0204	0001.082
-02.8899	-00.0207	0001.083
-02.8926	-00.0207	0001.084
-02.8942	-00.0201	0001.085
-02.8981	-00.0204	0001.086
-02.9003	-00.0204	0001.087
-02.9030	-00.0204	0001.088
-02.9055	-00.0213	0001.089
-02.9079	-00.0207	0001.090
-02.9113	-00.0207	0001.091
-02.9137	-00.0207	0001.092
-02.9158	-00.0207	0001.093
-02.9192	-00.0204	0001.094
-02.9213	-00.0204	0001.095
-02.9244	-00.0204	0001.096
-02.9271	-00.0210	0001.097
-02.9305	-00.0210	0001.098
-02.9326	-00.0210	0001.099
-02.9342	-00.0210	0001.100
-02.9378	-00.0210	0001.101
-02.9409	-00.0207	0001.102
-02.9427	-00.0210	0001.103
-02.9461	-00.0207	0001.104
-02.9488	-00.0207	0001.105
-02.9512	-00.0210	0001.106
-02.9537	-00.0210	0001.107
-02.9561	-00.0210	0001.108
-02.9592	-00.0207	0001.109
-02.9616	-00.0210	0001.110
-02.9650	-00.0210	0001.111
-02.9668	-00.0210	0001.112
-02.9689	-00.0213	0001.113
-02.9723	-00.0210	0001.114
-02.9757	-00.0210	0001.115
-02.9775	-00.0207	0001.116
-02.9805	-00.0210	0001.117
-02.9833	-00.0210	0001.118
-02.9857	-00.0210	0001.119
-02.9888	-00.0210	0001.120
-02.9909	-00.0210	0001.121
-02.9934	-00.0213	0001.122
-02.9958	-00.0213	0001.123
-02.9995	-00.0213	0001.124
-03.0016	-00.0210	0001.125
-03.0043	-00.0213	0001.126
-03.0068	-00.0210	0001.127
-03.0098	-00.0210	0001.128
-03.0123	-00.0210	0001.129
-03.0153	-00.0213	0001.130
-03.0178	-00.0216	0001.131
-03.0208	-00.0213	0001.132
-03.0230	-00.0213	0001.133
-03.0263	-00.0216	0001.134
-03.0281	-00.0216	0001.135
-03.0312	-00.0213	0001.136
-03.0336	-00.0216	0001.137
-03.0361	-00.0210	0001.138
-03.0391	-00.0213	0001.139
-03.0422	-00.0219	0001.140
-03.0446	-00.0213	0001.141
-03.0471	-00.0216	0001.142
-03.0495	-00.0216	0001.143
-03.0526	-00.0216	0001.144
-03.0553	-00.0216	0001.145
-03.0587	-00.0219	0001.146
-03.0605	-00.0216	0001.147
-03.0629	-00.0216	0001.148
-03.0660	-00.0213	0001.149
-03.0684	-00.0219	0001.150
-03.0712	-00.0219	0001.151
-03.0739	-00.0216	0001.152
-03.0770	-00.0222	0001.153
-03.0788	-00.0222	0001.154
-03.0819	-00.0216	0001.155
-03.0846	-00.0216	0001.156
-03.0877	-00.0222	0001.157
-03.0892	-00.0219	0001.158
-03.0925	-00.0222	0001.159
-03.0956	-00.0222	0001.160
-03.0980	-00.0219	0001.161
-03.1011	-00.0216	0001.162
-03.1029	-00.0219	0001.163
-03.1054	-00.0222	0001.164
-03.1087	-00.0222	0001.165
-03.1112	-00.0219	0001.166
-03.1142	-00.0229	0001.167
-03.1166	-00.0219	0001.168
-03.1185	-00.0225	0001.169
-03.1224	-00.0222	0001.170
-03.1246	-00.0222	0001.171
-03.1276	-00.0222	0001.172
-03.1307	-00.0225	0001.173
-03.1328	-00.0222	0001.174
-03.1356	-00.0222	0001.175
-03.1383	-00.0222	0001.176
-03.1398	-00.0222	0001.177
-03.1435	-00.0222	0001.178
-03.1462	-00.0222	0001.179
-03.1490	-00.0219	0001.180
-03.1514	-00.0225	0001.181
-03.1542	-00.0225	0001.182
-03.1569	-00.0225	0001.183
-03.1597	-00.0222	0001.184
-03.1615	-00.0225	0001.185
-03.1646	-00.0225	0001.186
-03.1673	-00.0229	0001.187
-03.1694	-00.0222	0001.188
-03.1719	-00.0222	0001.189
-03.1755	-00.0229	0001.190
-03.1780	-00.0225	0001.191
-03.1804	-00.0222	0001.192
-03.1832	-00.0232	0001.193
-03.1865	-00.0225	0001.194
-03.1884	-00.0229	0001.195
-03.1917	-00.0225	0001.196
-03.1932	-00.0229	0001.197
-03.1963	-00.0225	0001.198
-03.1990	-00.0232	0001.199
-03.2021	-00.0232	0001.200
-03.2045	-00.0232	0001.201
-03.2079	-00.0229	0001.202
-03.2103	-00.0229	0001.203
-03.2128	-00.0229	0001.204
-03.2149	-00.0225	0001.205
-03.2186	-00.0235	0001.206
-03.2210	-00.0229	0001.207
-03.2232	-00.0232	0001.208
-03.2262	-00.0225	0001.209
-03.2290	-00.0235	0001.210
-03.2314	-00.0229	0001.211
-03.2335	-00.0229	0001.212
-03.2372	-00.0229	0001.213
-03.2393	-00.0235	0001.214
-03.2424	-00.0229	0001.215
-03.2451	-00.0229	0001.216
-03.2473	-00.0235	0001.217
-03.2503	-00.0229	0001.218
-03.2528	-00.0235	0001.219
-03.2555	-00.0238	0001.220
-03.2589	-00.0232	0001.221
-03.2604	-00.0229	0001.222
-03.2631	-00.0235	0001.223
-03.2659	-00.0232	0001.224
-03.2692	-00.0235	0001.225
-03.2717	-00.0232	0001.226
-03.2735	-00.0232	0001.227
-03.2769	-00.0232	0001.228
-03.2793	-00.0232	0001.229
-03.2824	-00.0235	0001.230
-03.2845	-00.0235	0001.231
-03.2879	-00.0232	0001.232
-03.2894	-00.0238	0001.233
-03.2927	-00.0232	0001.234
-03.2958	-00.0238	0001.235
-03.2979	-00.0238	0001.236
-03.3016	-00.0238	0001.237
-03.3034	-00.0235	0001.238
-03.3059	-00.0238	0001.239
-03.3083	-00.0238	0001.240
-03.3113	-00.0241	0001.241
-03.3144	-00.0235	0001.242
-03.3162	-00.0238	0001.243
-03.3196	-00.0238	0001.244
-03.3220	-00.0238	0001.245
-03.3248	-00.0241	0001.246
-03.3275	-00.0235	0001.247
-03.3309	-00.0241	0001.248
-03.3327	-00.0235	0001.249
-03.3352	-00.0235	0001.250
-03.3379	-00.0241	0001.251
-03.3403	-00.0241	0001.252
-03.3437	-00.0241	0001.253
-03.3461	-00.0241	0001.254
-03.3489	-00.0238	0001.255
-03.3516	-00.0244	0001.256
-03.3550	-00.0241	0001.257
-03.3571	-00.0238	0001.258
-03.3593	-00.0244	0001.259
-03.3626	-00.0238	0001.260
-03.3648	-00.0238	0001.261
-03.3669	-00.0241	0001.262
-03.3699	-00.0241	0001.263
-03.3733	-00.0241	0001.264
-03.3754	-00.0241	0001.265
-03.3782	-00.0244	0001.266
-03.3806	-00.0241	0001.267
-03.3834	-00.0241	0001.268
-03.3864	-00.0238	0001.269
-03.3892	-00.0241	0001.270
-03.3919	-00.0241	0001.271
-03.3944	-00.0241	0001.272
-03.3974	-00.0241	0001.273
-03.4002	-00.0244	0001.274
-03.4023	-00.0241	0001.275
-03.4056	-00.0244	0001.276
-03.4075	-00.0244	0001.277
-03.4105	-00.0241	0001.278
-03.4127	-00.0247	0001.279
-03.4157	-00.0244	0001.280
-03.4182	-00.0247	0001.281
-03.4215	-00.0244	0001.282
-03.4237	-00.0241	0001.283
-03.4261	-00.0241	0001.284
-03.4295	-00.0244	0001.285
-03.4322	-00.0241	0001.286
-03.4340	-00.0244	0001.287
-03.4371	-00.0247	0001.288
-03.4398	-00.0247	0001.289
-03.4423	-00.0247	0001.290
-03.4453	-00.0244	0001.291
-03.4478	-00.0247	0001.292
-03.4505	-00.0244	0001.293
-03.4533	-00.0250	0001.294
-03.4551	-00.0253	0001.295
-03.4584	-00.0247	0001.296
-03.4609	-00.0247	0001.297
-03.4639	-00.0244	0001.298
-03.4664	-00.0250	0001.299
-03.4688	-00.0250	0001.300
-03.4716	-00.0247	0001.301
-03.4746	-00.0253	0001.302
-03.4768	-00.0247	0001.303
-03.4801	-00.0244	0001.304
-03.4829	-00.0250	0001.305
-03.4853	-00.0253	0001.306
-03.4887	-00.0247	0001.307
-03.4905	-00.0247	0001.308
-03.4935	-00.0247	0001.309
-03.4960	-00.0250	0001.310
-03.4984	-00.0253	0001.311
-03.5009	-00.0247	0001.312
-03.5042	-00.0253	0001.313
-03.5064	-00.0250	0001.314
-03.5088	-00.0253	0001.315
-03.5122	-00.0256	0001.316
-03.5152	-00.0250	0001.317
-03.5170	-00.0256	0001.318
-03.5192	-00.0253	0001.319
-03.5222	-00.0256	0001.320
-03.5253	-00.0253	0001.321
-03.5274	-00.0253	0001.322
-03.5308	-00.0253	0001.323
-03.5326	-00.0253	0001.324
-03.5353	-00.0253	0001.325
-03.5390	-00.0250	0001.326
-03.5411	-00.0253	0001.327
-03.5445	-00.0253	0001.328
-03.5469	-00.0253	0001.329
-03.5491	-00.0253	0001.330
-03.5524	-00.0256	0001.331
-03.5546	-00.0256	0001.332
-03.5573	-00.0259	0001.333
-03.5601	-00.0256	0001.334
-03.5634	-00.0259	0001.335
-03.5646	-00.0259	0001.336
-03.5680	-00.0256	0001.337
-03.5704	-00.0256	0001.338
-03.5738	-00.0259	0001.339
-03.5756	-00.0262	0001.340
-03.5781	-00.0256	0001.341
-03.5817	-00.0259	0001.342
-03.5839	-00.0256	0001.343
-03.5869	-00.0256	0001.344
-03.5894	-00.0259	0001.345
-03.5924	-00.0259	0001.346
-03.5946	-00.0259	0001.347
-03.5973	-00.0256	0001.348
-03.5991	-00.0253	0001.349
-03.6031	-00.0259	0001.350
-03.6049	-00.0259	0001.351
-03.6074	-00.0259	0001.352
-03.6113	-00.0259	0001.353
-03.6138	-00.0256	0001.354
-03.6162	-00.0265	0001.355
-03.6187	-00.0262	0001.356
-03.6220	-00.0262	0001.357
-03.6232	-00.0262	0001.358
-03.6272	-00.0259	0001.359
-03.6290	-00.0259	0001.360
-03.6324	-00.0259	0001.361
-03.6348	-00.0259	0001.362
-03.6376	-00.0262	0001.363
-03.6397	-00.0262	0001.364
-03.6422	-00.0259	0001.365
-03.6458	-00.0265	0001.366
-03.6480	-00.0262	0001.367
-03.6507	-00.0265	0001.368
-03.6535	-00.0262	0001.369
-03.6556	-00.0265	0001.370
-03.6589	-00.0265	0001.371
-03.6614	-00.0262	0001.372
-03.6644	-00.0265	0001.373
-03.6669	-00.0259	0001.374
-03.6699	-00.0265	0001.375
-03.6721	-00.0262	0001.376
-03.6748	-00.0262	0001.377
-03.6773	-00.0265	0001.378
-03.6800	-00.0265	0001.379
-03.6827	-00.0265	0001.380
-03.6852	-00.0262	0001.381
-03.6876	-00.0265	0001.382
-03.6907	-00.0265	0001.383
-03.6934	-00.0265	0001.384
-03.6959	-00.0268	0001.385
-03.6992	-00.0262	0001.386
-03.7008	-00.0265	0001.387
-03.7038	-00.0268	0001.388
-03.7075	-00.0265	0001.389
-03.7099	-00.0268	0001.390
-03.7120	-00.0268	0001.391
-03.7148	-00.0268	0001.392
-03.7175	-00.0265	0001.393
-03.7200	-00.0265	0001.394
-03.7233	-00.0268	0001.395
-03.7258	-00.0271	0001.396
-03.7288	-00.0265	0001.397
-03.7304	-00.0268	0001.398
-03.7325	-00.0271	0001.399
-03.7365	-00.0268	0001.400
-03.7392	-00.0268	0001.401
-03.7413	-00.0274	0001.402
-03.7444	-00.0274	0001.403
-03.7471	-00.0271	0001.404
-03.7496	-00.0265	0001.405
-03.7520	-00.0271	0001.406
-03.7545	-00.0268	0001.407
-03.7569	-00.0271	0001.408
-03.7609	-00.0271	0001.409
-03.7630	-00.0271	0001.410
-03.7651	-00.0268	0001.411
-03.7682	-00.0271	0001.412
-03.7716	-00.0268	0001.413
-03.7743	-00.0271	0001.414
-03.7761	-00.0268	0001.415
-03.7792	-00.0268	0001.416
-03.7816	-00.0271	0001.417
-03.7844	-00.0274	0001.418
-03.7868	-00.0274	0001.419
-03.7893	-00.0274	0001.420
-03.7926	-00.0274	0001.421
-03.7954	-00.0271	0001.422
-03.7975	-00.0271	0001.423
-03.8002	-00.0271	0001.424
-03.8027	-00.0277	0001.425
-03.8060	-00.0274	0001.426
-03.8088	-00.0280	0001.427
-03.8112	-00.0277	0001.428
-03.8137	-00.0274	0001.429
-03.8170	-00.0274	0001.430
-03.8192	-00.0274	0001.431
-03.8216	-00.0277	0001.432
-03.8240	-00.0274	0001.433
-03.8277	-00.0277	0001.434
-03.8298	-00.0277	0001.435
-03.8320	-00.0280	0001.436
-03.8350	-00.0274	0001.437
-03.8369	-00.0280	0001.438
-03.8405	-00.0274	0001.439
-03.8430	-00.0280	0001.440
-03.8451	-00.0277	0001.441
-03.8482	-00.0277	0001.442
-03.8512	-00.0277	0001.443
-03.8536	-00.0277	0001.444
-03.8564	-00.0277	0001.445
-03.8591	-00.0277	0001.446
-03.8616	-00.0277	0001.447
-03.8637	-00.0277	0001.448
-03.8674	-00.0280	0001.449
-03.8698	-00.0280	0001.450
-03.8723	-00.0280	0001.451
-03.8756	-00.0277	0001.452
-03.8778	-00.0280	0001.453
-03.8805	-00.0283	0001.454
-03.8829	-00.0280	0001.455
-03.8860	-00.0280	0001.456
-03.8884	-00.0280	0001.457
-03.8912	-00.0277	0001.458
-03.8936	-00.0283	0001.459
-03.8964	-00.0280	0001.460
-03.8991	-00.0280	0001.461
-03.9016	-00.0283	0001.462
-03.9046	-00.0280	0001.463
-03.9067	-00.0286	0001.464
-03.9104	-00.0280	0001.465
-03.9122	-00.0286	0001.466
-03.9156	-00.0283	0001.467
-03.9180	-00.0283	0001.468
-03.9214	-00.0283	0001.469
-03.9235	-00.0283	0001.470
-03.9263	-00.0283	0001.471
-03.9281	-00.0283	0001.472
-03.9318	-00.0283	0001.473
-03.9336	-00.0283	0001.474
-03.9363	-00.0283	0001.475
-03.9388	-00.0286	0001.476
-03.9418	-00.0290	0001.477
-03.9446	-00.0286	0001.478
-03.9464	-00.0286	0001.479
-03.9495	-00.0286	0001.480
-03.9528	-00.0286	0001.481
-03.9550	-00.0286	0001.482
-03.9577	-00.0283	0001.483
-03.9608	-00.0286	0001.484
-03.9629	-00.0283	0001.485
-03.9660	-00.0283	0001.486
-03.9684	-00.0286	0001.487
-03.9711	-00.0290	0001.488
-03.9748	-00.0286	0001.489
-03.9766	-00.0286	0001.490
-03.9800	-00.0286	0001.491
-03.9818	-00.0290	0001.492
-03.9843	-00.0283	0001.493
-03.9873	-00.0286	0001.494
-03.9904	-00.0293	0001.495
-03.9931	-00.0290	0001.496
-03.9952	-00.0293	0001.497
-03.9974	-00.0293	0001.498
-04.0004	-00.0290	0001.499
-04.0032	-00.0290	0001.500
-04.0062	-00.0290	0001.501
-04.0032	-00.0286	0001.502
-04.0007	-00.0290	0001.503
-03.9980	-00.0290	0001.504
-03.9959	-00.0290	0001.505
-03.9934	-00.0296	0001.506
-03.9904	-00.0293	0001.507
-03.9870	-00.0290	0001.508
-03.9852	-00.0293	0001.509
-03.9827	-00.0293	0001.510
-03.9794	-00.0290	0001.511
-03.9769	-00.0290	0001.512
-03.9748	-00.0290	0001.513
-03.9714	-00.0286	0001.514
-03.9690	-00.0290	0001.515
-03.9656	-00.0293	0001.516
-03.9641	-00.0293	0001.517
-03.9608	-00.0293	0001.518
-03.9583	-00.0293	0001.519
-03.9553	-00.0290	0001.520
-03.9531	-00.0293	0001.521
-03.9504	-00.0290	0001.522
-03.9470	-00.0293	0001.523
-03.9452	-00.0290	0001.524
-03.9425	-00.0293	0001.525
-03.9397	-00.0296	0001.526
-03.9363	-00.0293	0001.527
-03.9345	-00.0293	0001.528
-03.9318	-00.0293	0001.529
-03.9290	-00.0290	0001.530
-03.9263	-00.0290	0001.531
-03.9229	-00.0290	0001.532
-03.9205	-00.0290	0001.533
-03.9177	-00.0290	0001.534
-03.9153	-00.0293	0001.535
-03.9122	-00.0290	0001.536
-03.9107	-00.0290	0001.537
-03.9080	-00.0290	0001.538
-03.9046	-00.0290	0001.539
-03.9022	-00.0293	0001.540
-03.8991	-00.0293	0001.541
-03.8973	-00.0290	0001.542
-03.8942	-00.0293	0001.543
-03.8915	-00.0293	0001.544
-03.8881	-00.0293	0001.545
-03.8860	-00.0293	0001.546
-03.8839	-00.0293	0001.547
-03.8811	-00.0293	0001.548
-03.8781	-00.0296	0001.549
-03.8753	-00.0293	0001.550
-03.8735	-00.0293	0001.551
-03.8698	-00.0293	0001.552
-03.8674	-00.0293	0001.553
-03.8646	-00.0290	0001.554
-03.8619	-00.0290	0001.555
-03.8594	-00.0290	0001.556
-03.8570	-00.0293	0001.557
-03.8540	-00.0290	0001.558
-03.8518	-00.0290	0001.559
-03.8488	-00.0296	0001.560
-03.8460	-00.0290	0001.561
-03.8436	-00.0293	0001.562
-03.8414	-00.0290	0001.563
-03.8381	-00.0290	0001.564
-03.8356	-00.0290	0001.565
-03.8332	-00.0296	0001.566
-03.8301	-00.0293	0001.567
-03.8274	-00.0290	0001.568
-03.8253	-00.0290	0001.569
-03.8219	-00.0286	0001.570
-03.8192	-00.0290	0001.571
-03.8173	-00.0290	0001.572
-03.8137	-00.0290	0001.573
-03.8118	-00.0290	0001.574
-03.8085	-00.0290	0001.575
-03.8057	-00.0290	0001.576
-03.8036	-00.0290	0001.577
-03.8005	-00.0290	0001.578
-03.7984	-00.0293	0001.579
-03.7951	-00.0290	0001.580
-03.7926	-00.0293	0001.581
-03.7902	-00.0293	0001.582
-03.7868	-00.0293	0001.583
-03.7847	-00.0293	0001.584
-03.7819	-00.0296	0001.585
-03.7786	-00.0290	0001.586
-03.7761	-00.0290	0001.587
-03.7740	-00.0290	0001.588
-03.7716	-00.0293	0001.589
-03.7688	-00.0290	0001.590
-03.7661	-00.0293	0001.591
-03.7639	-00.0290	0001.592
-03.7612	-00.0290	0001.593
-03.7578	-00.0286	0001.594
-03.7545	-00.0293	0001.595
-03.7526	-00.0290	0001.596
-03.7499	-00.0293	0001.597
-03.7474	-00.0290	0001.598
-03.7441	-00.0290	0001.599
-03.7413	-00.0290	0001.600
-03.7392	-00.0293	0001.601
-03.7365	-00.0293	0001.602
-03.7343	-00.0290	0001.603
-03.7319	-00.0290	0001.604
-03.7282	-00.0290	0001.605
-03.7255	-00.0286	0001.606
-03.7227	-00.0293	0001.607
-03.7203	-00.0286	0001.608
-03.7175	-00.0290	0001.609
-03.7154	-00.0293	0001.610
-03.7127	-00.0290	0001.611
-03.7096	-00.0286	0001.612
-03.7069	-00.0293	0001.613
-03.7041	-00.0290	0001.614
-03.7020	-00.0290	0001.615
-03.6989	-00.0290	0001.616
-03.6965	-00.0290	0001.617
-03.6931	-00.0286	0001.618
-03.6910	-00.0293	0001.619
-03.6879	-00.0290	0001.620
-03.6855	-00.0290	0001.621
-03.6834	-00.0290	0001.622
-03.6806	-00.0290	0001.623
-03.6776	-00.0290	0001.624
-03.6745	-00.0290	0001.625
-03.6721	-00.0290	0001.626
-03.6699	-00.0290	0001.627
-03.6672	-00.0286	0001.628
-03.6635	-00.0290	0001.629
-03.6617	-00.0293	0001.630
-03.6592	-00.0290	0001.631
-03.6562	-00.0290	0001.632
-03.6538	-00.0286	0001.633
-03.6510	-00.0286	0001.634
-03.6486	-00.0290	0001.635
-03.6455	-00.0290	0001.636
-03.6431	-00.0286	0001.637
-03.6403	-00.0290	0001.638
-03.6376	-00.0290	0001.639
-03.6348	-00.0290	0001.640
-03.6321	-00.0293	0001.641
-03.6296	-00.0290	0001.642
-03.6272	-00.0290	0001.643
-03.6245	-00.0290	0001.644
-03.6214	-00.0286	0001.645
-03.6187	-00.0286	0001.646
-03.6159	-00.0290	0001.647
-03.6135	-00.0290	0001.648
-03.6107	-00.0290	0001.649
-03.6086	-00.0290	0001.650
-03.6052	-00.0290	0001.651
-03.6028	-00.0290	0001.652
-03.6000	-00.0290	0001.653
-03.5973	-00.0286	0001.654
-03.5958	-00.0290	0001.655
-03.5924	-00.0290	0001.656
-03.5897	-00.0290	0001.657
-03.5869	-00.0290	0001.658
-03.5845	-00.0290	0001.659
-03.5817	-00.0290	0001.660
-03.5793	-00.0290	0001.661
-03.5762	-00.0286	0001.662
-03.5738	-00.0290	0001.663
-03.5704	-00.0290	0001.664
-03.5680	-00.0290	0001.665
-03.5659	-00.0290	0001.666
-03.5625	-00.0290	0001.667
-03.5607	-00.0293	0001.668
-03.5582	-00.0290	0001.669
-03.5552	-00.0290	0001.670
-03.5518	-00.0290	0001.671
-03.5497	-00.0286	0001.672
-03.5472	-00.0290	0001.673
-03.5442	-00.0293	0001.674
-03.5415	-00.0290	0001.675
-03.5390	-00.0290	0001.676
-03.5363	-00.0290	0001.677
-03.5335	-00.0286	0001.678
-03.5314	-00.0290	0001.679
-03.5286	-00.0286	0001.680
-03.5256	-00.0290	0001.681
-03.5231	-00.0290	0001.682
-03.5201	-00.0290	0001.683
-03.5176	-00.0290	0001.684
-03.5146	-00.0290	0001.685
-03.5122	-00.0290	0001.686
-03.5091	-00.0286	0001.687
-03.5067	-00.0286	0001.688
-03.5042	-00.0293	0001.689
-03.5018	-00.0290	0001.690
-03.4987	-00.0290	0001.691
-03.4963	-00.0286	0001.692
-03.4938	-00.0286	0001.693
-03.4908	-00.0290	0001.694
-03.4887	-00.0286	0001.695
-03.4856	-00.0290	0001.696
-03.4829	-00.0286	0001.697
-03.4798	-00.0286	0001.698
-03.4777	-00.0286	0001.699
-03.4749	-00.0290	0001.700
-03.4728	-00.0286	0001.701
-03.4694	-00.0283	0001.702
-03.4658	-00.0286	0001.703
-03.4642	-00.0290	0001.704
-03.4612	-00.0283	0001.705
-03.4584	-00.0286	0001.706
-03.4560	-00.0286	0001.707
-03.4539	-00.0283	0001.708
-03.4511	-00.0286	0001.709
-03.4481	-00.0293	0001.710
-03.4450	-00.0290	0001.711
-03.4429	-00.0290	0001.712
-03.4398	-00.0290	0001.713
-03.4374	-00.0286	0001.714
-03.4352	-00.0286	0001.715
-03.4316	-00.0286	0001.716
-03.4291	-00.0286	0001.717
-03.4270	-00.0290	0001.718
-03.4240	-00.0286	0001.719
-03.4212	-00.0283	0001.720
-03.4188	-00.0290	0001.721
-03.4160	-00.0286	0001.722
-03.4133	-00.0290	0001.723
-03.4105	-00.0286	0001.724
-03.4078	-00.0290	0001.725
-03.4050	-00.0283	0001.726
-03.4023	-00.0290	0001.727
-03.4005	-00.0290	0001.728
-03.3968	-00.0286	0001.729
-03.3947	-00.0290	0001.730
-03.3922	-00.0286	0001.731
-03.3895	-00.0293	0001.732
-03.3867	-00.0286	0001.733
-03.3834	-00.0290	0001.734
-03.3815	-00.0286	0001.735
-03.3788	-00.0286	0001.736
-03.3760	-00.0286	0001.737
-03.3739	-00.0286	0001.738
-03.3706	-00.0290	0001.739
-03.3684	-00.0286	0001.740
-03.3654	-00.0286	0001.741
-03.3623	-00.0283	0001.742
-03.3596	-00.0286	0001.743
-03.3571	-00.0290	0001.744
-03.3541	-00.0286	0001.745
-03.3522	-00.0293	0001.746
-03.3489	-00.0290	0001.747
-03.3458	-00.0290	0001.748
-03.3440	-00.0283	0001.749
-03.3413	-00.0283	0001.750
-03.3382	-00.0290	0001.751
-03.3355	-00.0283	0001.752
-03.3339	-00.0286	0001.753
-03.3306	-00.0283	0001.754
-03.3284	-00.0286	0001.755
-03.3248	-00.0286	0001.756
-03.3226	-00.0283	0001.757
-03.3196	-00.0283	0001.758
-03.3175	-00.0286	0001.759
-03.3144	-00.0286	0001.760
-03.3120	-00.0286	0001.761
-03.3092	-00.0290	0001.762
-03.3065	-00.0286	0001.763
-03.3028	-00.0286	0001.764
-03.3019	-00.0286	0001.765
-03.2985	-00.0286	0001.766
-03.2952	-00.0283	0001.767
-03.2930	-00.0286	0001.768
-03.2903	-00.0290	0001.769
-03.2875	-00.0286	0001.770
-03.2851	-00.0286	0001.771
-03.2833	-00.0290	0001.772
-03.2799	-00.0286	0001.773
-03.2772	-00.0283	0001.774
-03.2744	-00.0290	0001.775
-03.2717	-00.0283	0001.776
-03.2692	-00.0286	0001.777
-03.2665	-00.0283	0001.778
-03.2634	-00.0286	0001.779
-03.2610	-00.0283	0001.780
-03.2582	-00.0283	0001.781
-03.2558	-00.0280	0001.782
-03.2531	-00.0286	0001.783
-03.2500	-00.0286	0001.784
-03.2470	-00.0283	0001.785
-03.2448	-00.0283	0001.786
-03.2424	-00.0283	0001.787
-03.2393	-00.0283	0001.788
-03.2369	-00.0283	0001.789
-03.2344	-00.0283	0001.790
-03.2320	-00.0283	0001.791
-03.2293	-00.0286	0001.792
-03.2265	-00.0283	0001.793
-03.2241	-00.0283	0001.794
-03.2210	-00.0283	0001.795
-03.2183	-00.0280	0001.796
-03.2149	-00.0290	0001.797
-03.2134	-00.0283	0001.798
-03.2100	-00.0286	0001.799
-03.2079	-00.0283	0001.800
-03.2051	-00.0280	0001.801
-03.2021	-00.0283	0001.802
-03.2000	-00.0283	0001.803
-03.1969	-00.0280	0001.804
-03.1942	-00.0286	0001.805
-03.1911	-00.0283	0001.806
-03.1890	-00.0280	0001.807
-03.1868	-00.0283	0001.808
-03.1841	-00.0283	0001.809
-03.1807	-00.0280	0001.810
-03.1783	-00.0283	0001.811
-03.1762	-00.0283	0001.812
-03.1731	-00.0280	0001.813
-03.1704	-00.0283	0001.814
-03.1673	-00.0286	0001.815
-03.1655	-00.0283	0001.816
-03.1624	-00.0286	0001.817
-03.1594	-00.0283	0001.818
-03.1572	-00.0283	0001.819
-03.1542	-00.0286	0001.820
-03.1514	-00.0286	0001.821
-03.1490	-00.0280	0001.822
-03.1462	-00.0286	0001.823
-03.1438	-00.0283	0001.824
-03.1408	-00.0283	0001.825
-03.1380	-00.0283	0001.826
-03.1350	-00.0283	0001.827
-03.1328	-00.0280	0001.828
-03.1298	-00.0280	0001.829
-03.1276	-00.0283	0001.830
-03.1252	-00.0283	0001.831
-03.1221	-00.0280	0001.832
-03.1191	-00.0283	0001.833
-03.1173	-00.0283	0001.834
-03.1145	-00.0283	0001.835
-03.1112	-00.0283	0001.836
-03.1090	-00.0280	0001.837
-03.1063	-00.0280	0001.838
-03.1038	-00.0283	0001.839
-03.1008	-00.0286	0001.840
-03.0980	-00.0280	0001.841
-03.0956	-00.0283	0001.842
-03.0925	-00.0280	0001.843
-03.0898	-00.0283	0001.844
-03.0883	-00.0286	0001.845
-03.0846	-00.0283	0001.846
-03.0819	-00.0283	0001.847
-03.0794	-00.0280	0001.848
-03.0767	-00.0277	0001.849
-03.0745	-00.0283	0001.850
-03.0715	-00.0280	0001.851
-03.0684	-00.0283	0001.852
-03.0663	-00.0280	0001.853
-03.0642	-00.0283	0001.854
-03.0605	-00.0280	0001.855
-03.0584	-00.0280	0001.856
-03.0550	-00.0286	0001.857
-03.0529	-00.0280	0001.858
-03.0501	-00.0280	0001.859
-03.0480	-00.0286	0001.860
-03.0452	-00.0280	0001.861
-03.0419	-00.0274	0001.862
-03.0391	-00.0280	0001.863
-03.0364	-00.0283	0001.864
-03.0339	-00.0283	0001.865
-03.0312	-00.0280	0001.866
-03.0285	-00.0277	0001.867
-03.0260	-00.0283	0001.868
-03.0242	-00.0277	0001.869
-03.0208	-00.0280	0001.870
-03.0175	-00.0277	0001.871
-03.0150	-00.0280	0001.872
-03.0129	-00.0280	0001.873
-03.0098	-00.0283	0001.874
-03.0071	-00.0280	0001.875
-03.0046	-00.0283	0001.876
-03.0022	-00.0280	0001.877
-02.9998	-00.0283	0001.878
-02.9970	-00.0283	0001.879
-02.9943	-00.0283	0001.880
-02.9915	-00.0277	0001.881
-02.9888	-00.0277	0001.882
-02.9860	-00.0283	0001.883
-02.9830	-00.0277	0001.884
-02.9805	-00.0277	0001.885
-02.9778	-00.0280	0001.886
-02.9760	-00.0280	0001.887
-02.9732	-00.0283	0001.888
-02.9705	-00.0280	0001.889
-02.9671	-00.0277	0001.890
-02.9650	-00.0280	0001.891
-02.9619	-00.0283	0001.892
-02.9592	-00.0277	0001.893
-02.9567	-00.0280	0001.894
-02.9537	-00.0283	0001.895
-02.9515	-00.0277	0001.896
-02.9488	-00.0280	0001.897
-02.9461	-00.0283	0001.898
-02.9439	-00.0277	0001.899
-02.9406	-00.0277	0001.900
-02.9378	-00.0277	0001.901
-02.9354	-00.0280	0001.902
-02.9329	-00.0283	0001.903
-02.9302	-00.0283	0001.904
-02.9265	-00.0277	0001.905
-02.9250	-00.0280	0001.906
-02.9222	-00.0277	0001.907
-02.9192	-00.0280	0001.908
-02.9168	-00.0274	0001.909
-02.9140	-00.0277	0001.910
-02.9116	-00.0280	0001.911
-02.9082	-00.0277	0001.912
-02.9055	-00.0280	0001.913
-02.9033	-00.0280	0001.914
-02.9006	-00.0274	0001.915
-02.8978	-00.0280	0001.916
-02.8951	-00.0277	0001.917
-02.8933	-00.0277	0001.918
-02.8896	-00.0277	0001.919
-02.8868	-00.0280	0001.920
-02.8847	-00.0280	0001.921
-02.8823	-00.0280	0001.922
-02.8795	-00.0283	0001.923
-02.8762	-00.0274	0001.924
-02.8740	-00.0277	0001.925
-02.8722	-00.0277	0001.926
-02.8682	-00.0277	0001.927
-02.8658	-00.0277	0001.928
-02.8634	-00.0277	0001.929
-02.8606	-00.0277	0001.930
-02.8588	-00.0277	0001.931
-02.8551	-00.0274	0001.932
-02.8524	-00.0274	0001.933
-02.8499	-00.0277	0001.934
-02.8475	-00.0277	0001.935
-02.8444	-00.0277	0001.936
-02.8423	-00.0277	0001.937
-02.8392	-00.0274	0001.938
-02.8365	-00.0277	0001.939
-02.8344	-00.0283	0001.940
-02.8310	-00.0277	0001.941
-02.8292	-00.0277	0001.942
-02.8261	-00.0277	0001.943
-02.8231	-00.0277	0001.944
-02.8209	-00.0277	0001.945
-02.8179	-00.0274	0001.946
-02.8151	-00.0277	0001.947
-02.8130	-00.0277	0001.948
-02.8096	-00.0271	0001.949
-02.8075	-00.0277	0001.950
-02.8038	-00.0277	0001.951
-02.8023	-00.0274	0001.952
-02.7990	-00.0277	0001.953
-02.7959	-00.0277	0001.954
-02.7941	-00.0280	0001.955
-02.7910	-00.0274	0001.956
-02.7880	-00.0274	0001.957
-02.7855	-00.0274	0001.958
-02.7822	-00.0274	0001.959
-02.7800	-00.0274	0001.960
-02.7773	-00.0277	0001.961
-02.7752	-00.0277	0001.962
-02.7724	-00.0274	0001.963
-02.7694	-00.0277	0001.964
-02.7669	-00.0274	0001.965
-02.7633	-00.0274	0001.966
-02.7617	-00.0277	0001.967
-02.7590	-00.0277	0001.968
-02.7565	-00.0277	0001.969
-02.7535	-00.0268	0001.970
-02.7507	-00.0277	0001.971
-02.7483	-00.0277	0001.972
-02.7449	-00.0274	0001.973
-02.7431	-00.0280	0001.974
-02.7407	-00.0277	0001.975
-02.7382	-00.0274	0001.976
-02.7346	-00.0277	0001.977
-02.7318	-00.0274	0001.978
-02.7303	-00.0280	0001.979
-02.7272	-00.0277	0001.980
-02.7242	-00.0274	0001.981
-02.7221	-00.0277	0001.982
-02.7190	-00.0277	0001.983
-02.7163	-00.0271	0001.984
-02.7135	-00.0274	0001.985
-02.7111	-00.0274	0001.986
-02.7083	-00.0274	0001.987
-02.7056	-00.0271	0001.988
-02.7028	-00.0274	0001.989
-02.7004	-00.0277	0001.990
-02.6973	-00.0271	0001.991
-02.6949	-00.0271	0001.992
-02.6925	-00.0274	0001.993
-02.6900	-00.0274	0001.994
-02.6873	-00.0271	0001.995
-02.6839	-00.0271	0001.996
-02.6815	-00.0274	0001.997
-02.6787	-00.0274	0001.998
-02.6763	-00.0271	0001.999
-02.6735	-00.0274	0002.000
-02.6708	-00.0271	0002.001
-02.6680	-00.0277	0002.002
-02.6650	-00.0274	0002.003
-02.6625	-00.0274	0002.004
-02.6607	-00.0277	0002.005
-02.6583	-00.0274	0002.006
-02.6552	-00.0271	0002.007
-02.6519	-00.0271	0002.008
-02.6497	-00.0274	0002.009
-02.6470	-00.0271	0002.010
-02.6445	-00.0274	0002.011
-02.6415	-00.0271	0002.012
-02.6394	-00.0268	0002.013
-02.6363	-00.0271	0002.014
-02.6339	-00.0271	0002.015
-02.6311	-00.0271	0002.016
-02.6284	-00.0274	0002.017
-02.6256	-00.0271	0002.018
-02.6226	-00.0274	0002.019
-02.6204	-00.0274	0002.020
-02.6174	-00.0274	0002.021
-02.6149	-00.0277	0002.022
-02.6119	-00.0274	0002.023
-02.6094	-00.0274	0002.024
-02.6076	-00.0274	0002.025
-02.6046	-00.0277	0002.026
-02.6018	-00.0277	0002.027
-02.5988	-00.0271	0002.028
-02.5966	-00.0271	0002.029
-02.5936	-00.0268	0002.030
-02.5908	-00.0271	0002.031
-02.5884	-00.0268	0002.032
-02.5853	-00.0274	0002.033
-02.5826	-00.0271	0002.034
-02.5798	-00.0268	0002.035
-02.5780	-00.0274	0002.036
-02.5747	-00.0271	0002.037
-02.5722	-00.0268	0002.038
-02.5695	-00.0271	0002.039
-02.5670	-00.0268	0002.040
-02.5643	-00.0268	0002.041
-02.5612	-00.0271	0002.042
-02.5591	-00.0268	0002.043
-02.5563	-00.0271	0002.044
-02.5536	-00.0271	0002.045
-02.5502	-00.0268	0002.046
-02.5487	-00.0268	0002.047
-02.5454	-00.0268	0002.048
-02.5426	-00.0271	0002.049
-02.5399	-00.0268	0002.050
-02.5377	-00.0274	0002.051
-02.5344	-00.0271	0002.052
-02.5319	-00.0271	0002.053
-02.5301	-00.0271	0002.054
-02.5270	-00.0268	0002.055
-02.5240	-00.0274	0002.056
-02.5216	-00.0271	0002.057
-02.5191	-00.0271	0002.058
-02.5167	-00.0268	0002.059
-02.5136	-00.0265	0002.060
-02.5106	-00.0268	0002.061
-02.5078	-00.0265	0002.062
-02.5057	-00.0265	0002.063
-02.5029	-00.0271	0002.064
-02.5005	-00.0271	0002.065
-02.4971	-00.0271	0002.066
-02.4944	-00.0268	0002.067
-02.4916	-00.0271	0002.068
-02.4898	-00.0268	0002.069
-02.4868	-00.0265	0002.070
-02.4837	-00.0268	0002.071
-02.4813	-00.0271	0002.072
-02.4788	-00.0265	0002.073
-02.4761	-00.0268	0002.074
-02.4733	-00.0268	0002.075
-02.4709	-00.0271	0002.076
-02.4675	-00.0268	0002.077
-02.4657	-00.0268	0002.078
-02.4623	-00.0271	0002.079
-02.4602	-00.0271	0002.080
-02.4575	-00.0271	0002.081
-02.4544	-00.0265	0002.082
-02.4523	-00.0265	0002.083
-02.4492	-00.0265	0002.084
-02.4468	-00.0271	0002.085
-02.4443	-00.0265	0002.086
-02.4416	-00.0265	0002.087
-02.4389	-00.0265	0002.088
-02.4358	-00.0265	0002.089
-02.4334	-00.0271	0002.090
-02.4303	-00.0265	0002.091
-02.4276	-00.0268	0002.092
-02.4254	-00.0265	0002.093
-02.4224	-00.0268	0002.094
-02.4199	-00.0271	0002.095
-02.4172	-00.0265	0002.096
-02.4144	-00.0265	0002.097
-02.4120	-00.0262	0002.098
-02.4089	-00.0265	0002.099
-02.4062	-00.0271	0002.100
-02.4038	-00.0265	0002.101
-02.4010	-00.0268	0002.102
-02.3980	-00.0271	0002.103
-02.3952	-00.0268	0002.104
-02.3934	-00.0271	0002.105
-02.3906	-00.0262	0002.106
-02.3879	-00.0268	0002.107
-02.3854	-00.0268	0002.108
-02.3824	-00.0271	0002.109
-02.3800	-00.0265	0002.110
-02.3772	-00.0265	0002.111
-02.3745	-00.0268	0002.112
-02.3717	-00.0265	0002.113
-02.3696	-00.0271	0002.114
-02.3668	-00.0262	0002.115
-02.3638	-00.0265	0002.116
-02.3610	-00.0265	0002.117
-02.3586	-00.0268	0002.118
-02.3558	-00.0265	0002.119
-02.3534	-00.0265	0002.120
-02.3500	-00.0262	0002.121
-02.3479	-00.0265	0002.122
-02.3449	-00.0265	0002.123
-02.3421	-00.0265	0002.124
-02.3394	-00.0265	0002.125
-02.3375	-00.0268	0002.126
-02.3351	-00.0262	0002.127
-02.3317	-00.0268	0002.128
-02.3290	-00.0259	0002.129
-02.3262	-00.0265	0002.130
-02.3238	-00.0268	0002.131
-02.3211	-00.0265	0002.132
-02.3186	-00.0262	0002.133
-02.3156	-00.0262	0002.134
-02.3131	-00.0265	0002.135
-02.3107	-00.0265	0002.136
-02.3076	-00.0265	0002.137
-02.3052	-00.0265	0002.138
-02.3024	-00.0262	0002.139
-02.2997	-00.0265	0002.140
-02.2972	-00.0259	0002.141
-02.2942	-00.0262	0002.142
-02.2915	-00.0265	0002.143
-02.2890	-00.0268	0002.144
-02.2866	-00.0265	0002.145
-02.2835	-00.0268	0002.146
-02.2811	-00.0262	0002.147
-02.2783	-00.0259	0002.148
-02.2756	-00.0262	0002.149
-02.2731	-00.0265	0002.150
-02.2707	-00.0262	0002.151
-02.2676	-00.0262	0002.152
-02.2649	-00.0262	0002.153
-02.2622	-00.0265	0002.154
-02.2597	-00.0259	0002.155
-02.2573	-00.0262	0002.156
-02.2542	-00.0265	0002.157
-02.2515	-00.0259	0002.158
-02.2490	-00.0265	0002.159
-02.2466	-00.0265	0002.160
-02.2435	-00.0262	0002.161
-02.2411	-00.0259	0002.162
-02.2387	-00.0256	0002.163
-02.2356	-00.0262	0002.164
-02.2329	-00.0262	0002.165
-02.2304	-00.0262	0002.166
-02.2277	-00.0262	0002.167
-02.2246	-00.0262	0002.168
-02.2228	-00.0259	0002.169
-02.2197	-00.0262	0002.170
-02.2170	-00.0265	0002.171
-02.2139	-00.0262	0002.172
-02.2118	-00.0262	0002.173
-02.2091	-00.0262	0002.174
-02.2066	-00.0262	0002.175
-02.2039	-00.0259	0002.176
-02.2008	-00.0262	0002.177
-02.1981	-00.0265	0002.178
-02.1950	-00.0265	0002.179
-02.1926	-00.0259	0002.180
-02.1904	-00.0259	0002.181
-02.1874	-00.0259	0002.182
-02.1849	-00.0256	0002.183
-02.1819	-00.0262	0002.184
-02.1798	-00.0265	0002.185
-02.1770	-00.0259	0002.186
-02.1743	-00.0262	0002.187
-02.1715	-00.0259	0002.188
-02.1685	-00.0265	0002.189
-02.1660	-00.0259	0002.190
-02.1633	-00.0265	0002.191
-02.1614	-00.0262	0002.192
-02.1584	-00.0262	0002.193
-02.1553	-00.0256	0002.194
-02.1532	-00.0265	0002.195
-02.1502	-00.0259	0002.196
-02.1477	-00.0259	0002.197
-02.1447	-00.0262	0002.198
-02.1416	-00.0256	0002.199
-02.1398	-00.0262	0002.200
-02.1367	-00.0259	0002.201
-02.1343	-00.0259	0002.202
-02.1315	-00.0256	0002.203
-02.1291	-00.0262	0002.204
-02.1267	-00.0259	0002.205
-02.1236	-00.0259	0002.206
-02.1206	-00.0259	0002.207
-02.1184	-00.0256	0002.208
-02.1160	-00.0262	0002.209
-02.1126	-00.0259	0002.210
-02.1108	-00.0259	0002.211
-02.1077	-00.0259	0002.212
-02.1047	-00.0259	0002.213
-02.1019	-00.0256	0002.214
-02.0995	-00.0259	0002.215
-02.0967	-00.0259	0002.216
-02.0940	-00.0256	0002.217
-02.0913	-00.0259	0002.218
-02.0888	-00.0256	0002.219
-02.0861	-00.0259	0002.220
-02.0839	-00.0256	0002.221
-02.0809	-00.0259	0002.222
-02.0784	-00.0253	0002.223
-02.0760	-00.0262	0002.224
-02.0726	-00.0256	0002.225
-02.0699	-00.0256	0002.226
-02.0678	-00.0256	0002.227
-02.0647	-00.0259	0002.228
-02.0626	-00.0256	0002.229
-02.0595	-00.0256	0002.230
-02.0571	-00.0259	0002.231
-02.0540	-00.0253	0002.232
-02.0513	-00.0256	0002.233
-02.0485	-00.0259	0002.234
-02.0461	-00.0256	0002.235
-02.0433	-00.0253	0002.236
-02.0406	-00.0256	0002.237
-02.0382	-00.0259	0002.238
-02.0354	-00.0256	0002.239
-02.0327	-00.0259	0002.240
-02.0302	-00.0256	0002.241
-02.0278	-00.0256	0002.242
-02.0244	-00.0256	0002.243
-02.0220	-00.0253	0002.244
-02.0192	-00.0256	0002.245
-02.0165	-00.0253	0002.246
-02.0137	-00.0256	0002.247
-02.0113	-00.0259	0002.248
-02.0079	-00.0256	0002.249
-02.0064	-00.0256	0002.250
-02.0037	-00.0256	0002.251
-02.0006	-00.0256	0002.252
-01.9982	-00.0253	0002.253
-01.9954	-00.0253	0002.254
-01.9927	-00.0253	0002.255
-01.9899	-00.0253	0002.256
-01.9875	-00.0256	0002.257
-01.9851	-00.0256	0002.258
-01.9820	-00.0253	0002.259
-01.9790	-00.0256	0002.260
-01.9765	-00.0256	0002.261
-01.9741	-00.0253	0002.262
-01.9707	-00.0253	0002.263
-01.9686	-00.0256	0002.264
-01.9655	-00.0253	0002.265
-01.9631	-00.0250	0002.266
-01.9603	-00.0253	0002.267
-01.9579	-00.0253	0002.268
-01.9555	-00.0253	0002.269
-01.9530	-00.0256	0002.270
-01.9497	-00.0253	0002.271
-01.9475	-00.0253	0002.272
-01.9445	-00.0250	0002.273
-01.9420	-00.0253	0002.274
-01.9393	-00.0256	0002.275
-01.9371	-00.0253	0002.276
-01.9341	-00.0250	0002.277
-01.9310	-00.0253	0002.278
-01.9286	-00.0256	0002.279
-01.9259	-00.0259	0002.280
-01.9234	-00.0250	0002.281
-01.9204	-00.0250	0002.282
-01.9179	-00.0253	0002.283
-01.9155	-00.0253	0002.284
-01.9130	-00.0253	0002.285
-01.9097	-00.0253	0002.286
-01.9075	-00.0253	0002.287
-01.9048	-00.0256	0002.288
-01.9020	-00.0253	0002.289
-01.8996	-00.0250	0002.290
-01.8962	-00.0253	0002.291
-01.8941	-00.0253	0002.292
-01.8911	-00.0253	0002.293
-01.8883	-00.0250	0002.294
-01.8859	-00.0253	0002.295
-01.8831	-00.0247	0002.296
-01.8804	-00.0250	0002.297
-01.8776	-00.0253	0002.298
-01.8758	-00.0250	0002.299
-01.8731	-00.0247	0002.300
-01.8697	-00.0253	0002.301
-01.8673	-00.0247	0002.302
-01.8642	-00.0250	0002.303
-01.8624	-00.0253	0002.304
-01.8590	-00.0253	0002.305
-01.8563	-00.0253	0002.306
-01.8538	-00.0250	0002.307
-01.8511	-00.0244	0002.308
-01.8483	-00.0250	0002.309
-01.8459	-00.0253	0002.310
-01.8431	-00.0247	0002.311
-01.8398	-00.0247	0002.312
-01.8380	-00.0247	0002.313
-01.8355	-00.0250	0002.314
-01.8328	-00.0247	0002.315
-01.8297	-00.0247	0002.316
-01.8270	-00.0250	0002.317
-01.8248	-00.0247	0002.318
-01.8218	-00.0247	0002.319
-01.8184	-00.0250	0002.320
-01.8166	-00.0253	0002.321
-01.8139	-00.0247	0002.322
-01.8108	-00.0244	0002.323
-01.8081	-00.0253	0002.324
-01.8056	-00.0247	0002.325
-01.8029	-00.0250	0002.326
-01.8001	-00.0247	0002.327
-01.7977	-00.0247	0002.328
-01.7943	-00.0250	0002.329
-01.7919	-00.0250	0002.330
-01.7897	-00.0247	0002.331
-01.7870	-00.0250	0002.332
-01.7839	-00.0247	0002.333
-01.7815	-00.0247	0002.334
-01.7794	-00.0247	0002.335
-01.7757	-00.0247	0002.336
-01.7736	-00.0247	0002.337
-01.7711	-00.0250	0002.338
-01.7678	-00.0250	0002.339
-01.7659	-00.0241	0002.340
-01.7632	-00.0247	0002.341
-01.7601	-00.0244	0002.342
-01.7580	-00.0253	0002.343
-01.7553	-00.0247	0002.344
-01.7525	-00.0244	0002.345
-01.7495	-00.0253	0002.346
-01.7464	-00.0241	0002.347
-01.7446	-00.0244	0002.348
-01.7415	-00.0244	0002.349
-01.7394	-00.0247	0002.350
-01.7360	-00.0241	0002.351
-01.7336	-00.0247	0002.352
-01.7308	-00.0244	0002.353
-01.7281	-00.0247	0002.354
-01.7257	-00.0247	0002.355
-01.7232	-00.0244	0002.356
-01.7205	-00.0247	0002.357
-01.7177	-00.0244	0002.358
-01.7153	-00.0250	0002.359
-01.7125	-00.0244	0002.360
-01.7095	-00.0241	0002.361
-01.7070	-00.0244	0002.362
-01.7037	-00.0244	0002.363
-01.7022	-00.0247	0002.364
-01.6985	-00.0247	0002.365
-01.6964	-00.0241	0002.366
-01.6933	-00.0241	0002.367
-01.6912	-00.0241	0002.368
-01.6881	-00.0244	0002.369
-01.6857	-00.0244	0002.370
-01.6829	-00.0250	0002.371
-01.6805	-00.0247	0002.372
-01.6780	-00.0247	0002.373
-01.6744	-00.0241	0002.374
-01.6719	-00.0247	0002.375
-01.6698	-00.0241	0002.376
-01.6668	-00.0247	0002.377
-01.6640	-00.0241	0002.378
-01.6616	-00.0247	0002.379
-01.6591	-00.0241	0002.380
-01.6561	-00.0241	0002.381
-01.6530	-00.0244	0002.382
-01.6503	-00.0241	0002.383
-01.6481	-00.0238	0002.384
-01.6454	-00.0247	0002.385
-01.6430	-00.0241	0002.386
-01.6402	-00.0241	0002.387
-01.6375	-00.0238	0002.388
-01.6344	-00.0241	0002.389
-01.6320	-00.0241	0002.390
-01.6295	-00.0241	0002.391
-01.6274	-00.0241	0002.392
-01.6237	-00.0241	0002.393
-01.6210	-00.0241	0002.394
-01.6188	-00.0241	0002.395
-01.6158	-00.0244	0002.396
-01.6134	-00.0244	0002.397
-01.6112	-00.0235	0002.398
-01.6082	-00.0241	0002.399
-01.6054	-00.0238	0002.400
-01.6024	-00.0241	0002.401
-01.6005	-00.0238	0002.402
-01.5972	-00.0241	0002.403
-01.5941	-00.0241	0002.404
-01.5920	-00.0238	0002.405
-01.5895	-00.0238	0002.406
-01.5865	-00.0244	0002.407
-01.5841	-00.0241	0002.408
-01.5807	-00.0241	0002.409
-01.5792	-00.0238	0002.410
-01.5761	-00.0241	0002.411
-01.5737	-00.0244	0002.412
-01.5706	-00.0235	0002.413
-01.5682	-00.0238	0002.414
-01.5651	-00.0238	0002.415
-01.5624	-00.0244	0002.416
-01.5596	-00.0238	0002.417
-01.5575	-00.0241	0002.418
-01.5545	-00.0238	0002.419
-01.5517	-00.0241	0002.420
-01.5499	-00.0238	0002.421
-01.5468	-00.0241	0002.422
-01.5441	-00.0241	0002.423
-01.5407	-00.0241	0002.424
-01.5386	-00.0238	0002.425
-01.5358	-00.0232	0002.426
-01.5331	-00.0238	0002.427
-01.5303	-00.0241	0002.428
-01.5279	-00.0232	0002.429
-01.5255	-00.0235	0002.430
-01.5230	-00.0241	0002.431
-01.5197	-00.0238	0002.432
-01.5172	-00.0238	0002.433
-01.5145	-00.0241	0002.434
-01.5120	-00.0235	0002.435
-01.5087	-00.0238	0002.436
-01.5071	-00.0238	0002.437
-01.5038	-00.0235	0002.438
-01.5010	-00.0241	0002.439
-01.4986	-00.0235	0002.440
-01.4959	-00.0238	0002.441
-01.4934	-00.0238	0002.442
-01.4901	-00.0241	0002.443
-01.4876	-00.0235	0002.444
-01.4852	-00.0235	0002.445
-01.4821	-00.0229	0002.446
-01.4800	-00.0232	0002.447
-01.4772	-00.0235	0002.448
-01.4745	-00.0235	0002.449
-01.4717	-00.0235	0002.450
-01.4690	-00.0232	0002.451
-01.4669	-00.0241	0002.452
-01.4638	-00.0235	0002.453
-01.4608	-00.0235	0002.454
-01.4583	-00.0235	0002.455
-01.4562	-00.0235	0002.456
-01.4528	-00.0232	0002.457
-01.4507	-00.0232	0002.458
-01.4473	-00.0238	0002.459
-01.4449	-00.0232	0002.460
-01.4431	-00.0235	0002.461
-01.4397	-00.0235	0002.462
-01.4370	-00.0232	0002.463
-01.4342	-00.0232	0002.464
-01.4321	-00.0238	0002.465
-01.4287	-00.0235	0002.466
-01.4266	-00.0235	0002.467
-01.4241	-00.0235	0002.468
-01.4211	-00.0232	0002.469
-01.4183	-00.0232	0002.470
-01.4156	-00.0232	0002.471
-01.4132	-00.0232	0002.472
-01.4098	-00.0232	0002.473
-01.4077	-00.0232	0002.474
-01.4049	-00.0235	0002.475
-01.4022	-00.0238	0002.476
-01.3997	-00.0232	0002.477
-01.3973	-00.0235	0002.478
-01.3948	-00.0232	0002.479
-01.3918	-00.0235	0002.480
-01.3890	-00.0229	0002.481
-01.3863	-00.0232	0002.482
-01.3839	-00.0229	0002.483
-01.3811	-00.0232	0002.484
-01.3781	-00.0238	0002.485
-01.3759	-00.0229	0002.486
-01.3729	-00.0229	0002.487
-01.3704	-00.0229	0002.488
-01.3680	-00.0229	0002.489
-01.3655	-00.0235	0002.490
-01.3631	-00.0232	0002.491
-01.3594	-00.0232	0002.492
-01.3570	-00.0232	0002.493
-01.3546	-00.0229	0002.494
-01.3515	-00.0229	0002.495
-01.3491	-00.0229	0002.496
-01.3460	-00.0229	0002.497
-01.3436	-00.0235	0002.498
-01.3408	-00.0232	0002.499
-01.3387	-00.0232	0002.500
-01.3356	-00.0229	0002.501
-01.3332	-00.0229	0002.502
-01.3301	-00.0232	0002.503
-01.3277	-00.0229	0002.504
-01.3250	-00.0222	0002.505
-01.3228	-00.0225	0002.506
-01.3198	-00.0225	0002.507
-01.3170	-00.0229	0002.508
-01.3143	-00.0229	0002.509
-01.3118	-00.0225	0002.510
-01.3085	-00.0229	0002.511
-01.3057	-00.0229	0002.512
-01.3036	-00.0229	0002.513
-01.3012	-00.0229	0002.514
-01.2981	-00.0222	0002.515
-01.2957	-00.0229	0002.516
-01.2929	-00.0229	0002.517
-01.2902	-00.0225	0002.518
-01.2874	-00.0229	0002.519
-01.2850	-00.0225	0002.520
-01.2828	-00.0225	0002.521
-01.2792	-00.0229	0002.522
-01.2770	-00.0225	0002.523
-01.2746	-00.0225	0002.524
-01.2716	-00.0225	0002.525
-01.2688	-00.0225	0002.526
-01.2661	-00.0229	0002.527
-01.2642	-00.0225	0002.528
-01.2612	-00.0225	0002.529
-01.2581	-00.0229	0002.530
-01.2557	-00.0219	0002.531
-01.2526	-00.0225	0002.532
-01.2505	-00.0225	0002.533
-01.2471	-00.0225	0002.534
-01.2444	-00.0222	0002.535
-01.2420	-00.0225	0002.536
-01.2398	-00.0225	0002.537
-01.2368	-00.0225	0002.538
-01.2343	-00.0225	0002.539
-01.2316	-00.0222	0002.540
-01.2288	-00.0222	0002.541
-01.2261	-00.0225	0002.542
-01.2239	-00.0225	0002.543
-01.2206	-00.0219	0002.544
-01.2178	-00.0229	0002.545
-01.2154	-00.0229	0002.546
-01.2130	-00.0219	0002.547
-01.2096	-00.0222	0002.548
-01.2075	-00.0225	0002.549
-01.2044	-00.0229	0002.550
-01.2023	-00.0222	0002.551
-01.1995	-00.0216	0002.552
-01.1962	-00.0219	0002.553
-01.1940	-00.0222	0002.554
-01.1913	-00.0222	0002.555
-01.1885	-00.0222	0002.556
-01.1855	-00.0222	0002.557
-01.1834	-00.0222	0002.558
-01.1809	-00.0222	0002.559
-01.1779	-00.0222	0002.560
-01.1754	-00.0222	0002.561
-01.1727	-00.0222	0002.562
-01.1699	-00.0219	0002.563
-01.1669	-00.0222	0002.564
-01.1647	-00.0219	0002.565
-01.1623	-00.0222	0002.566
-01.1596	-00.0222	0002.567
-01.1568	-00.0225	0002.568
-01.1538	-00.0222	0002.569
-01.1513	-00.0219	0002.570
-01.1483	-00.0222	0002.571
-01.1458	-00.0219	0002.572
-01.1428	-00.0219	0002.573
-01.1406	-00.0219	0002.574
-01.1379	-00.0219	0002.575
-01.1354	-00.0219	0002.576
-01.1324	-00.0219	0002.577
-01.1300	-00.0219	0002.578
-01.1272	-00.0219	0002.579
-01.1245	-00.0219	0002.580
-01.1220	-00.0222	0002.581
-01.1193	-00.0219	0002.582
-01.1165	-00.0216	0002.583
-01.1138	-00.0219	0002.584
-01.1110	-00.0219	0002.585
-01.1086	-00.0222	0002.586
-01.1058	-00.0216	0002.587
-01.1031	-00.0216	0002.588
-01.1010	-00.0222	0002.589
-01.0979	-00.0213	0002.590
-01.0952	-00.0216	0002.591
-01.0924	-00.0216	0002.592
-01.0900	-00.0216	0002.593
-01.0872	-00.0216	0002.594
-01.0848	-00.0216	0002.595
-01.0817	-00.0219	0002.596
-01.0796	-00.0216	0002.597
-01.0765	-00.0216	0002.598
-01.0735	-00.0216	0002.599
-01.0714	-00.0216	0002.600
-01.0689	-00.0213	0002.601
-01.0659	-00.0219	0002.602
-01.0631	-00.0219	0002.603
-01.0604	-00.0216	0002.604
-01.0585	-00.0213	0002.605
-01.0549	-00.0219	0002.606
-01.0524	-00.0216	0002.607
-01.0497	-00.0216	0002.608
-01.0476	-00.0213	0002.609
-01.0448	-00.0216	0002.610
-01.0418	-00.0213	0002.611
-01.0390	-00.0210	0002.612
-01.0366	-00.0216	0002.613
-01.0338	-00.0213	0002.614
-01.0311	-00.0213	0002.615
-01.0286	-00.0219	0002.616
-01.0262	-00.0210	0002.617
-01.0228	-00.0213	0002.618
-01.0201	-00.0216	0002.619
-01.0183	-00.0213	0002.620
-01.0152	-00.0216	0002.621
-01.0125	-00.0216	0002.622
-01.0097	-00.0216	0002.623
-01.0073	-00.0213	0002.624
-01.0045	-00.0213	0002.625
-01.0015	-00.0210	0002.626
-00.9993	-00.0210	0002.627
-00.9966	-00.0210	0002.628
-00.9935	-00.0210	0002.629
-00.9911	-00.0210	0002.630
-00.9884	-00.0210	0002.631
-00.9856	-00.0210	0002.632
-00.9835	-00.0210	0002.633
-00.9804	-00.0213	0002.634
-00.9780	-00.0213	0002.635
-00.9752	-00.0216	0002.636
-00.9722	-00.0210	0002.637
-00.9694	-00.0210	0002.638
-00.9673	-00.0207	0002.639
-00.9642	-00.0210	0002.640
-00.9618	-00.0207	0002.641
-00.9584	-00.0210	0002.642
-00.9560	-00.0210	0002.643
-00.9536	-00.0210	0002.644
-00.9514	-00.0210	0002.645
-00.9481	-00.0210	0002.646
-00.9456	-00.0207	0002.647
-00.9432	-00.0210	0002.648
-00.9401	-00.0210	0002.649
-00.9377	-00.0210	0002.650
-00.9353	-00.0210	0002.651
-00.9325	-00.0207	0002.652
-00.9298	-00.0210	0002.653
-00.9273	-00.0210	0002.654
-00.9243	-00.0207	0002.655
-00.9221	-00.0210	0002.656
-00.9191	-00.0207	0002.657
-00.9163	-00.0210	0002.658
-00.9136	-00.0207	0002.659
-00.9105	-00.0210	0002.660
-00.9078	-00.0207	0002.661
-00.9060	-00.0210	0002.662
-00.9029	-00.0207	0002.663
-00.9005	-00.0210	0002.664
-00.8977	-00.0207	0002.665
-00.8947	-00.0210	0002.666
-00.8919	-00.0204	0002.667
-00.8895	-00.0210	0002.668
-00.8873	-00.0207	0002.669
-00.8840	-00.0210	0002.670
-00.8815	-00.0207	0002.671
-00.8782	-00.0204	0002.672
-00.8760	-00.0207	0002.673
-00.8736	-00.0207	0002.674
-00.8706	-00.0207	0002.675
-00.8687	-00.0207	0002.676
-00.8657	-00.0210	0002.677
-00.8629	-00.0198	0002.678
-00.8605	-00.0204	0002.679
-00.8571	-00.0204	0002.680
-00.8550	-00.0204	0002.681
-00.8519	-00.0201	0002.682
-00.8495	-00.0204	0002.683
-00.8471	-00.0204	0002.684
-00.8440	-00.0204	0002.685
-00.8416	-00.0204	0002.686
-00.8388	-00.0204	0002.687
-00.8361	-00.0207	0002.688
-00.8339	-00.0204	0002.689
-00.8306	-00.0192	0002.690
-00.8275	-00.0201	0002.691
-00.8257	-00.0201	0002.692
-00.8229	-00.0198	0002.693
-00.8202	-00.0204	0002.694
-00.8171	-00.0201	0002.695
-00.8150	-00.0207	0002.696
-00.8117	-00.0204	0002.697
-00.8089	-00.0204	0002.698
-00.8068	-00.0201	0002.699
-00.8043	-00.0204	0002.700
-00.8013	-00.0198	0002.701
-00.7988	-00.0204	0002.702
-00.7961	-00.0204	0002.703
-00.7940	-00.0201	0002.704
-00.7903	-00.0201	0002.705
-00.7885	-00.0201	0002.706
-00.7851	-00.0201	0002.707
-00.7830	-00.0201	0002.708
-00.7802	-00.0201	0002.709
-00.7778	-00.0201	0002.710
-00.7750	-00.0201	0002.711
-00.7723	-00.0204	0002.712
-00.7698	-00.0198	0002.713
-00.7668	-00.0201	0002.714
-00.7647	-00.0195	0002.715
-00.7613	-00.0204	0002.716
-00.7586	-00.0195	0002.717
-00.7555	-00.0201	0002.718
-00.7534	-00.0201	0002.719
-00.7509	-00.0204	0002.720
-00.7479	-00.0195	0002.721
-00.7454	-00.0201	0002.722
-00.7430	-00.0198	0002.723
-00.7405	-00.0198	0002.724
-00.7372	-00.0198	0002.725
-00.7344	-00.0198	0002.726
-00.7323	-00.0198	0002.727
-00.7293	-00.0198	0002.728
-00.7265	-00.0195	0002.729
-00.7238	-00.0201	0002.730
-00.7216	-00.0198	0002.731
-00.7186	-00.0201	0002.732
-00.7155	-00.0198	0002.733
-00.7134	-00.0198	0002.734
-00.7109	-00.0198	0002.735
-00.7079	-00.0198	0002.736
-00.7048	-00.0192	0002.737
-00.7027	-00.0192	0002.738
-00.7000	-00.0195	0002.739
-00.6975	-00.0198	0002.740
-00.6945	-00.0198	0002.741
-00.6917	-00.0192	0002.742
-00.6893	-00.0195	0002.743
-00.6868	-00.0198	0002.744
-00.6838	-00.0192	0002.745
-00.6813	-00.0195	0002.746
-00.6786	-00.0195	0002.747
-00.6762	-00.0195	0002.748
-00.6728	-00.0195	0002.749
-00.6707	-00.0192	0002.750
-00.6682	-00.0192	0002.751
-00.6655	-00.0198	0002.752
-00.6630	-00.0192	0002.753
-00.6600	-00.0192	0002.754
-00.6572	-00.0192	0002.755
-00.6545	-00.0195	0002.756
-00.6524	-00.0192	0002.757
-00.6490	-00.0192	0002.758
-00.6466	-00.0192	0002.759
-00.6438	-00.0192	0002.760
-00.6411	-00.0195	0002.761
-00.6386	-00.0192	0002.762
-00.6356	-00.0192	0002.763
-00.6334	-00.0189	0002.764
-00.6307	-00.0195	0002.765
-00.6279	-00.0192	0002.766
-00.6252	-00.0189	0002.767
-00.6231	-00.0189	0002.768
-00.6200	-00.0189	0002.769
-00.6173	-00.0192	0002.770
-00.6142	-00.0189	0002.771
-00.6121	-00.0189	0002.772
-00.6087	-00.0189	0002.773
-00.6060	-00.0189	0002.774
-00.6038	-00.0192	0002.775
-00.6014	-00.0189	0002.776
-00.5989	-00.0192	0002.777
-00.5962	-00.0189	0002.778
-00.5928	-00.0192	0002.779
-00.5907	-00.0189	0002.780
-00.5877	-00.0189	0002.781
-00.5852	-00.0189	0002.782
-00.5819	-00.0192	0002.783
-00.5800	-00.0186	0002.784
-00.5776	-00.0192	0002.785
-00.5745	-00.0186	0002.786
-00.5715	-00.0186	0002.787
-00.5693	-00.0189	0002.788
-00.5666	-00.0186	0002.789
-00.5639	-00.0183	0002.790
-00.5608	-00.0183	0002.791
-00.5590	-00.0186	0002.792
-00.5559	-00.0186	0002.793
-00.5526	-00.0192	0002.794
-00.5504	-00.0189	0002.795
-00.5483	-00.0189	0002.796
-00.5449	-00.0183	0002.797
-00.5425	-00.0189	0002.798
-00.5391	-00.0186	0002.799
-00.5370	-00.0186	0002.800
-00.5342	-00.0183	0002.801
-00.5318	-00.0183	0002.802
-00.5291	-00.0186	0002.803
-00.5266	-00.0186	0002.804
-00.5236	-00.0186	0002.805
-00.5211	-00.0183	0002.806
-00.5190	-00.0186	0002.807
-00.5159	-00.0186	0002.808
-00.5126	-00.0186	0002.809
-00.5101	-00.0186	0002.810
-00.5074	-00.0183	0002.811
-00.5056	-00.0186	0002.812
-00.5025	-00.0183	0002.813
-00.4998	-00.0180	0002.814
-00.4970	-00.0183	0002.815
-00.4943	-00.0180	0002.816
-00.4915	-00.0183	0002.817
-00.4891	-00.0180	0002.818
-00.4863	-00.0183	0002.819
-00.4836	-00.0183	0002.820
-00.4805	-00.0183	0002.821
-00.4787	-00.0183	0002.822
-00.4757	-00.0183	0002.823
-00.4732	-00.0180	0002.824
-00.4702	-00.0180	0002.825
-00.4677	-00.0186	0002.826
-00.4647	-00.0183	0002.827
-00.4628	-00.0180	0002.828
-00.4595	-00.0177	0002.829
-00.4573	-00.0180	0002.830
-00.4543	-00.0180	0002.831
-00.4519	-00.0180	0002.832
-00.4491	-00.0177	0002.833
-00.4464	-00.0183	0002.834
-00.4439	-00.0177	0002.835
-00.4412	-00.0183	0002.836
-00.4384	-00.0180	0002.837
-00.4357	-00.0180	0002.838
-00.4329	-00.0177	0002.839
-00.4305	-00.0180	0002.840
-00.4274	-00.0177	0002.841
-00.4250	-00.0180	0002.842
-00.4222	-00.0177	0002.843
-00.4192	-00.0177	0002.844
-00.4171	-00.0183	0002.845
-00.4146	-00.0177	0002.846
-00.4119	-00.0177	0002.847
-00.4082	-00.0174	0002.848
-00.4067	-00.0177	0002.849
-00.4036	-00.0180	0002.850
-00.4009	-00.0174	0002.851
-00.3981	-00.0174	0002.852
-00.3960	-00.0174	0002.853
-00.3930	-00.0174	0002.854
-00.3899	-00.0174	0002.855
-00.3878	-00.0174	0002.856
-00.3847	-00.0174	0002.857
-00.3823	-00.0174	0002.858
-00.3798	-00.0174	0002.859
-00.3774	-00.0177	0002.860
-00.3740	-00.0174	0002.861
-00.3713	-00.0174	0002.862
-00.3685	-00.0177	0002.863
-00.3664	-00.0177	0002.864
-00.3640	-00.0174	0002.865
-00.3606	-00.0177	0002.866
-00.3582	-00.0174	0002.867
-00.3557	-00.0177	0002.868
-00.3533	-00.0167	0002.869
-00.3499	-00.0174	0002.870
-00.3478	-00.0171	0002.871
-00.3444	-00.0174	0002.872
-00.3423	-00.0174	0002.873
-00.3392	-00.0174	0002.874
-00.3365	-00.0171	0002.875
-00.3344	-00.0174	0002.876
-00.3313	-00.0171	0002.877
-00.3286	-00.0171	0002.878
-00.3264	-00.0171	0002.879
-00.3234	-00.0174	0002.880
-00.3206	-00.0171	0002.881
-00.3179	-00.0174	0002.882
-00.3157	-00.0171	0002.883
-00.3127	-00.0167	0002.884
-00.3099	-00.0171	0002.885
-00.3075	-00.0171	0002.886
-00.3051	-00.0161	0002.887
-00.3020	-00.0167	0002.888
-00.2990	-00.0171	0002.889
-00.2968	-00.0171	0002.890
-00.2944	-00.0171	0002.891
-00.2913	-00.0167	0002.892
-00.2889	-00.0174	0002.893
-00.2858	-00.0167	0002.894
-00.2834	-00.0167	0002.895
-00.2810	-00.0171	0002.896
-00.2779	-00.0171	0002.897
-00.2758	-00.0167	0002.898
-00.2727	-00.0167	0002.899
-00.2700	-00.0171	0002.900
-00.2675	-00.0167	0002.901
-00.2651	-00.0167	0002.902
-00.2620	-00.0164	0002.903
-00.2593	-00.0164	0002.904
-00.2562	-00.0164	0002.905
-00.2541	-00.0164	0002.906
-00.2520	-00.0164	0002.907
-00.2483	-00.0171	0002.908
-00.2456	-00.0161	0002.909
-00.2437	-00.0164	0002.910
-00.2407	-00.0164	0002.911
-00.2379	-00.0167	0002.912
-00.2352	-00.0161	0002.913
-00.2327	-00.0164	0002.914
-00.2303	-00.0164	0002.915
-00.2272	-00.0167	0002.916
-00.2245	-00.0161	0002.917
-00.2217	-00.0161	0002.918
-00.2193	-00.0158	0002.919
-00.2163	-00.0164	0002.920
-00.2144	-00.0167	0002.921
-00.2111	-00.0158	0002.922
-00.2089	-00.0164	0002.923
-00.2062	-00.0161	0002.924
-00.2034	-00.0161	0002.925
-00.2004	-00.0161	0002.926
-00.1983	-00.0161	0002.927
-00.1952	-00.0161	0002.928
-00.1928	-00.0161	0002.929
-00.1897	-00.0161	0002.930
-00.1873	-00.0158	0002.931
-00.1851	-00.0161	0002.932
-00.1818	-00.0158	0002.933
-00.1799	-00.0158	0002.934
-00.1766	-00.0161	0002.935
-00.1732	-00.0158	0002.936
-00.1711	-00.0161	0002.937
-00.1690	-00.0158	0002.938
-00.1656	-00.0161	0002.939
-00.1632	-00.0140	0002.940
-00.1607	-00.0161	0002.941
-00.1583	-00.0158	0002.942
-00.1552	-00.0158	0002.943
-00.1528	-00.0155	0002.944
-00.1503	-00.0161	0002.945
-00.1476	-00.0158	0002.946
-00.1445	-00.0158	0002.947
-00.1418	-00.0158	0002.948
-00.1397	-00.0155	0002.949
-00.1369	-00.0161	0002.950
-00.1339	-00.0158	0002.951
-00.1314	-00.0161	0002.952
-00.1287	-00.0155	0002.953
-00.1256	-00.0155	0002.954
-00.1232	-00.0155	0002.955
-00.1207	-00.0155	0002.956
-00.1177	-00.0152	0002.957
-00.1146	-00.0155	0002.958
-00.1125	-00.0149	0002.959
-00.1104	-00.0155	0002.960
-00.1070	-00.0155	0002.961
-00.1046	-00.0152	0002.962
-00.1021	-00.0158	0002.963
-00.0991	-00.0155	0002.964
-00.0966	-00.0152	0002.965
-00.0939	-00.0152	0002.966
-00.0911	-00.0161	0002.967
-00.0881	-00.0152	0002.968
-00.0859	-00.0149	0002.969
-00.0829	-00.0152	0002.970
-00.0808	-00.0149	0002.971
-00.0777	-00.0152	0002.972
-00.0753	-00.0149	0002.973
-00.0728	-00.0149	0002.974
-00.0701	-00.0146	0002.975
-00.0670	-00.0149	0002.976
-00.0643	-00.0152	0002.977
-00.0615	-00.0149	0002.978
-00.0594	-00.0149	0002.979
-00.0563	-00.0149	0002.980
-00.0539	-00.0149	0002.981
-00.0512	-00.0152	0002.982
-00.0478	-00.0149	0002.983
-00.0460	-00.0152	0002.984
-00.0432	-00.0149	0002.985
-00.0402	-00.0146	0002.986
-00.0380	-00.0146	0002.987
-00.0350	-00.0149	0002.988
-00.0328	-00.0152	0002.989
-00.0298	-00.0146	0002.990
-00.0270	-00.0149	0002.991
-00.0240	-00.0146	0002.992
-00.0222	-00.0143	0002.993
-00.0191	-00.0146	0002.994
-00.0170	-00.0149	0002.995
-00.0136	-00.0146	0002.996
-00.0109	-00.0143	0002.997
-00.0087	-00.0143	0002.998
-00.0057	-00.0146	0002.999
