R,Ohm	C,pF	Temp,C
0000000000	0000100000	+025.00
Ch1,V	Ch2,V	Time,s
-00.0002	-00.0006	0000.000
-00.0005	-00.0006	0000.001
-00.0039	-00.0003	0000.002
-00.0084	-00.0003	0000.003
-00.0124	-00.0009	0000.004
-00.0161	-00.0006	0000.005
-00.0200	-00.0012	0000.006
-00.0240	-00.0009	0000.007
-00.0277	-00.0009	0000.008
-00.0319	-00.0006	0000.009
-00.0362	-00.0012	0000.010
-00.0405	-00.0006	0000.011
-00.0441	-00.0009	0000.012
-00.0481	-00.0012	0000.013
-00.0521	-00.0009	0000.014
-00.0560	-00.0009	0000.015
-00.0603	-00.0009	0000.016
-00.0640	-00.0009	0000.017
-00.0679	-00.0009	0000.018
-00.0722	-00.0009	0000.019
-00.0765	-00.0009	0000.020
-00.0805	-00.0006	0000.021
-00.0844	-00.0009	0000.022
-00.0887	-00.0012	0000.023
-00.0924	-00.0012	0000.024
-00.0963	-00.0009	0000.025
-00.0997	-00.0009	0000.026
-00.1040	-00.0012	0000.027
-00.1085	-00.0009	0000.028
-00.1119	-00.0012	0000.029
-00.1162	-00.0015	0000.030
-00.1207	-00.0012	0000.031
-00.1238	-00.0012	0000.032
-00.1284	-00.0018	0000.033
-00.1323	-00.0012	0000.034
-00.1363	-00.0015	0000.035
-00.1403	-00.0015	0000.036
-00.1442	-00.0009	0000.037
-00.1482	-00.0015	0000.038
-00.1522	-00.0015	0000.039
-00.1567	-00.0012	0000.040
-00.1601	-00.0012	0000.041
-00.1644	-00.0018	0000.042
-00.1680	-00.0015	0000.043
-00.1720	-00.0015	0000.044
-00.1760	-00.0009	0000.045
-00.1802	-00.0015	0000.046
-00.1839	-00.0012	0000.047
-00.1882	-00.0018	0000.048
-00.1925	-00.0015	0000.049
-00.1958	-00.0015	0000.050
-00.2004	-00.0015	0000.051
-00.2044	-00.0012	0000.052
-00.2080	-00.0021	0000.053
-00.2123	-00.0015	0000.054
-00.2163	-00.0018	0000.055
-00.2202	-00.0015	0000.056
-00.2239	-00.0018	0000.057
-00.2285	-00.0015	0000.058
-00.2327	-00.0015	0000.059
-00.2364	-00.0015	0000.060
-00.2404	-00.0018	0000.061
-00.2443	-00.0018	0000.062
-00.2483	-00.0018	0000.063
-00.2517	-00.0018	0000.064
-00.2562	-00.0018	0000.065
-00.2605	-00.0015	0000.066
-00.2645	-00.0018	0000.067
-00.2684	-00.0024	0000.068
-00.2724	-00.0021	0000.069
-00.2767	-00.0018	0000.070
-00.2803	-00.0021	0000.071
-00.2843	-00.0015	0000.072
-00.2883	-00.0018	0000.073
-00.2919	-00.0021	0000.074
-00.2968	-00.0015	0000.075
-00.3008	-00.0024	0000.076
-00.3045	-00.0015	0000.077
-00.3084	-00.0021	0000.078
-00.3127	-00.0021	0000.079
-00.3167	-00.0018	0000.080
-00.3206	-00.0021	0000.081
-00.3249	-00.0021	0000.082
-00.3286	-00.0018	0000.083
-00.3322	-00.0021	0000.084
-00.3365	-00.0021	0000.085
-00.3405	-00.0021	0000.086
-00.3441	-00.0018	0000.087
-00.3490	-00.0021	0000.088
-00.3524	-00.0024	0000.089
-00.3560	-00.0024	0000.090
-00.3606	-00.0024	0000.091
-00.3646	-00.0027	0000.092
-00.3682	-00.0024	0000.093
-00.3725	-00.0024	0000.094
-00.3762	-00.0027	0000.095
-00.3804	-00.0024	0000.096
-00.3847	-00.0024	0000.097
-00.3887	-00.0027	0000.098
-00.3930	-00.0027	0000.099
-00.3966	-00.0021	0000.100
-00.4006	-00.0024	0000.101
-00.4045	-00.0024	0000.102
-00.4085	-00.0024	0000.103
-00.4131	-00.0027	0000.104
-00.4165	-00.0027	0000.105
-00.4204	-00.0027	0000.106
-00.4247	-00.0024	0000.107
-00.4290	-00.0027	0000.108
-00.4326	-00.0021	0000.109
-00.4366	-00.0027	0000.110
-00.4406	-00.0027	0000.111
-00.4448	-00.0030	0000.112
-00.4485	-00.0027	0000.113
-00.4528	-00.0024	0000.114
-00.4567	-00.0030	0000.115
-00.4610	-00.0024	0000.116
-00.4647	-00.0030	0000.117
-00.4686	-00.0027	0000.118
-00.4726	-00.0030	0000.119
-00.4769	-00.0030	0000.120
-00.4805	-00.0033	0000.121
-00.4845	-00.0027	0000.122
-00.4888	-00.0030	0000.123
-00.4927	-00.0033	0000.124
-00.4967	-00.0027	0000.125
-00.5010	-00.0033	0000.126
-00.5046	-00.0027	0000.127
-00.5086	-00.0027	0000.128
-00.5129	-00.0033	0000.129
-00.5165	-00.0027	0000.130
-00.5205	-00.0033	0000.131
-00.5248	-00.0030	0000.132
-00.5291	-00.0030	0000.133
-00.5327	-00.0030	0000.134
-00.5367	-00.0033	0000.135
-00.5413	-00.0030	0000.136
-00.5446	-00.0033	0000.137
-00.5489	-00.0033	0000.138
-00.5529	-00.0033	0000.139
-00.5565	-00.0030	0000.140
-00.5605	-00.0033	0000.141
-00.5648	-00.0033	0000.142
-00.5690	-00.0036	0000.143
-00.5730	-00.0036	0000.144
-00.5770	-00.0036	0000.145
-00.5806	-00.0036	0000.146
-00.5849	-00.0033	0000.147
-00.5889	-00.0042	0000.148
-00.5922	-00.0039	0000.149
-00.5968	-00.0033	0000.150
-00.6011	-00.0036	0000.151
-00.6054	-00.0033	0000.152
-00.6090	-00.0036	0000.153
-00.6127	-00.0036	0000.154
-00.6170	-00.0036	0000.155
-00.6206	-00.0033	0000.156
-00.6249	-00.0036	0000.157
-00.6289	-00.0039	0000.158
-00.6328	-00.0036	0000.159
-00.6368	-00.0039	0000.160
-00.6408	-00.0036	0000.161
-00.6450	-00.0036	0000.162
-00.6490	-00.0042	0000.163
-00.6530	-00.0039	0000.164
-00.6566	-00.0036	0000.165
-00.6609	-00.0042	0000.166
-00.6646	-00.0039	0000.167
-00.6691	-00.0039	0000.168
-00.6731	-00.0039	0000.169
-00.6771	-00.0036	0000.170
-00.6810	-00.0042	0000.171
-00.6853	-00.0042	0000.172
-00.6893	-00.0039	0000.173
-00.6929	-00.0042	0000.174
-00.6969	-00.0045	0000.175
-00.7009	-00.0042	0000.176
-00.7048	-00.0039	0000.177
-00.7088	-00.0045	0000.178
-00.7134	-00.0042	0000.179
-00.7177	-00.0042	0000.180
-00.7210	-00.0045	0000.181
-00.7253	-00.0045	0000.182
-00.7293	-00.0042	0000.183
-00.7332	-00.0045	0000.184
-00.7369	-00.0045	0000.185
-00.7409	-00.0042	0000.186
-00.7448	-00.0045	0000.187
-00.7494	-00.0042	0000.188
-00.7537	-00.0045	0000.189
-00.7570	-00.0048	0000.190
-00.7613	-00.0045	0000.191
-00.7653	-00.0045	0000.192
-00.7695	-00.0045	0000.193
-00.7729	-00.0048	0000.194
-00.7772	-00.0045	0000.195
-00.7808	-00.0048	0000.196
-00.7848	-00.0048	0000.197
-00.7888	-00.0048	0000.198
-00.7930	-00.0048	0000.199
-00.7970	-00.0045	0000.200
-00.8010	-00.0045	0000.201
-00.8056	-00.0048	0000.202
-00.8086	-00.0048	0000.203
-00.8132	-00.0048	0000.204
-00.8168	-00.0055	0000.205
-00.8208	-00.0048	0000.206
-00.8254	-00.0048	0000.207
-00.8287	-00.0045	0000.208
-00.8330	-00.0045	0000.209
-00.8370	-00.0052	0000.210
-00.8413	-00.0048	0000.211
-00.8449	-00.0052	0000.212
-00.8492	-00.0048	0000.213
-00.8532	-00.0048	0000.214
-00.8568	-00.0052	0000.215
-00.8614	-00.0052	0000.216
-00.8654	-00.0045	0000.217
-00.8693	-00.0052	0000.218
-00.8733	-00.0048	0000.219
-00.8770	-00.0052	0000.220
-00.8809	-00.0052	0000.221
-00.8852	-00.0052	0000.222
-00.8889	-00.0055	0000.223
-00.8931	-00.0055	0000.224
-00.8971	-00.0055	0000.225
-00.9014	-00.0055	0000.226
-00.9053	-00.0055	0000.227
-00.9096	-00.0055	0000.228
-00.9133	-00.0058	0000.229
-00.9175	-00.0055	0000.230
-00.9215	-00.0055	0000.231
-00.9249	-00.0055	0000.232
-00.9298	-00.0058	0000.233
-00.9331	-00.0052	0000.234
-00.9377	-00.0055	0000.235
-00.9410	-00.0055	0000.236
-00.9453	-00.0052	0000.237
-00.9493	-00.0058	0000.238
-00.9533	-00.0052	0000.239
-00.9572	-00.0055	0000.240
-00.9615	-00.0064	0000.241
-00.9655	-00.0055	0000.242
-00.9691	-00.0058	0000.243
-00.9734	-00.0058	0000.244
-00.9774	-00.0058	0000.245
-00.9813	-00.0058	0000.246
-00.9853	-00.0061	0000.247
-00.9896	-00.0061	0000.248
-00.9935	-00.0064	0000.249
-00.9972	-00.0058	0000.250
-01.0018	-00.0061	0000.251
-01.0051	-00.0061	0000.252
-01.0091	-00.0064	0000.253
-01.0134	-00.0061	0000.254
-01.0176	-00.0064	0000.255
-01.0213	-00.0058	0000.256
-01.0253	-00.0061	0000.257
-01.0289	-00.0058	0000.258
-01.0335	-00.0058	0000.259
-01.0372	-00.0061	0000.260
-01.0418	-00.0061	0000.261
-01.0451	-00.0061	0000.262
-01.0494	-00.0064	0000.263
-01.0540	-00.0064	0000.264
-01.0576	-00.0070	0000.265
-01.0613	-00.0064	0000.266
-01.0656	-00.0061	0000.267
-01.0695	-00.0067	0000.268
-01.0741	-00.0064	0000.269
-01.0778	-00.0064	0000.270
-01.0814	-00.0064	0000.271
-01.0851	-00.0061	0000.272
-01.0897	-00.0064	0000.273
-01.0939	-00.0064	0000.274
-01.0973	-00.0067	0000.275
-01.1016	-00.0067	0000.276
-01.1049	-00.0067	0000.277
-01.1098	-00.0064	0000.278
-01.1135	-00.0064	0000.279
-01.1174	-00.0070	0000.280
-01.1217	-00.0064	0000.281
-01.1257	-00.0070	0000.282
-01.1300	-00.0064	0000.283
-01.1333	-00.0067	0000.284
-01.1379	-00.0070	0000.285
-01.1415	-00.0070	0000.286
-01.1452	-00.0067	0000.287
-01.1495	-00.0073	0000.288
-01.1538	-00.0070	0000.289
-01.1574	-00.0067	0000.290
-01.1623	-00.0070	0000.291
-01.1660	-00.0070	0000.292
-01.1699	-00.0073	0000.293
-01.1733	-00.0073	0000.294
-01.1773	-00.0073	0000.295
-01.1821	-00.0073	0000.296
-01.1852	-00.0067	0000.297
-01.1901	-00.0073	0000.298
-01.1934	-00.0073	0000.299
-01.1974	-00.0073	0000.300
-01.2020	-00.0073	0000.301
-01.2056	-00.0073	0000.302
-01.2099	-00.0073	0000.303
-01.2136	-00.0070	0000.304
-01.2172	-00.0070	0000.305
-01.2218	-00.0073	0000.306
-01.2255	-00.0076	0000.307
-01.2294	-00.0073	0000.308
-01.2334	-00.0073	0000.309
-01.2377	-00.0073	0000.310
-01.2420	-00.0076	0000.311
-01.2459	-00.0073	0000.312
-01.2499	-00.0073	0000.313
-01.2535	-00.0076	0000.314
-01.2578	-00.0073	0000.315
-01.2621	-00.0073	0000.316
-01.2655	-00.0079	0000.317
-01.2697	-00.0076	0000.318
-01.2743	-00.0076	0000.319
-01.2780	-00.0079	0000.320
-01.2819	-00.0076	0000.321
-01.2862	-00.0076	0000.322
-01.2899	-00.0076	0000.323
-01.2941	-00.0079	0000.324
-01.2978	-00.0076	0000.325
-01.3018	-00.0079	0000.326
-01.3060	-00.0079	0000.327
-01.3094	-00.0079	0000.328
-01.3140	-00.0079	0000.329
-01.3186	-00.0079	0000.330
-01.3216	-00.0079	0000.331
-01.3262	-00.0079	0000.332
-01.3301	-00.0082	0000.333
-01.3341	-00.0082	0000.334
-01.3381	-00.0082	0000.335
-01.3420	-00.0082	0000.336
-01.3457	-00.0079	0000.337
-01.3500	-00.0079	0000.338
-01.3543	-00.0085	0000.339
-01.3582	-00.0079	0000.340
-01.3619	-00.0082	0000.341
-01.3659	-00.0079	0000.342
-01.3710	-00.0085	0000.343
-01.3744	-00.0082	0000.344
-01.3781	-00.0079	0000.345
-01.3823	-00.0085	0000.346
-01.3863	-00.0088	0000.347
-01.3903	-00.0082	0000.348
-01.3939	-00.0082	0000.349
-01.3979	-00.0088	0000.350
-01.4022	-00.0085	0000.351
-01.4064	-00.0088	0000.352
-01.4101	-00.0088	0000.353
-01.4144	-00.0082	0000.354
-01.4180	-00.0085	0000.355
-01.4217	-00.0085	0000.356
-01.4266	-00.0088	0000.357
-01.4302	-00.0085	0000.358
-01.4339	-00.0088	0000.359
-01.4382	-00.0076	0000.360
-01.4421	-00.0088	0000.361
-01.4464	-00.0088	0000.362
-01.4504	-00.0085	0000.363
-01.4537	-00.0088	0000.364
-01.4580	-00.0082	0000.365
-01.4623	-00.0085	0000.366
-01.4660	-00.0091	0000.367
-01.4699	-00.0088	0000.368
-01.4745	-00.0088	0000.369
-01.4785	-00.0088	0000.370
-01.4821	-00.0094	0000.371
-01.4861	-00.0094	0000.372
-01.4901	-00.0088	0000.373
-01.4937	-00.0091	0000.374
-01.4986	-00.0091	0000.375
-01.5026	-00.0088	0000.376
-01.5059	-00.0091	0000.377
-01.5105	-00.0091	0000.378
-01.5142	-00.0094	0000.379
-01.5181	-00.0094	0000.380
-01.5221	-00.0088	0000.381
-01.5261	-00.0091	0000.382
-01.5297	-00.0091	0000.383
-01.5343	-00.0094	0000.384
-01.5380	-00.0094	0000.385
-01.5425	-00.0094	0000.386
-01.5462	-00.0094	0000.387
-01.5505	-00.0094	0000.388
-01.5545	-00.0094	0000.389
-01.5581	-00.0091	0000.390
-01.5624	-00.0094	0000.391
-01.5660	-00.0094	0000.392
-01.5700	-00.0094	0000.393
-01.5746	-00.0094	0000.394
-01.5786	-00.0097	0000.395
-01.5822	-00.0097	0000.396
-01.5865	-00.0100	0000.397
-01.5905	-00.0097	0000.398
-01.5944	-00.0094	0000.399
-01.5981	-00.0097	0000.400
-01.6021	-00.0097	0000.401
-01.6060	-00.0097	0000.402
-01.6106	-00.0100	0000.403
-01.6143	-00.0094	0000.404
-01.6182	-00.0097	0000.405
-01.6228	-00.0097	0000.406
-01.6265	-00.0100	0000.407
-01.6304	-00.0097	0000.408
-01.6341	-00.0097	0000.409
-01.6387	-00.0100	0000.410
-01.6426	-00.0100	0000.411
-01.6457	-00.0100	0000.412
-01.6506	-00.0097	0000.413
-01.6552	-00.0100	0000.414
-01.6585	-00.0100	0000.415
-01.6625	-00.0100	0000.416
-01.6668	-00.0100	0000.417
-01.6701	-00.0100	0000.418
-01.6744	-00.0103	0000.419
-01.6780	-00.0103	0000.420
-01.6823	-00.0106	0000.421
-01.6866	-00.0106	0000.422
-01.6912	-00.0106	0000.423
-01.6951	-00.0100	0000.424
-01.6988	-00.0100	0000.425
-01.7028	-00.0103	0000.426
-01.7061	-00.0106	0000.427
-01.7107	-00.0100	0000.428
-01.7144	-00.0103	0000.429
-01.7186	-00.0103	0000.430
-01.7223	-00.0106	0000.431
-01.7263	-00.0106	0000.432
-01.7308	-00.0103	0000.433
-01.7345	-00.0106	0000.434
-01.7388	-00.0106	0000.435
-01.7421	-00.0106	0000.436
-01.7467	-00.0103	0000.437
-01.7501	-00.0109	0000.438
-01.7546	-00.0106	0000.439
-01.7583	-00.0106	0000.440
-01.7623	-00.0106	0000.441
-01.7665	-00.0106	0000.442
-01.7708	-00.0109	0000.443
-01.7754	-00.0109	0000.444
-01.7785	-00.0109	0000.445
-01.7830	-00.0109	0000.446
-01.7864	-00.0106	0000.447
-01.7907	-00.0109	0000.448
-01.7943	-00.0109	0000.449
-01.7989	-00.0109	0000.450
-01.8029	-00.0109	0000.451
-01.8065	-00.0109	0000.452
-01.8111	-00.0109	0000.453
-01.8148	-00.0116	0000.454
-01.8187	-00.0109	0000.455
-01.8221	-00.0109	0000.456
-01.8267	-00.0116	0000.457
-01.8300	-00.0113	0000.458
-01.8349	-00.0109	0000.459
-01.8392	-00.0128	0000.460
-01.8428	-00.0116	0000.461
-01.8465	-00.0113	0000.462
-01.8508	-00.0113	0000.463
-01.8550	-00.0116	0000.464
-01.8584	-00.0113	0000.465
-01.8624	-00.0119	0000.466
-01.8670	-00.0109	0000.467
-01.8709	-00.0113	0000.468
-01.8746	-00.0113	0000.469
-01.8792	-00.0113	0000.470
-01.8831	-00.0113	0000.471
-01.8868	-00.0116	0000.472
-01.8911	-00.0116	0000.473
-01.8950	-00.0113	0000.474
-01.8990	-00.0116	0000.475
-01.9027	-00.0109	0000.476
-01.9069	-00.0119	0000.477
-01.9115	-00.0119	0000.478
-01.9152	-00.0119	0000.479
-01.9191	-00.0119	0000.480
-01.9234	-00.0119	0000.481
-01.9271	-00.0116	0000.482
-01.9304	-00.0116	0000.483
-01.9353	-00.0119	0000.484
-01.9387	-00.0119	0000.485
-01.9432	-00.0119	0000.486
-01.9469	-00.0119	0000.487
-01.9509	-00.0122	0000.488
-01.9555	-00.0122	0000.489
-01.9588	-00.0116	0000.490
-01.9631	-00.0122	0000.491
-01.9670	-00.0119	0000.492
-01.9707	-00.0119	0000.493
-01.9750	-00.0122	0000.494
-01.9786	-00.0119	0000.495
-01.9826	-00.0119	0000.496
-01.9875	-00.0119	0000.497
-01.9915	-00.0122	0000.498
-01.9948	-00.0125	0000.499
-01.9991	-00.0119	0000.500
-02.0028	-00.0119	0000.501
-02.0061	-00.0125	0000.502
-02.0113	-00.0125	0000.503
-02.0150	-00.0122	0000.504
-02.0192	-00.0125	0000.505
-02.0232	-00.0122	0000.506
-02.0269	-00.0125	0000.507
-02.0308	-00.0122	0000.508
-02.0354	-00.0128	0000.509
-02.0388	-00.0128	0000.510
-02.0430	-00.0128	0000.511
-02.0467	-00.0125	0000.512
-02.0507	-00.0128	0000.513
-02.0546	-00.0128	0000.514
-02.0589	-00.0125	0000.515
-02.0632	-00.0122	0000.516
-02.0671	-00.0125	0000.517
-02.0711	-00.0128	0000.518
-02.0760	-00.0128	0000.519
-02.0790	-00.0125	0000.520
-02.0827	-00.0128	0000.521
-02.0867	-00.0128	0000.522
-02.0910	-00.0125	0000.523
-02.0946	-00.0131	0000.524
-02.0992	-00.0128	0000.525
-02.1032	-00.0128	0000.526
-02.1071	-00.0131	0000.527
-02.1111	-00.0131	0000.528
-02.1154	-00.0131	0000.529
-02.1187	-00.0131	0000.530
-02.1230	-00.0128	0000.531
-02.1270	-00.0128	0000.532
-02.1312	-00.0131	0000.533
-02.1352	-00.0134	0000.534
-02.1392	-00.0131	0000.535
-02.1431	-00.0134	0000.536
-02.1474	-00.0134	0000.537
-02.1514	-00.0131	0000.538
-02.1550	-00.0131	0000.539
-02.1590	-00.0134	0000.540
-02.1633	-00.0134	0000.541
-02.1672	-00.0134	0000.542
-02.1706	-00.0137	0000.543
-02.1755	-00.0134	0000.544
-02.1791	-00.0137	0000.545
-02.1831	-00.0131	0000.546
-02.1871	-00.0134	0000.547
-02.1910	-00.0134	0000.548
-02.1950	-00.0134	0000.549
-02.1990	-00.0134	0000.550
-02.2030	-00.0137	0000.551
-02.2075	-00.0137	0000.552
-02.2115	-00.0134	0000.553
-02.2158	-00.0140	0000.554
-02.2200	-00.0134	0000.555
-02.2231	-00.0134	0000.556
-02.2271	-00.0140	0000.557
-02.2310	-00.0137	0000.558
-02.2353	-00.0137	0000.559
-02.2393	-00.0134	0000.560
-02.2432	-00.0134	0000.561
-02.2472	-00.0137	0000.562
-02.2515	-00.0137	0000.563
-02.2554	-00.0137	0000.564
-02.2597	-00.0143	0000.565
-02.2634	-00.0143	0000.566
-02.2673	-00.0140	0000.567
-02.2716	-00.0140	0000.568
-02.2753	-00.0140	0000.569
-02.2792	-00.0143	0000.570
-02.2835	-00.0137	0000.571
-02.2872	-00.0140	0000.572
-02.2915	-00.0143	0000.573
-02.2960	-00.0140	0000.574
-02.2997	-00.0143	0000.575
-02.3034	-00.0143	0000.576
-02.3073	-00.0140	0000.577
-02.3116	-00.0143	0000.578
-02.3153	-00.0143	0000.579
-02.3192	-00.0143	0000.580
-02.3238	-00.0143	0000.581
-02.3278	-00.0146	0000.582
-02.3320	-00.0143	0000.583
-02.3357	-00.0143	0000.584
-02.3394	-00.0149	0000.585
-02.3436	-00.0146	0000.586
-02.3476	-00.0137	0000.587
-02.3513	-00.0149	0000.588
-02.3555	-00.0143	0000.589
-02.3601	-00.0143	0000.590
-02.3635	-00.0143	0000.591
-02.3671	-00.0146	0000.592
-02.3714	-00.0149	0000.593
-02.3751	-00.0146	0000.594
-02.3793	-00.0143	0000.595
-02.3833	-00.0149	0000.596
-02.3870	-00.0149	0000.597
-02.3915	-00.0143	0000.598
-02.3952	-00.0146	0000.599
-02.3995	-00.0149	0000.600
-02.4035	-00.0149	0000.601
-02.4080	-00.0149	0000.602
-02.4114	-00.0149	0000.603
-02.4154	-00.0146	0000.604
-02.4199	-00.0149	0000.605
-02.4233	-00.0149	0000.606
-02.4276	-00.0149	0000.607
-02.4315	-00.0149	0000.608
-02.4361	-00.0149	0000.609
-02.4401	-00.0149	0000.610
-02.4434	-00.0146	0000.611
-02.4474	-00.0149	0000.612
-02.4520	-00.0149	0000.613
-02.4559	-00.0152	0000.614
-02.4596	-00.0152	0000.615
-02.4633	-00.0152	0000.616
-02.4678	-00.0155	0000.617
-02.4724	-00.0155	0000.618
-02.4758	-00.0152	0000.619
-02.4794	-00.0155	0000.620
-02.4840	-00.0155	0000.621
-02.4877	-00.0149	0000.622
-02.4920	-00.0158	0000.623
-02.4959	-00.0161	0000.624
-02.4999	-00.0152	0000.625
-02.5032	-00.0158	0000.626
-02.5072	-00.0155	0000.627
-02.5118	-00.0155	0000.628
-02.5161	-00.0158	0000.629
-02.5194	-00.0155	0000.630
-02.5234	-00.0155	0000.631
-02.5277	-00.0155	0000.632
-02.5319	-00.0155	0000.633
-02.5359	-00.0158	0000.634
-02.5402	-00.0155	0000.635
-02.5441	-00.0155	0000.636
-02.5481	-00.0158	0000.637
-02.5521	-00.0155	0000.638
-02.5560	-00.0158	0000.639
-02.5597	-00.0158	0000.640
-02.5637	-00.0161	0000.641
-02.5676	-00.0161	0000.642
-02.5722	-00.0161	0000.643
-02.5756	-00.0155	0000.644
-02.5798	-00.0161	0000.645
-02.5841	-00.0158	0000.646
-02.5875	-00.0164	0000.647
-02.5920	-00.0164	0000.648
-02.5960	-00.0161	0000.649
-02.5997	-00.0161	0000.650
-02.6040	-00.0158	0000.651
-02.6079	-00.0161	0000.652
-02.6119	-00.0161	0000.653
-02.6155	-00.0161	0000.654
-02.6198	-00.0164	0000.655
-02.6241	-00.0164	0000.656
-02.6281	-00.0161	0000.657
-02.6320	-00.0161	0000.658
-02.6363	-00.0161	0000.659
-02.6400	-00.0161	0000.660
-02.6439	-00.0164	0000.661
-02.6479	-00.0161	0000.662
-02.6519	-00.0164	0000.663
-02.6561	-00.0164	0000.664
-02.6595	-00.0167	0000.665
-02.6644	-00.0161	0000.666
-02.6674	-00.0167	0000.667
-02.6717	-00.0164	0000.668
-02.6760	-00.0167	0000.669
-02.6796	-00.0167	0000.670
-02.6839	-00.0167	0000.671
-02.6876	-00.0171	0000.672
-02.6915	-00.0161	0000.673
-02.6961	-00.0167	0000.674
-02.7001	-00.0164	0000.675
-02.7040	-00.0174	0000.676
-02.7083	-00.0171	0000.677
-02.7117	-00.0174	0000.678
-02.7163	-00.0167	0000.679
-02.7199	-00.0164	0000.680
-02.7236	-00.0167	0000.681
-02.7279	-00.0167	0000.682
-02.7321	-00.0171	0000.683
-02.7358	-00.0167	0000.684
-02.7404	-00.0174	0000.685
-02.7443	-00.0167	0000.686
-02.7480	-00.0171	0000.687
-02.7529	-00.0174	0000.688
-02.7559	-00.0171	0000.689
-02.7599	-00.0167	0000.690
-02.7633	-00.0171	0000.691
-02.7681	-00.0171	0000.692
-02.7727	-00.0174	0000.693
-02.7764	-00.0174	0000.694
-02.7800	-00.0177	0000.695
-02.7840	-00.0174	0000.696
-02.7880	-00.0174	0000.697
-02.7922	-00.0174	0000.698
-02.7965	-00.0174	0000.699
-02.8002	-00.0177	0000.700
-02.8038	-00.0174	0000.701
-02.8084	-00.0177	0000.702
-02.8121	-00.0177	0000.703
-02.8167	-00.0177	0000.704
-02.8203	-00.0177	0000.705
-02.8243	-00.0177	0000.706
-02.8283	-00.0174	0000.707
-02.8322	-00.0177	0000.708
-02.8365	-00.0183	0000.709
-02.8405	-00.0180	0000.710
-02.8444	-00.0174	0000.711
-02.8490	-00.0177	0000.712
-02.8521	-00.0180	0000.713
-02.8563	-00.0177	0000.714
-02.8606	-00.0177	0000.715
-02.8646	-00.0180	0000.716
-02.8685	-00.0180	0000.717
-02.8719	-00.0180	0000.718
-02.8762	-00.0180	0000.719
-02.8801	-00.0183	0000.720
-02.8841	-00.0180	0000.721
-02.8887	-00.0174	0000.722
-02.8926	-00.0177	0000.723
-02.8963	-00.0183	0000.724
-02.9003	-00.0183	0000.725
-02.9039	-00.0183	0000.726
-02.9085	-00.0183	0000.727
-02.9125	-00.0183	0000.728
-02.9158	-00.0183	0000.729
-02.9204	-00.0180	0000.730
-02.9244	-00.0183	0000.731
-02.9280	-00.0186	0000.732
-02.9320	-00.0183	0000.733
-02.9363	-00.0180	0000.734
-02.9406	-00.0183	0000.735
-02.9442	-00.0186	0000.736
-02.9485	-00.0183	0000.737
-02.9515	-00.0186	0000.738
-02.9561	-00.0189	0000.739
-02.9604	-00.0183	0000.740
-02.9641	-00.0192	0000.741
-02.9686	-00.0183	0000.742
-02.9720	-00.0186	0000.743
-02.9763	-00.0189	0000.744
-02.9802	-00.0183	0000.745
-02.9845	-00.0189	0000.746
-02.9888	-00.0186	0000.747
-02.9921	-00.0186	0000.748
-02.9964	-00.0186	0000.749
-03.0004	-00.0189	0000.750
-03.0046	-00.0186	0000.751
-03.0083	-00.0189	0000.752
-03.0126	-00.0189	0000.753
-03.0165	-00.0189	0000.754
-03.0205	-00.0186	0000.755
-03.0242	-00.0189	0000.756
-03.0285	-00.0192	0000.757
-03.0321	-00.0186	0000.758
-03.0367	-00.0186	0000.759
-03.0410	-00.0192	0000.760
-03.0443	-00.0192	0000.761
-03.0480	-00.0195	0000.762
-03.0523	-00.0189	0000.763
-03.0571	-00.0192	0000.764
-03.0608	-00.0189	0000.765
-03.0645	-00.0192	0000.766
-03.0678	-00.0186	0000.767
-03.0727	-00.0198	0000.768
-03.0770	-00.0192	0000.769
-03.0812	-00.0192	0000.770
-03.0846	-00.0195	0000.771
-03.0873	-00.0192	0000.772
-03.0928	-00.0195	0000.773
-03.0965	-00.0192	0000.774
-03.1005	-00.0192	0000.775
-03.1038	-00.0195	0000.776
-03.1093	-00.0198	0000.777
-03.1127	-00.0192	0000.778
-03.1170	-00.0198	0000.779
-03.1206	-00.0192	0000.780
-03.1243	-00.0198	0000.781
-03.1282	-00.0198	0000.782
-03.1322	-00.0198	0000.783
-03.1365	-00.0192	0000.784
-03.1408	-00.0195	0000.785
-03.1450	-00.0195	0000.786
-03.1490	-00.0198	0000.787
-03.1527	-00.0198	0000.788
-03.1569	-00.0198	0000.789
-03.1600	-00.0198	0000.790
-03.1646	-00.0195	0000.791
-03.1688	-00.0201	0000.792
-03.1728	-00.0198	0000.793
-03.1765	-00.0198	0000.794
-03.1804	-00.0198	0000.795
-03.1847	-00.0198	0000.796
-03.1881	-00.0198	0000.797
-03.1929	-00.0201	0000.798
-03.1963	-00.0198	0000.799
-03.2009	-00.0201	0000.800
-03.2051	-00.0204	0000.801
-03.2085	-00.0201	0000.802
-03.2122	-00.0201	0000.803
-03.2167	-00.0204	0000.804
-03.2213	-00.0201	0000.805
-03.2241	-00.0204	0000.806
-03.2290	-00.0204	0000.807
-03.2332	-00.0204	0000.808
-03.2369	-00.0201	0000.809
-03.2409	-00.0207	0000.810
-03.2451	-00.0201	0000.811
-03.2485	-00.0207	0000.812
-03.2531	-00.0204	0000.813
-03.2570	-00.0204	0000.814
-03.2610	-00.0207	0000.815
-03.2647	-00.0207	0000.816
-03.2686	-00.0204	0000.817
-03.2726	-00.0207	0000.818
-03.2769	-00.0207	0000.819
-03.2805	-00.0207	0000.820
-03.2845	-00.0210	0000.821
-03.2891	-00.0207	0000.822
-03.2930	-00.0210	0000.823
-03.2970	-00.0207	0000.824
-03.3007	-00.0210	0000.825
-03.3049	-00.0210	0000.826
-03.3092	-00.0204	0000.827
-03.3129	-00.0207	0000.828
-03.3171	-00.0210	0000.829
-03.3208	-00.0204	0000.830
-03.3248	-00.0210	0000.831
-03.3281	-00.0210	0000.832
-03.3333	-00.0210	0000.833
-03.3367	-00.0210	0000.834
-03.3406	-00.0210	0000.835
-03.3443	-00.0210	0000.836
-03.3486	-00.0213	0000.837
-03.3525	-00.0210	0000.838
-03.3565	-00.0210	0000.839
-03.3605	-00.0213	0000.840
-03.3644	-00.0210	0000.841
-03.3687	-00.0207	0000.842
-03.3727	-00.0210	0000.843
-03.3770	-00.0213	0000.844
-03.3806	-00.0213	0000.845
-03.3849	-00.0213	0000.846
-03.3889	-00.0213	0000.847
-03.3931	-00.0216	0000.848
-03.3974	-00.0213	0000.849
-03.4011	-00.0216	0000.850
-03.4047	-00.0210	0000.851
-03.4093	-00.0216	0000.852
-03.4136	-00.0216	0000.853
-03.4163	-00.0216	0000.854
-03.4212	-00.0210	0000.855
-03.4249	-00.0216	0000.856
-03.4285	-00.0213	0000.857
-03.4325	-00.0219	0000.858
-03.4371	-00.0216	0000.859
-03.4410	-00.0219	0000.860
-03.4450	-00.0219	0000.861
-03.4493	-00.0222	0000.862
-03.4533	-00.0219	0000.863
-03.4575	-00.0222	0000.864
-03.4609	-00.0216	0000.865
-03.4655	-00.0222	0000.866
-03.4694	-00.0219	0000.867
-03.4731	-00.0219	0000.868
-03.4771	-00.0219	0000.869
-03.4804	-00.0216	0000.870
-03.4850	-00.0219	0000.871
-03.4899	-00.0216	0000.872
-03.4932	-00.0222	0000.873
-03.4972	-00.0222	0000.874
-03.5012	-00.0216	0000.875
-03.5048	-00.0219	0000.876
-03.5091	-00.0225	0000.877
-03.5134	-00.0225	0000.878
-03.5167	-00.0219	0000.879
-03.5210	-00.0222	0000.880
-03.5262	-00.0219	0000.881
-03.5292	-00.0222	0000.882
-03.5335	-00.0225	0000.883
-03.5375	-00.0219	0000.884
-03.5411	-00.0225	0000.885
-03.5454	-00.0225	0000.886
-03.5494	-00.0229	0000.887
-03.5534	-00.0229	0000.888
-03.5576	-00.0219	0000.889
-03.5610	-00.0229	0000.890
-03.5649	-00.0222	0000.891
-03.5698	-00.0225	0000.892
-03.5732	-00.0225	0000.893
-03.5781	-00.0229	0000.894
-03.5817	-00.0229	0000.895
-03.5854	-00.0225	0000.896
-03.5897	-00.0229	0000.897
-03.5930	-00.0229	0000.898
-03.5973	-00.0229	0000.899
-03.6013	-00.0229	0000.900
-03.6055	-00.0229	0000.901
-03.6095	-00.0232	0000.902
-03.6132	-00.0229	0000.903
-03.6171	-00.0229	0000.904
-03.6217	-00.0225	0000.905
-03.6254	-00.0232	0000.906
-03.6296	-00.0229	0000.907
-03.6333	-00.0222	0000.908
-03.6373	-00.0229	0000.909
-03.6419	-00.0232	0000.910
-03.6464	-00.0232	0000.911
-03.6495	-00.0235	0000.912
-03.6528	-00.0229	0000.913
-03.6571	-00.0229	0000.914
-03.6611	-00.0232	0000.915
-03.6650	-00.0232	0000.916
-03.6687	-00.0235	0000.917
-03.6733	-00.0232	0000.918
-03.6769	-00.0235	0000.919
-03.6812	-00.0235	0000.920
-03.6861	-00.0238	0000.921
-03.6898	-00.0235	0000.922
-03.6940	-00.0235	0000.923
-03.6971	-00.0232	0000.924
-03.7011	-00.0235	0000.925
-03.7050	-00.0238	0000.926
-03.7093	-00.0235	0000.927
-03.7142	-00.0238	0000.928
-03.7178	-00.0241	0000.929
-03.7218	-00.0235	0000.930
-03.7252	-00.0232	0000.931
-03.7297	-00.0235	0000.932
-03.7334	-00.0235	0000.933
-03.7377	-00.0238	0000.934
-03.7410	-00.0238	0000.935
-03.7453	-00.0238	0000.936
-03.7499	-00.0241	0000.937
-03.7532	-00.0238	0000.938
-03.7581	-00.0241	0000.939
-03.7615	-00.0241	0000.940
-03.7658	-00.0241	0000.941
-03.7697	-00.0241	0000.942
-03.7737	-00.0241	0000.943
-03.7777	-00.0241	0000.944
-03.7813	-00.0238	0000.945
-03.7853	-00.0244	0000.946
-03.7893	-00.0241	0000.947
-03.7944	-00.0244	0000.948
-03.7978	-00.0247	0000.949
-03.8015	-00.0244	0000.950
-03.8066	-00.0244	0000.951
-03.8106	-00.0244	0000.952
-03.8137	-00.0244	0000.953
-03.8179	-00.0247	0000.954
-03.8219	-00.0241	0000.955
-03.8262	-00.0247	0000.956
-03.8295	-00.0241	0000.957
-03.8341	-00.0241	0000.958
-03.8372	-00.0244	0000.959
-03.8414	-00.0241	0000.960
-03.8460	-00.0244	0000.961
-03.8497	-00.0244	0000.962
-03.8533	-00.0244	0000.963
-03.8582	-00.0247	0000.964
-03.8625	-00.0244	0000.965
-03.8665	-00.0250	0000.966
-03.8701	-00.0247	0000.967
-03.8741	-00.0247	0000.968
-03.8778	-00.0247	0000.969
-03.8820	-00.0244	0000.970
-03.8854	-00.0247	0000.971
-03.8890	-00.0247	0000.972
-03.8936	-00.0247	0000.973
-03.8982	-00.0244	0000.974
-03.9025	-00.0247	0000.975
-03.9061	-00.0247	0000.976
-03.9104	-00.0247	0000.977
-03.9129	-00.0247	0000.978
-03.9180	-00.0247	0000.979
-03.9217	-00.0250	0000.980
-03.9254	-00.0250	0000.981
-03.9296	-00.0250	0000.982
-03.9336	-00.0250	0000.983
-03.9379	-00.0253	0000.984
-03.9418	-00.0253	0000.985
-03.9455	-00.0253	0000.986
-03.9501	-00.0250	0000.987
-03.9540	-00.0253	0000.988
-03.9577	-00.0250	0000.989
-03.9620	-00.0253	0000.990
-03.9656	-00.0250	0000.991
-03.9702	-00.0253	0000.992
-03.9736	-00.0256	0000.993
-03.9779	-00.0256	0000.994
-03.9821	-00.0256	0000.995
-03.9861	-00.0256	0000.996
-03.9904	-00.0253	0000.997
-03.9940	-00.0256	0000.998
-03.9980	-00.0253	0000.999
-04.0020	-00.0253	0001.000
-04.0059	-00.0256	0001.001
-04.0020	-00.0256	0001.002
-03.9983	-00.0253	0001.003
-03.9940	-00.0256	0001.004
-03.9898	-00.0256	0001.005
-03.9867	-00.0256	0001.006
-03.9818	-00.0256	0001.007
-03.9788	-00.0256	0001.008
-03.9739	-00.0256	0001.009
-03.9699	-00.0262	0001.010
-03.9656	-00.0256	0001.011
-03.9623	-00.0259	0001.012
-03.9580	-00.0256	0001.013
-03.9544	-00.0253	0001.014
-03.9504	-00.0253	0001.015
-03.9464	-00.0259	0001.016
-03.9421	-00.0253	0001.017
-03.9382	-00.0253	0001.018
-03.9342	-00.0256	0001.019
-03.9309	-00.0256	0001.020
-03.9260	-00.0259	0001.021
-03.9226	-00.0256	0001.022
-03.9177	-00.0256	0001.023
-03.9144	-00.0256	0001.024
-03.9101	-00.0259	0001.025
-03.9061	-00.0256	0001.026
-03.9025	-00.0253	0001.027
-03.8985	-00.0256	0001.028
-03.8951	-00.0256	0001.029
-03.8900	-00.0259	0001.030
-03.8860	-00.0253	0001.031
-03.8823	-00.0256	0001.032
-03.8781	-00.0253	0001.033
-03.8738	-00.0259	0001.034
-03.8704	-00.0253	0001.035
-03.8665	-00.0253	0001.036
-03.8625	-00.0259	0001.037
-03.8576	-00.0259	0001.038
-03.8540	-00.0256	0001.039
-03.8503	-00.0259	0001.040
-03.8460	-00.0250	0001.041
-03.8420	-00.0259	0001.042
-03.8381	-00.0256	0001.043
-03.8335	-00.0256	0001.044
-03.8301	-00.0256	0001.045
-03.8259	-00.0256	0001.046
-03.8222	-00.0259	0001.047
-03.8179	-00.0253	0001.048
-03.8143	-00.0259	0001.049
-03.8100	-00.0253	0001.050
-03.8066	-00.0256	0001.051
-03.8024	-00.0250	0001.052
-03.7984	-00.0253	0001.053
-03.7938	-00.0259	0001.054
-03.7905	-00.0253	0001.055
-03.7865	-00.0253	0001.056
-03.7825	-00.0256	0001.057
-03.7780	-00.0253	0001.058
-03.7743	-00.0253	0001.059
-03.7694	-00.0259	0001.060
-03.7658	-00.0253	0001.061
-03.7615	-00.0253	0001.062
-03.7578	-00.0256	0001.063
-03.7542	-00.0253	0001.064
-03.7499	-00.0253	0001.065
-03.7456	-00.0256	0001.066
-03.7423	-00.0256	0001.067
-03.7380	-00.0256	0001.068
-03.7337	-00.0256	0001.069
-03.7300	-00.0256	0001.070
-03.7264	-00.0247	0001.071
-03.7230	-00.0253	0001.072
-03.7181	-00.0253	0001.073
-03.7136	-00.0253	0001.074
-03.7096	-00.0256	0001.075
-03.7056	-00.0253	0001.076
-03.7023	-00.0256	0001.077
-03.6980	-00.0253	0001.078
-03.6934	-00.0253	0001.079
-03.6895	-00.0256	0001.080
-03.6855	-00.0256	0001.081
-03.6815	-00.0253	0001.082
-03.6773	-00.0253	0001.083
-03.6736	-00.0253	0001.084
-03.6696	-00.0253	0001.085
-03.6657	-00.0253	0001.086
-03.6614	-00.0253	0001.087
-03.6577	-00.0250	0001.088
-03.6538	-00.0256	0001.089
-03.6498	-00.0253	0001.090
-03.6458	-00.0253	0001.091
-03.6419	-00.0253	0001.092
-03.6379	-00.0253	0001.093
-03.6336	-00.0250	0001.094
-03.6293	-00.0253	0001.095
-03.6251	-00.0253	0001.096
-03.6217	-00.0256	0001.097
-03.6181	-00.0253	0001.098
-03.6141	-00.0253	0001.099
-03.6101	-00.0253	0001.100
-03.6052	-00.0253	0001.101
-03.6013	-00.0253	0001.102
-03.5979	-00.0250	0001.103
-03.5933	-00.0253	0001.104
-03.5894	-00.0250	0001.105
-03.5857	-00.0253	0001.106
-03.5811	-00.0250	0001.107
-03.5781	-00.0253	0001.108
-03.5735	-00.0253	0001.109
-03.5701	-00.0250	0001.110
-03.5659	-00.0250	0001.111
-03.5622	-00.0256	0001.112
-03.5579	-00.0247	0001.113
-03.5540	-00.0250	0001.114
-03.5488	-00.0250	0001.115
-03.5460	-00.0253	0001.116
-03.5415	-00.0253	0001.117
-03.5375	-00.0250	0001.118
-03.5341	-00.0250	0001.119
-03.5302	-00.0253	0001.120
-03.5262	-00.0250	0001.121
-03.5213	-00.0250	0001.122
-03.5173	-00.0250	0001.123
-03.5134	-00.0256	0001.124
-03.5100	-00.0253	0001.125
-03.5057	-00.0250	0001.126
-03.5021	-00.0253	0001.127
-03.4975	-00.0247	0001.128
-03.4935	-00.0247	0001.129
-03.4893	-00.0253	0001.130
-03.4853	-00.0250	0001.131
-03.4810	-00.0247	0001.132
-03.4774	-00.0250	0001.133
-03.4734	-00.0250	0001.134
-03.4694	-00.0250	0001.135
-03.4661	-00.0247	0001.136
-03.4615	-00.0250	0001.137
-03.4575	-00.0253	0001.138
-03.4533	-00.0247	0001.139
-03.4493	-00.0247	0001.140
-03.4456	-00.0250	0001.141
-03.4410	-00.0253	0001.142
-03.4371	-00.0247	0001.143
-03.4325	-00.0250	0001.144
-03.4298	-00.0247	0001.145
-03.4255	-00.0250	0001.146
-03.4218	-00.0250	0001.147
-03.4179	-00.0244	0001.148
-03.4130	-00.0247	0001.149
-03.4090	-00.0247	0001.150
-03.4047	-00.0250	0001.151
-03.4008	-00.0247	0001.152
-03.3974	-00.0247	0001.153
-03.3937	-00.0250	0001.154
-03.3895	-00.0253	0001.155
-03.3861	-00.0244	0001.156
-03.3815	-00.0247	0001.157
-03.3779	-00.0250	0001.158
-03.3736	-00.0244	0001.159
-03.3687	-00.0247	0001.160
-03.3657	-00.0247	0001.161
-03.3617	-00.0247	0001.162
-03.3571	-00.0247	0001.163
-03.3529	-00.0244	0001.164
-03.3492	-00.0250	0001.165
-03.3452	-00.0250	0001.166
-03.3413	-00.0247	0001.167
-03.3373	-00.0244	0001.168
-03.3336	-00.0247	0001.169
-03.3287	-00.0247	0001.170
-03.3248	-00.0250	0001.171
-03.3211	-00.0247	0001.172
-03.3178	-00.0247	0001.173
-03.3126	-00.0244	0001.174
-03.3089	-00.0244	0001.175
-03.3056	-00.0247	0001.176
-03.3010	-00.0247	0001.177
-03.2976	-00.0244	0001.178
-03.2927	-00.0247	0001.179
-03.2891	-00.0247	0001.180
-03.2854	-00.0244	0001.181
-03.2811	-00.0247	0001.182
-03.2769	-00.0244	0001.183
-03.2732	-00.0247	0001.184
-03.2689	-00.0247	0001.185
-03.2653	-00.0244	0001.186
-03.2613	-00.0247	0001.187
-03.2570	-00.0250	0001.188
-03.2531	-00.0244	0001.189
-03.2488	-00.0241	0001.190
-03.2454	-00.0241	0001.191
-03.2405	-00.0241	0001.192
-03.2372	-00.0244	0001.193
-03.2329	-00.0247	0001.194
-03.2293	-00.0247	0001.195
-03.2259	-00.0241	0001.196
-03.2213	-00.0241	0001.197
-03.2170	-00.0244	0001.198
-03.2125	-00.0241	0001.199
-03.2085	-00.0244	0001.200
-03.2051	-00.0247	0001.201
-03.2009	-00.0244	0001.202
-03.1972	-00.0244	0001.203
-03.1936	-00.0244	0001.204
-03.1884	-00.0241	0001.205
-03.1850	-00.0244	0001.206
-03.1807	-00.0247	0001.207
-03.1768	-00.0244	0001.208
-03.1731	-00.0244	0001.209
-03.1688	-00.0232	0001.210
-03.1649	-00.0244	0001.211
-03.1612	-00.0244	0001.212
-03.1575	-00.0244	0001.213
-03.1533	-00.0241	0001.214
-03.1493	-00.0241	0001.215
-03.1453	-00.0241	0001.216
-03.1405	-00.0244	0001.217
-03.1368	-00.0241	0001.218
-03.1331	-00.0244	0001.219
-03.1285	-00.0241	0001.220
-03.1249	-00.0241	0001.221
-03.1206	-00.0238	0001.222
-03.1170	-00.0241	0001.223
-03.1130	-00.0244	0001.224
-03.1090	-00.0247	0001.225
-03.1047	-00.0241	0001.226
-03.1005	-00.0244	0001.227
-03.0968	-00.0235	0001.228
-03.0931	-00.0241	0001.229
-03.0889	-00.0238	0001.230
-03.0849	-00.0244	0001.231
-03.0803	-00.0241	0001.232
-03.0764	-00.0244	0001.233
-03.0730	-00.0241	0001.234
-03.0687	-00.0244	0001.235
-03.0642	-00.0238	0001.236
-03.0605	-00.0241	0001.237
-03.0568	-00.0241	0001.238
-03.0529	-00.0238	0001.239
-03.0489	-00.0241	0001.240
-03.0443	-00.0238	0001.241
-03.0410	-00.0241	0001.242
-03.0367	-00.0241	0001.243
-03.0324	-00.0241	0001.244
-03.0285	-00.0235	0001.245
-03.0248	-00.0241	0001.246
-03.0202	-00.0241	0001.247
-03.0169	-00.0241	0001.248
-03.0126	-00.0238	0001.249
-03.0092	-00.0241	0001.250
-03.0050	-00.0241	0001.251
-03.0013	-00.0241	0001.252
-02.9967	-00.0241	0001.253
-02.9927	-00.0235	0001.254
-02.9885	-00.0238	0001.255
-02.9845	-00.0238	0001.256
-02.9808	-00.0241	0001.257
-02.9763	-00.0238	0001.258
-02.9726	-00.0238	0001.259
-02.9689	-00.0241	0001.260
-02.9650	-00.0238	0001.261
-02.9607	-00.0235	0001.262
-02.9561	-00.0238	0001.263
-02.9528	-00.0238	0001.264
-02.9482	-00.0241	0001.265
-02.9448	-00.0238	0001.266
-02.9403	-00.0238	0001.267
-02.9366	-00.0247	0001.268
-02.9329	-00.0235	0001.269
-02.9293	-00.0241	0001.270
-02.9250	-00.0235	0001.271
-02.9204	-00.0238	0001.272
-02.9158	-00.0238	0001.273
-02.9131	-00.0235	0001.274
-02.9088	-00.0235	0001.275
-02.9045	-00.0232	0001.276
-02.9009	-00.0235	0001.277
-02.8966	-00.0238	0001.278
-02.8920	-00.0241	0001.279
-02.8884	-00.0238	0001.280
-02.8847	-00.0238	0001.281
-02.8804	-00.0238	0001.282
-02.8765	-00.0238	0001.283
-02.8731	-00.0235	0001.284
-02.8685	-00.0235	0001.285
-02.8646	-00.0235	0001.286
-02.8600	-00.0238	0001.287
-02.8563	-00.0235	0001.288
-02.8524	-00.0235	0001.289
-02.8484	-00.0232	0001.290
-02.8447	-00.0235	0001.291
-02.8405	-00.0235	0001.292
-02.8359	-00.0235	0001.293
-02.8322	-00.0238	0001.294
-02.8286	-00.0238	0001.295
-02.8246	-00.0235	0001.296
-02.8203	-00.0235	0001.297
-02.8164	-00.0235	0001.298
-02.8130	-00.0229	0001.299
-02.8087	-00.0235	0001.300
-02.8041	-00.0235	0001.301
-02.8005	-00.0232	0001.302
-02.7965	-00.0232	0001.303
-02.7929	-00.0235	0001.304
-02.7886	-00.0238	0001.305
-02.7846	-00.0235	0001.306
-02.7806	-00.0235	0001.307
-02.7767	-00.0235	0001.308
-02.7724	-00.0235	0001.309
-02.7681	-00.0232	0001.310
-02.7648	-00.0235	0001.311
-02.7602	-00.0232	0001.312
-02.7565	-00.0229	0001.313
-02.7526	-00.0235	0001.314
-02.7483	-00.0232	0001.315
-02.7443	-00.0235	0001.316
-02.7404	-00.0229	0001.317
-02.7361	-00.0235	0001.318
-02.7321	-00.0229	0001.319
-02.7285	-00.0232	0001.320
-02.7236	-00.0232	0001.321
-02.7205	-00.0235	0001.322
-02.7166	-00.0225	0001.323
-02.7123	-00.0232	0001.324
-02.7083	-00.0229	0001.325
-02.7037	-00.0229	0001.326
-02.7001	-00.0235	0001.327
-02.6967	-00.0232	0001.328
-02.6918	-00.0232	0001.329
-02.6879	-00.0232	0001.330
-02.6845	-00.0235	0001.331
-02.6802	-00.0229	0001.332
-02.6766	-00.0232	0001.333
-02.6720	-00.0232	0001.334
-02.6683	-00.0229	0001.335
-02.6647	-00.0229	0001.336
-02.6607	-00.0229	0001.337
-02.6561	-00.0225	0001.338
-02.6522	-00.0232	0001.339
-02.6485	-00.0229	0001.340
-02.6433	-00.0232	0001.341
-02.6406	-00.0225	0001.342
-02.6363	-00.0229	0001.343
-02.6326	-00.0232	0001.344
-02.6287	-00.0229	0001.345
-02.6244	-00.0225	0001.346
-02.6195	-00.0229	0001.347
-02.6159	-00.0229	0001.348
-02.6122	-00.0229	0001.349
-02.6082	-00.0225	0001.350
-02.6036	-00.0229	0001.351
-02.6006	-00.0229	0001.352
-02.5963	-00.0229	0001.353
-02.5914	-00.0225	0001.354
-02.5881	-00.0232	0001.355
-02.5838	-00.0229	0001.356
-02.5805	-00.0225	0001.357
-02.5759	-00.0229	0001.358
-02.5716	-00.0225	0001.359
-02.5679	-00.0229	0001.360
-02.5640	-00.0225	0001.361
-02.5600	-00.0229	0001.362
-02.5563	-00.0225	0001.363
-02.5524	-00.0225	0001.364
-02.5487	-00.0225	0001.365
-02.5441	-00.0225	0001.366
-02.5402	-00.0225	0001.367
-02.5359	-00.0222	0001.368
-02.5316	-00.0225	0001.369
-02.5277	-00.0225	0001.370
-02.5237	-00.0222	0001.371
-02.5197	-00.0222	0001.372
-02.5158	-00.0229	0001.373
-02.5118	-00.0219	0001.374
-02.5078	-00.0225	0001.375
-02.5035	-00.0219	0001.376
-02.5005	-00.0225	0001.377
-02.4959	-00.0225	0001.378
-02.4923	-00.0222	0001.379
-02.4880	-00.0222	0001.380
-02.4837	-00.0222	0001.381
-02.4804	-00.0222	0001.382
-02.4764	-00.0225	0001.383
-02.4724	-00.0222	0001.384
-02.4681	-00.0222	0001.385
-02.4636	-00.0225	0001.386
-02.4599	-00.0225	0001.387
-02.4562	-00.0222	0001.388
-02.4523	-00.0222	0001.389
-02.4480	-00.0219	0001.390
-02.4440	-00.0222	0001.391
-02.4395	-00.0222	0001.392
-02.4358	-00.0222	0001.393
-02.4315	-00.0222	0001.394
-02.4276	-00.0219	0001.395
-02.4242	-00.0222	0001.396
-02.4196	-00.0222	0001.397
-02.4157	-00.0225	0001.398
-02.4120	-00.0222	0001.399
-02.4077	-00.0225	0001.400
-02.4041	-00.0225	0001.401
-02.3998	-00.0222	0001.402
-02.3958	-00.0219	0001.403
-02.3922	-00.0222	0001.404
-02.3876	-00.0219	0001.405
-02.3839	-00.0219	0001.406
-02.3800	-00.0222	0001.407
-02.3754	-00.0222	0001.408
-02.3720	-00.0229	0001.409
-02.3681	-00.0216	0001.410
-02.3644	-00.0219	0001.411
-02.3601	-00.0219	0001.412
-02.3558	-00.0222	0001.413
-02.3516	-00.0216	0001.414
-02.3476	-00.0219	0001.415
-02.3446	-00.0219	0001.416
-02.3400	-00.0219	0001.417
-02.3363	-00.0219	0001.418
-02.3314	-00.0216	0001.419
-02.3278	-00.0219	0001.420
-02.3238	-00.0222	0001.421
-02.3198	-00.0216	0001.422
-02.3156	-00.0219	0001.423
-02.3116	-00.0222	0001.424
-02.3076	-00.0219	0001.425
-02.3043	-00.0222	0001.426
-02.2991	-00.0219	0001.427
-02.2957	-00.0219	0001.428
-02.2921	-00.0216	0001.429
-02.2878	-00.0225	0001.430
-02.2832	-00.0216	0001.431
-02.2795	-00.0219	0001.432
-02.2759	-00.0216	0001.433
-02.2722	-00.0216	0001.434
-02.2676	-00.0216	0001.435
-02.2640	-00.0219	0001.436
-02.2603	-00.0219	0001.437
-02.2561	-00.0219	0001.438
-02.2527	-00.0216	0001.439
-02.2484	-00.0216	0001.440
-02.2435	-00.0213	0001.441
-02.2393	-00.0213	0001.442
-02.2356	-00.0219	0001.443
-02.2316	-00.0216	0001.444
-02.2283	-00.0216	0001.445
-02.2234	-00.0216	0001.446
-02.2197	-00.0213	0001.447
-02.2164	-00.0213	0001.448
-02.2118	-00.0216	0001.449
-02.2072	-00.0213	0001.450
-02.2036	-00.0216	0001.451
-02.1996	-00.0213	0001.452
-02.1956	-00.0213	0001.453
-02.1923	-00.0213	0001.454
-02.1877	-00.0219	0001.455
-02.1837	-00.0216	0001.456
-02.1798	-00.0216	0001.457
-02.1755	-00.0213	0001.458
-02.1715	-00.0216	0001.459
-02.1675	-00.0213	0001.460
-02.1633	-00.0216	0001.461
-02.1599	-00.0213	0001.462
-02.1556	-00.0210	0001.463
-02.1520	-00.0213	0001.464
-02.1477	-00.0201	0001.465
-02.1434	-00.0216	0001.466
-02.1395	-00.0213	0001.467
-02.1355	-00.0213	0001.468
-02.1315	-00.0213	0001.469
-02.1276	-00.0216	0001.470
-02.1236	-00.0213	0001.471
-02.1199	-00.0213	0001.472
-02.1157	-00.0213	0001.473
-02.1117	-00.0213	0001.474
-02.1074	-00.0207	0001.475
-02.1035	-00.0213	0001.476
-02.0995	-00.0210	0001.477
-02.0952	-00.0210	0001.478
-02.0913	-00.0213	0001.479
-02.0876	-00.0210	0001.480
-02.0833	-00.0210	0001.481
-02.0797	-00.0210	0001.482
-02.0757	-00.0210	0001.483
-02.0717	-00.0207	0001.484
-02.0675	-00.0210	0001.485
-02.0635	-00.0213	0001.486
-02.0595	-00.0210	0001.487
-02.0552	-00.0210	0001.488
-02.0516	-00.0210	0001.489
-02.0470	-00.0210	0001.490
-02.0430	-00.0210	0001.491
-02.0397	-00.0207	0001.492
-02.0357	-00.0210	0001.493
-02.0317	-00.0213	0001.494
-02.0269	-00.0207	0001.495
-02.0238	-00.0210	0001.496
-02.0189	-00.0210	0001.497
-02.0153	-00.0207	0001.498
-02.0116	-00.0207	0001.499
-02.0073	-00.0207	0001.500
-02.0034	-00.0210	0001.501
-02.0000	-00.0207	0001.502
-01.9951	-00.0201	0001.503
-01.9918	-00.0204	0001.504
-01.9875	-00.0207	0001.505
-01.9832	-00.0210	0001.506
-01.9793	-00.0201	0001.507
-01.9750	-00.0204	0001.508
-01.9710	-00.0207	0001.509
-01.9670	-00.0207	0001.510
-01.9634	-00.0207	0001.511
-01.9594	-00.0210	0001.512
-01.9555	-00.0207	0001.513
-01.9518	-00.0201	0001.514
-01.9469	-00.0207	0001.515
-01.9432	-00.0204	0001.516
-01.9393	-00.0204	0001.517
-01.9353	-00.0204	0001.518
-01.9310	-00.0201	0001.519
-01.9268	-00.0204	0001.520
-01.9234	-00.0204	0001.521
-01.9194	-00.0204	0001.522
-01.9155	-00.0207	0001.523
-01.9112	-00.0210	0001.524
-01.9072	-00.0204	0001.525
-01.9027	-00.0201	0001.526
-01.8993	-00.0204	0001.527
-01.8947	-00.0201	0001.528
-01.8914	-00.0204	0001.529
-01.8871	-00.0204	0001.530
-01.8831	-00.0204	0001.531
-01.8795	-00.0201	0001.532
-01.8746	-00.0207	0001.533
-01.8709	-00.0204	0001.534
-01.8666	-00.0198	0001.535
-01.8627	-00.0201	0001.536
-01.8593	-00.0204	0001.537
-01.8557	-00.0204	0001.538
-01.8508	-00.0201	0001.539
-01.8471	-00.0201	0001.540
-01.8435	-00.0204	0001.541
-01.8395	-00.0198	0001.542
-01.8349	-00.0204	0001.543
-01.8312	-00.0195	0001.544
-01.8267	-00.0198	0001.545
-01.8230	-00.0201	0001.546
-01.8190	-00.0207	0001.547
-01.8151	-00.0201	0001.548
-01.8108	-00.0198	0001.549
-01.8065	-00.0195	0001.550
-01.8032	-00.0204	0001.551
-01.7989	-00.0201	0001.552
-01.7952	-00.0198	0001.553
-01.7913	-00.0195	0001.554
-01.7870	-00.0198	0001.555
-01.7830	-00.0201	0001.556
-01.7788	-00.0198	0001.557
-01.7754	-00.0195	0001.558
-01.7711	-00.0204	0001.559
-01.7665	-00.0189	0001.560
-01.7635	-00.0195	0001.561
-01.7589	-00.0201	0001.562
-01.7546	-00.0195	0001.563
-01.7507	-00.0195	0001.564
-01.7470	-00.0198	0001.565
-01.7427	-00.0198	0001.566
-01.7388	-00.0198	0001.567
-01.7348	-00.0198	0001.568
-01.7308	-00.0195	0001.569
-01.7272	-00.0198	0001.570
-01.7229	-00.0195	0001.571
-01.7192	-00.0195	0001.572
-01.7153	-00.0198	0001.573
-01.7110	-00.0198	0001.574
-01.7067	-00.0198	0001.575
-01.7028	-00.0192	0001.576
-01.6991	-00.0198	0001.577
-01.6945	-00.0198	0001.578
-01.6909	-00.0195	0001.579
-01.6872	-00.0195	0001.580
-01.6823	-00.0198	0001.581
-01.6784	-00.0195	0001.582
-01.6744	-00.0192	0001.583
-01.6710	-00.0195	0001.584
-01.6665	-00.0195	0001.585
-01.6631	-00.0192	0001.586
-01.6588	-00.0192	0001.587
-01.6545	-00.0192	0001.588
-01.6509	-00.0192	0001.589
-01.6460	-00.0195	0001.590
-01.6430	-00.0192	0001.591
-01.6387	-00.0192	0001.592
-01.6347	-00.0192	0001.593
-01.6304	-00.0192	0001.594
-01.6262	-00.0195	0001.595
-01.6231	-00.0192	0001.596
-01.6185	-00.0192	0001.597
-01.6149	-00.0192	0001.598
-01.6109	-00.0192	0001.599
-01.6066	-00.0189	0001.600
-01.6030	-00.0195	0001.601
-01.5987	-00.0189	0001.602
-01.5950	-00.0192	0001.603
-01.5908	-00.0192	0001.604
-01.5868	-00.0189	0001.605
-01.5828	-00.0189	0001.606
-01.5789	-00.0189	0001.607
-01.5746	-00.0189	0001.608
-01.5706	-00.0189	0001.609
-01.5664	-00.0192	0001.610
-01.5627	-00.0192	0001.611
-01.5578	-00.0192	0001.612
-01.5548	-00.0186	0001.613
-01.5505	-00.0189	0001.614
-01.5468	-00.0189	0001.615
-01.5425	-00.0186	0001.616
-01.5389	-00.0189	0001.617
-01.5349	-00.0189	0001.618
-01.5303	-00.0189	0001.619
-01.5264	-00.0189	0001.620
-01.5227	-00.0189	0001.621
-01.5184	-00.0189	0001.622
-01.5145	-00.0183	0001.623
-01.5102	-00.0189	0001.624
-01.5065	-00.0192	0001.625
-01.5026	-00.0183	0001.626
-01.4986	-00.0189	0001.627
-01.4940	-00.0183	0001.628
-01.4907	-00.0186	0001.629
-01.4864	-00.0186	0001.630
-01.4827	-00.0186	0001.631
-01.4788	-00.0183	0001.632
-01.4742	-00.0186	0001.633
-01.4708	-00.0186	0001.634
-01.4663	-00.0186	0001.635
-01.4626	-00.0183	0001.636
-01.4583	-00.0186	0001.637
-01.4540	-00.0186	0001.638
-01.4507	-00.0189	0001.639
-01.4461	-00.0186	0001.640
-01.4425	-00.0189	0001.641
-01.4382	-00.0183	0001.642
-01.4345	-00.0183	0001.643
-01.4309	-00.0183	0001.644
-01.4266	-00.0186	0001.645
-01.4220	-00.0186	0001.646
-01.4186	-00.0189	0001.647
-01.4144	-00.0180	0001.648
-01.4101	-00.0180	0001.649
-01.4067	-00.0180	0001.650
-01.4028	-00.0183	0001.651
-01.3985	-00.0183	0001.652
-01.3948	-00.0186	0001.653
-01.3906	-00.0180	0001.654
-01.3866	-00.0186	0001.655
-01.3817	-00.0177	0001.656
-01.3781	-00.0180	0001.657
-01.3747	-00.0180	0001.658
-01.3704	-00.0180	0001.659
-01.3665	-00.0183	0001.660
-01.3622	-00.0180	0001.661
-01.3585	-00.0180	0001.662
-01.3546	-00.0180	0001.663
-01.3503	-00.0177	0001.664
-01.3460	-00.0180	0001.665
-01.3424	-00.0180	0001.666
-01.3381	-00.0177	0001.667
-01.3338	-00.0180	0001.668
-01.3301	-00.0180	0001.669
-01.3262	-00.0183	0001.670
-01.3225	-00.0177	0001.671
-01.3182	-00.0180	0001.672
-01.3143	-00.0180	0001.673
-01.3097	-00.0174	0001.674
-01.3057	-00.0177	0001.675
-01.3021	-00.0180	0001.676
-01.2981	-00.0177	0001.677
-01.2941	-00.0180	0001.678
-01.2902	-00.0177	0001.679
-01.2865	-00.0180	0001.680
-01.2822	-00.0180	0001.681
-01.2783	-00.0180	0001.682
-01.2743	-00.0180	0001.683
-01.2700	-00.0177	0001.684
-01.2658	-00.0177	0001.685
-01.2624	-00.0174	0001.686
-01.2584	-00.0174	0001.687
-01.2535	-00.0171	0001.688
-01.2502	-00.0177	0001.689
-01.2459	-00.0171	0001.690
-01.2423	-00.0177	0001.691
-01.2380	-00.0177	0001.692
-01.2337	-00.0174	0001.693
-01.2297	-00.0177	0001.694
-01.2258	-00.0174	0001.695
-01.2218	-00.0174	0001.696
-01.2175	-00.0174	0001.697
-01.2145	-00.0174	0001.698
-01.2099	-00.0171	0001.699
-01.2066	-00.0174	0001.700
-01.2020	-00.0174	0001.701
-01.1977	-00.0174	0001.702
-01.1937	-00.0171	0001.703
-01.1901	-00.0171	0001.704
-01.1861	-00.0171	0001.705
-01.1818	-00.0174	0001.706
-01.1782	-00.0174	0001.707
-01.1742	-00.0174	0001.708
-01.1702	-00.0174	0001.709
-01.1657	-00.0171	0001.710
-01.1620	-00.0167	0001.711
-01.1580	-00.0171	0001.712
-01.1541	-00.0171	0001.713
-01.1498	-00.0174	0001.714
-01.1461	-00.0167	0001.715
-01.1422	-00.0171	0001.716
-01.1379	-00.0171	0001.717
-01.1336	-00.0167	0001.718
-01.1303	-00.0167	0001.719
-01.1260	-00.0167	0001.720
-01.1217	-00.0171	0001.721
-01.1181	-00.0164	0001.722
-01.1138	-00.0167	0001.723
-01.1098	-00.0171	0001.724
-01.1061	-00.0171	0001.725
-01.1019	-00.0167	0001.726
-01.0973	-00.0167	0001.727
-01.0942	-00.0171	0001.728
-01.0897	-00.0167	0001.729
-01.0860	-00.0161	0001.730
-01.0820	-00.0167	0001.731
-01.0778	-00.0167	0001.732
-01.0735	-00.0164	0001.733
-01.0695	-00.0171	0001.734
-01.0656	-00.0164	0001.735
-01.0619	-00.0167	0001.736
-01.0582	-00.0167	0001.737
-01.0540	-00.0167	0001.738
-01.0500	-00.0164	0001.739
-01.0451	-00.0164	0001.740
-01.0418	-00.0161	0001.741
-01.0375	-00.0167	0001.742
-01.0341	-00.0161	0001.743
-01.0299	-00.0161	0001.744
-01.0259	-00.0161	0001.745
-01.0216	-00.0164	0001.746
-01.0180	-00.0161	0001.747
-01.0137	-00.0164	0001.748
-01.0097	-00.0161	0001.749
-01.0054	-00.0161	0001.750
-01.0018	-00.0161	0001.751
-00.9978	-00.0155	0001.752
-00.9938	-00.0161	0001.753
-00.9893	-00.0161	0001.754
-00.9859	-00.0161	0001.755
-00.9813	-00.0161	0001.756
-00.9777	-00.0155	0001.757
-00.9740	-00.0161	0001.758
-00.9694	-00.0161	0001.759
-00.9658	-00.0158	0001.760
-00.9615	-00.0164	0001.761
-00.9575	-00.0155	0001.762
-00.9536	-00.0158	0001.763
-00.9496	-00.0158	0001.764
-00.9456	-00.0161	0001.765
-00.9417	-00.0158	0001.766
-00.9377	-00.0161	0001.767
-00.9337	-00.0158	0001.768
-00.9295	-00.0155	0001.769
-00.9255	-00.0161	0001.770
-00.9215	-00.0155	0001.771
-00.9179	-00.0158	0001.772
-00.9136	-00.0155	0001.773
-00.9096	-00.0155	0001.774
-00.9056	-00.0155	0001.775
-00.9017	-00.0155	0001.776
-00.8974	-00.0155	0001.777
-00.8934	-00.0155	0001.778
-00.8895	-00.0158	0001.779
-00.8858	-00.0155	0001.780
-00.8812	-00.0155	0001.781
-00.8776	-00.0158	0001.782
-00.8739	-00.0155	0001.783
-00.8696	-00.0155	0001.784
-00.8657	-00.0158	0001.785
-00.8611	-00.0155	0001.786
-00.8577	-00.0155	0001.787
-00.8535	-00.0155	0001.788
-00.8498	-00.0152	0001.789
-00.8455	-00.0155	0001.790
-00.8413	-00.0152	0001.791
-00.8373	-00.0155	0001.792
-00.8339	-00.0152	0001.793
-00.8297	-00.0155	0001.794
-00.8257	-00.0149	0001.795
-00.8217	-00.0152	0001.796
-00.8175	-00.0152	0001.797
-00.8135	-00.0149	0001.798
-00.8095	-00.0149	0001.799
-00.8056	-00.0152	0001.800
-00.8016	-00.0152	0001.801
-00.7973	-00.0152	0001.802
-00.7936	-00.0149	0001.803
-00.7894	-00.0149	0001.804
-00.7848	-00.0149	0001.805
-00.7821	-00.0149	0001.806
-00.7772	-00.0149	0001.807
-00.7735	-00.0143	0001.808
-00.7698	-00.0146	0001.809
-00.7656	-00.0149	0001.810
-00.7613	-00.0149	0001.811
-00.7576	-00.0143	0001.812
-00.7534	-00.0149	0001.813
-00.7494	-00.0149	0001.814
-00.7451	-00.0146	0001.815
-00.7415	-00.0146	0001.816
-00.7372	-00.0146	0001.817
-00.7335	-00.0143	0001.818
-00.7293	-00.0143	0001.819
-00.7250	-00.0143	0001.820
-00.7216	-00.0146	0001.821
-00.7177	-00.0149	0001.822
-00.7134	-00.0143	0001.823
-00.7091	-00.0146	0001.824
-00.7051	-00.0146	0001.825
-00.7009	-00.0146	0001.826
-00.6975	-00.0143	0001.827
-00.6932	-00.0143	0001.828
-00.6893	-00.0146	0001.829
-00.6850	-00.0143	0001.830
-00.6816	-00.0143	0001.831
-00.6777	-00.0143	0001.832
-00.6737	-00.0143	0001.833
-00.6691	-00.0143	0001.834
-00.6655	-00.0140	0001.835
-00.6612	-00.0143	0001.836
-00.6569	-00.0140	0001.837
-00.6533	-00.0143	0001.838
-00.6490	-00.0137	0001.839
-00.6453	-00.0140	0001.840
-00.6411	-00.0140	0001.841
-00.6377	-00.0140	0001.842
-00.6331	-00.0143	0001.843
-00.6295	-00.0137	0001.844
-00.6252	-00.0140	0001.845
-00.6212	-00.0140	0001.846
-00.6173	-00.0140	0001.847
-00.6136	-00.0140	0001.848
-00.6096	-00.0137	0001.849
-00.6057	-00.0137	0001.850
-00.6017	-00.0137	0001.851
-00.5971	-00.0137	0001.852
-00.5931	-00.0137	0001.853
-00.5892	-00.0137	0001.854
-00.5852	-00.0137	0001.855
-00.5809	-00.0140	0001.856
-00.5770	-00.0140	0001.857
-00.5730	-00.0134	0001.858
-00.5690	-00.0134	0001.859
-00.5651	-00.0140	0001.860
-00.5611	-00.0140	0001.861
-00.5568	-00.0140	0001.862
-00.5532	-00.0134	0001.863
-00.5489	-00.0131	0001.864
-00.5452	-00.0137	0001.865
-00.5410	-00.0137	0001.866
-00.5376	-00.0131	0001.867
-00.5330	-00.0137	0001.868
-00.5294	-00.0134	0001.869
-00.5254	-00.0134	0001.870
-00.5208	-00.0131	0001.871
-00.5172	-00.0134	0001.872
-00.5129	-00.0134	0001.873
-00.5086	-00.0131	0001.874
-00.5050	-00.0131	0001.875
-00.5010	-00.0131	0001.876
-00.4973	-00.0134	0001.877
-00.4931	-00.0134	0001.878
-00.4891	-00.0131	0001.879
-00.4848	-00.0131	0001.880
-00.4808	-00.0128	0001.881
-00.4772	-00.0128	0001.882
-00.4729	-00.0128	0001.883
-00.4692	-00.0128	0001.884
-00.4653	-00.0128	0001.885
-00.4610	-00.0125	0001.886
-00.4570	-00.0128	0001.887
-00.4534	-00.0128	0001.888
-00.4488	-00.0128	0001.889
-00.4448	-00.0125	0001.890
-00.4412	-00.0128	0001.891
-00.4375	-00.0125	0001.892
-00.4329	-00.0125	0001.893
-00.4293	-00.0128	0001.894
-00.4250	-00.0128	0001.895
-00.4210	-00.0125	0001.896
-00.4171	-00.0125	0001.897
-00.4131	-00.0122	0001.898
-00.4088	-00.0125	0001.899
-00.4049	-00.0122	0001.900
-00.4012	-00.0125	0001.901
-00.3969	-00.0125	0001.902
-00.3933	-00.0125	0001.903
-00.3890	-00.0131	0001.904
-00.3850	-00.0125	0001.905
-00.3811	-00.0125	0001.906
-00.3771	-00.0122	0001.907
-00.3725	-00.0119	0001.908
-00.3688	-00.0122	0001.909
-00.3649	-00.0122	0001.910
-00.3609	-00.0122	0001.911
-00.3566	-00.0122	0001.912
-00.3530	-00.0122	0001.913
-00.3490	-00.0122	0001.914
-00.3444	-00.0122	0001.915
-00.3411	-00.0122	0001.916
-00.3368	-00.0116	0001.917
-00.3325	-00.0116	0001.918
-00.3286	-00.0116	0001.919
-00.3249	-00.0122	0001.920
-00.3209	-00.0119	0001.921
-00.3170	-00.0122	0001.922
-00.3127	-00.0116	0001.923
-00.3087	-00.0119	0001.924
-00.3048	-00.0122	0001.925
-00.3008	-00.0116	0001.926
-00.2965	-00.0116	0001.927
-00.2925	-00.0119	0001.928
-00.2889	-00.0119	0001.929
-00.2849	-00.0116	0001.930
-00.2803	-00.0116	0001.931
-00.2767	-00.0116	0001.932
-00.2730	-00.0116	0001.933
-00.2687	-00.0119	0001.934
-00.2654	-00.0113	0001.935
-00.2602	-00.0116	0001.936
-00.2565	-00.0113	0001.937
-00.2526	-00.0113	0001.938
-00.2483	-00.0109	0001.939
-00.2449	-00.0103	0001.940
-00.2407	-00.0116	0001.941
-00.2367	-00.0106	0001.942
-00.2324	-00.0109	0001.943
-00.2285	-00.0113	0001.944
-00.2245	-00.0113	0001.945
-00.2205	-00.0109	0001.946
-00.2166	-00.0109	0001.947
-00.2129	-00.0109	0001.948
-00.2086	-00.0109	0001.949
-00.2047	-00.0109	0001.950
-00.2004	-00.0109	0001.951
-00.1967	-00.0106	0001.952
-00.1928	-00.0109	0001.953
-00.1888	-00.0109	0001.954
-00.1845	-00.0106	0001.955
-00.1806	-00.0103	0001.956
-00.1763	-00.0109	0001.957
-00.1729	-00.0106	0001.958
-00.1680	-00.0103	0001.959
-00.1647	-00.0103	0001.960
-00.1607	-00.0109	0001.961
-00.1567	-00.0106	0001.962
-00.1525	-00.0103	0001.963
-00.1485	-00.0106	0001.964
-00.1445	-00.0106	0001.965
-00.1403	-00.0100	0001.966
-00.1363	-00.0103	0001.967
-00.1326	-00.0103	0001.968
-00.1287	-00.0103	0001.969
-00.1244	-00.0100	0001.970
-00.1210	-00.0103	0001.971
-00.1165	-00.0100	0001.972
-00.1125	-00.0100	0001.973
-00.1085	-00.0100	0001.974
-00.1049	-00.0100	0001.975
-00.1003	-00.0097	0001.976
-00.0966	-00.0100	0001.977
-00.0924	-00.0094	0001.978
-00.0884	-00.0100	0001.979
-00.0844	-00.0097	0001.980
-00.0805	-00.0097	0001.981
-00.0768	-00.0097	0001.982
-00.0722	-00.0097	0001.983
-00.0686	-00.0100	0001.984
-00.0646	-00.0097	0001.985
-00.0600	-00.0097	0001.986
-00.0560	-00.0094	0001.987
-00.0527	-00.0091	0001.988
-00.0484	-00.0097	0001.989
-00.0444	-00.0097	0001.990
-00.0405	-00.0094	0001.991
-00.0359	-00.0094	0001.992
-00.0325	-00.0094	0001.993
-00.0283	-00.0094	0001.994
-00.0243	-00.0094	0001.995
-00.0206	-00.0091	0001.996
-00.0167	-00.0094	0001.997
-00.0127	-00.0091	0001.998
-00.0081	-00.0091	0001.999
