R,Ohm	C,pF	Temp,C
0000000000	0000100000	+025.00
Ch1,V	Ch2,V	Time,s
-00.0002	-00.0018	0000.000
+00.0001	-00.0006	0000.001
+00.0087	-00.0009	0000.002
+00.0178	-00.0003	0000.003
+00.0270	-00.0009	0000.004
+00.0358	-00.0003	0000.005
+00.0450	+00.0003	0000.006
+00.0535	+00.0006	0000.007
+00.0630	+00.0006	0000.008
+00.0718	+00.0006	0000.009
+00.0807	+00.0013	0000.010
+00.0895	+00.0013	0000.011
+00.0987	+00.0019	0000.012
+00.1075	+00.0022	0000.013
+00.1167	+00.0025	0000.014
+00.1258	+00.0028	0000.015
+00.1350	+00.0034	0000.016
+00.1439	+00.0040	0000.017
+00.1533	+00.0046	0000.018
+00.1616	+00.0049	0000.019
+00.1707	+00.0061	0000.020
+00.1799	+00.0061	0000.021
+00.1887	+00.0071	0000.022
+00.1976	+00.0077	0000.023
+00.2067	+00.0083	0000.024
+00.2156	+00.0092	0000.025
+00.2250	+00.0098	0000.026
+00.2336	+00.0107	0000.027
+00.2433	+00.0119	0000.028
+00.2516	+00.0122	0000.029
+00.2616	+00.0132	0000.030
+00.2699	+00.0147	0000.031
+00.2790	+00.0156	0000.032
+00.2879	+00.0165	0000.033
+00.2970	+00.0171	0000.034
+00.3062	+00.0183	0000.035
+00.3157	+00.0196	0000.036
+00.3239	+00.0208	0000.037
+00.3331	+00.0217	0000.038
+00.3425	+00.0229	0000.039
+00.3511	+00.0245	0000.040
+00.3599	+00.0251	0000.041
+00.3694	+00.0266	0000.042
+00.3779	+00.0272	0000.043
+00.3874	+00.0290	0000.044
+00.3959	+00.0302	0000.045
+00.4051	+00.0309	0000.046
+00.4145	+00.0327	0000.047
+00.4234	+00.0339	0000.048
+00.4322	+00.0348	0000.049
+00.4411	+00.0360	0000.050
+00.4502	+00.0373	0000.051
+00.4597	+00.0391	0000.052
+00.4686	+00.0397	0000.053
+00.4774	+00.0415	0000.054
+00.4863	+00.0431	0000.055
+00.4954	+00.0443	0000.056
+00.5043	+00.0455	0000.057
+00.5134	+00.0473	0000.058
+00.5223	+00.0489	0000.059
+00.5317	+00.0498	0000.060
+00.5406	+00.0513	0000.061
+00.5494	+00.0528	0000.062
+00.5583	+00.0544	0000.063
+00.5671	+00.0553	0000.064
+00.5763	+00.0574	0000.065
+00.5851	+00.0580	0000.066
+00.5943	+00.0595	0000.067
+00.6034	+00.0608	0000.068
+00.6126	+00.0626	0000.069
+00.6215	+00.0644	0000.070
+00.6303	+00.0653	0000.071
+00.6395	+00.0663	0000.072
+00.6483	+00.0681	0000.073
+00.6572	+00.0693	0000.074
+00.6669	+00.0711	0000.075
+00.6752	+00.0727	0000.076
+00.6846	+00.0739	0000.077
+00.6938	+00.0751	0000.078
+00.7029	+00.0763	0000.079
+00.7115	+00.0782	0000.080
+00.7206	+00.0794	0000.081
+00.7295	+00.0812	0000.082
+00.7386	+00.0824	0000.083
+00.7478	+00.0833	0000.084
+00.7566	+00.0855	0000.085
+00.7655	+00.0861	0000.086
+00.7746	+00.0876	0000.087
+00.7835	+00.0888	0000.088
+00.7927	+00.0901	0000.089
+00.8012	+00.0919	0000.090
+00.8104	+00.0931	0000.091
+00.8195	+00.0943	0000.092
+00.8287	+00.0956	0000.093
+00.8372	+00.0968	0000.094
+00.8467	+00.0983	0000.095
+00.8558	+00.0992	0000.096
+00.8647	+00.1004	0000.097
+00.8738	+00.1026	0000.098
+00.8833	+00.1038	0000.099
+00.8921	+00.1047	0000.100
+00.9013	+00.1056	0000.101
+00.9098	+00.1072	0000.102
+00.9187	+00.1081	0000.103
+00.9282	+00.1096	0000.104
+00.9370	+00.1105	0000.105
+00.9465	+00.1114	0000.106
+00.9550	+00.1126	0000.107
+00.9639	+00.1139	0000.108
+00.9733	+00.1154	0000.109
+00.9819	+00.1160	0000.110
+00.9916	+00.1169	0000.111
+00.9999	+00.1187	0000.112
+01.0090	+00.1194	0000.113
+01.0179	+00.1206	0000.114
+01.0273	+00.1212	0000.115
+01.0362	+00.1227	0000.116
+01.0453	+00.1236	0000.117
+01.0539	+00.1249	0000.118
+01.0627	+00.1258	0000.119
+01.0722	+00.1270	0000.120
+01.0814	+00.1276	0000.121
+01.0905	+00.1288	0000.122
+01.0991	+00.1294	0000.123
+01.1082	+00.1300	0000.124
+01.1171	+00.1313	0000.125
+01.1262	+00.1322	0000.126
+01.1348	+00.1334	0000.127
+01.1442	+00.1343	0000.128
+01.1528	+00.1346	0000.129
+01.1625	+00.1358	0000.130
+01.1711	+00.1368	0000.131
+01.1808	+00.1377	0000.132
+01.1891	+00.1386	0000.133
+01.1985	+00.1395	0000.134
+01.2071	+00.1404	0000.135
+01.2162	+00.1410	0000.136
+01.2251	+00.1419	0000.137
+01.2342	+00.1429	0000.138
+01.2431	+00.1438	0000.139
+01.2526	+00.1444	0000.140
+01.2611	+00.1450	0000.141
+01.2706	+00.1459	0000.142
+01.2797	+00.1468	0000.143
+01.2883	+00.1477	0000.144
+01.2971	+00.1480	0000.145
+01.3069	+00.1493	0000.146
+01.3157	+00.1496	0000.147
+01.3243	+00.1505	0000.148
+01.3334	+00.1511	0000.149
+01.3423	+00.1520	0000.150
+01.3514	+00.1523	0000.151
+01.3603	+00.1532	0000.152
+01.3691	+00.1542	0000.153
+01.3789	+00.1548	0000.154
+01.3877	+00.1554	0000.155
+01.3969	+00.1563	0000.156
+01.4058	+00.1569	0000.157
+01.4149	+00.1578	0000.158
+01.4235	+00.1584	0000.159
+01.4326	+00.1584	0000.160
+01.4418	+00.1596	0000.161
+01.4509	+00.1603	0000.162
+01.4595	+00.1609	0000.163
+01.4683	+00.1615	0000.164
+01.4781	+00.1624	0000.165
+01.4866	+00.1627	0000.166
+01.4958	+00.1636	0000.167
+01.5046	+00.1642	0000.168
+01.5135	+00.1645	0000.169
+01.5226	+00.1651	0000.170
+01.5315	+00.1661	0000.171
+01.5406	+00.1661	0000.172
+01.5498	+00.1676	0000.173
+01.5590	+00.1679	0000.174
+01.5678	+00.1688	0000.175
+01.5770	+00.1688	0000.176
+01.5858	+00.1697	0000.177
+01.5953	+00.1700	0000.178
+01.6041	+00.1706	0000.179
+01.6127	+00.1715	0000.180
+01.6224	+00.1722	0000.181
+01.6310	+00.1722	0000.182
+01.6398	+00.1731	0000.183
+01.6490	+00.1737	0000.184
+01.6581	+00.1743	0000.185
+01.6667	+00.1743	0000.186
+01.6755	+00.1755	0000.187
+01.6856	+00.1758	0000.188
+01.6941	+00.1764	0000.189
+01.7024	+00.1764	0000.190
+01.7118	+00.1773	0000.191
+01.7210	+00.1780	0000.192
+01.7299	+00.1783	0000.193
+01.7390	+00.1789	0000.194
+01.7482	+00.1792	0000.195
+01.7573	+00.1804	0000.196
+01.7662	+00.1801	0000.197
+01.7747	+00.1807	0000.198
+01.7839	+00.1813	0000.199
+01.7930	+00.1819	0000.200
+01.8025	+00.1822	0000.201
+01.8113	+00.1828	0000.202
+01.8205	+00.1838	0000.203
+01.8290	+00.1841	0000.204
+01.8385	+00.1844	0000.205
+01.8473	+00.1850	0000.206
+01.8562	+00.1850	0000.207
+01.8650	+00.1862	0000.208
+01.8745	+00.1865	0000.209
+01.8830	+00.1865	0000.210
+01.8925	+00.1877	0000.211
+01.9004	+00.1877	0000.212
+01.9102	+00.1883	0000.213
+01.9194	+00.1886	0000.214
+01.9282	+00.1889	0000.215
+01.9371	+00.1899	0000.216
+01.9462	+00.1899	0000.217
+01.9551	+00.1908	0000.218
+01.9642	+00.1914	0000.219
+01.9731	+00.1914	0000.220
+01.9822	+00.1917	0000.221
+01.9914	+00.1926	0000.222
+02.0002	+00.1929	0000.223
+02.0091	+00.1929	0000.224
+02.0182	+00.1935	0000.225
+02.0274	+00.1941	0000.226
+02.0366	+00.1944	0000.227
+02.0451	+00.1953	0000.228
+02.0543	+00.1950	0000.229
+02.0631	+00.1957	0000.230
+02.0732	+00.1963	0000.231
+02.0817	+00.1972	0000.232
+02.0903	+00.1966	0000.233
+02.0994	+00.1975	0000.234
+02.1089	+00.1984	0000.235
+02.1177	+00.1984	0000.236
+02.1266	+00.1987	0000.237
+02.1354	+00.1990	0000.238
+02.1446	+00.1996	0000.239
+02.1534	+00.2002	0000.240
+02.1623	+00.2005	0000.241
+02.1714	+00.2008	0000.242
+02.1803	+00.2015	0000.243
+02.1901	+00.2015	0000.244
+02.1986	+00.2024	0000.245
+02.2078	+00.2027	0000.246
+02.2163	+00.2027	0000.247
+02.2261	+00.2033	0000.248
+02.2349	+00.2033	0000.249
+02.2441	+00.2039	0000.250
+02.2532	+00.2045	0000.251
+02.2612	+00.2048	0000.252
+02.2706	+00.2051	0000.253
+02.2801	+00.2060	0000.254
+02.2883	+00.2060	0000.255
+02.2978	+00.2066	0000.256
+02.3063	+00.2063	0000.257
+02.3155	+00.2069	0000.258
+02.3246	+00.2073	0000.259
+02.3338	+00.2082	0000.260
+02.3426	+00.2085	0000.261
+02.3518	+00.2088	0000.262
+02.3606	+00.2088	0000.263
+02.3698	+00.2094	0000.264
+02.3783	+00.2094	0000.265
+02.3884	+00.2106	0000.266
+02.3964	+00.2106	0000.267
+02.4058	+00.2109	0000.268
+02.4147	+00.2115	0000.269
+02.4244	+00.2118	0000.270
+02.4327	+00.2118	0000.271
+02.4421	+00.2127	0000.272
+02.4507	+00.2127	0000.273
+02.4595	+00.2130	0000.274
+02.4693	+00.2137	0000.275
+02.4775	+00.2137	0000.276
+02.4873	+00.2146	0000.277
+02.4955	+00.2146	0000.278
+02.5047	+00.2152	0000.279
+02.5142	+00.2152	0000.280
+02.5230	+00.2155	0000.281
+02.5322	+00.2158	0000.282
+02.5410	+00.2164	0000.283
+02.5502	+00.2167	0000.284
+02.5587	+00.2170	0000.285
+02.5682	+00.2173	0000.286
+02.5764	+00.2173	0000.287
+02.5865	+00.2182	0000.288
+02.5953	+00.2182	0000.289
+02.6039	+00.2188	0000.290
+02.6127	+00.2192	0000.291
+02.6225	+00.2195	0000.292
+02.6310	+00.2198	0000.293
+02.6399	+00.2201	0000.294
+02.6490	+00.2204	0000.295
+02.6582	+00.2207	0000.296
+02.6667	+00.2207	0000.297
+02.6765	+00.2213	0000.298
+02.6851	+00.2219	0000.299
+02.6942	+00.2222	0000.300
+02.7034	+00.2222	0000.301
+02.7125	+00.2225	0000.302
+02.7220	+00.2237	0000.303
+02.7302	+00.2234	0000.304
+02.7394	+00.2237	0000.305
+02.7482	+00.2243	0000.306
+02.7574	+00.2243	0000.307
+02.7665	+00.2246	0000.308
+02.7760	+00.2250	0000.309
+02.7845	+00.2256	0000.310
+02.7934	+00.2256	0000.311
+02.8025	+00.2259	0000.312
+02.8117	+00.2259	0000.313
+02.8205	+00.2265	0000.314
+02.8294	+00.2268	0000.315
+02.8386	+00.2274	0000.316
+02.8474	+00.2277	0000.317
+02.8569	+00.2277	0000.318
+02.8654	+00.2280	0000.319
+02.8743	+00.2283	0000.320
+02.8840	+00.2286	0000.321
+02.8926	+00.2292	0000.322
+02.9014	+00.2295	0000.323
+02.9103	+00.2295	0000.324
+02.9203	+00.2298	0000.325
+02.9283	+00.2304	0000.326
+02.9380	+00.2307	0000.327
+02.9463	+00.2304	0000.328
+02.9564	+00.2311	0000.329
+02.9649	+00.2317	0000.330
+02.9731	+00.2317	0000.331
+02.9826	+00.2323	0000.332
+02.9918	+00.2320	0000.333
+03.0009	+00.2326	0000.334
+03.0104	+00.2332	0000.335
+03.0189	+00.2335	0000.336
+03.0281	+00.2332	0000.337
+03.0366	+00.2341	0000.338
+03.0458	+00.2338	0000.339
+03.0549	+00.2344	0000.340
+03.0638	+00.2347	0000.341
+03.0732	+00.2350	0000.342
+03.0824	+00.2353	0000.343
+03.0906	+00.2356	0000.344
+03.1001	+00.2359	0000.345
+03.1089	+00.2362	0000.346
+03.1187	+00.2369	0000.347
+03.1273	+00.2362	0000.348
+03.1361	+00.2372	0000.349
+03.1443	+00.2375	0000.350
+03.1544	+00.2378	0000.351
+03.1633	+00.2378	0000.352
+03.1718	+00.2384	0000.353
+03.1810	+00.2387	0000.354
+03.1901	+00.2387	0000.355
+03.1993	+00.2393	0000.356
+03.2081	+00.2390	0000.357
+03.2173	+00.2399	0000.358
+03.2258	+00.2396	0000.359
+03.2350	+00.2399	0000.360
+03.2447	+00.2402	0000.361
+03.2533	+00.2411	0000.362
+03.2621	+00.2411	0000.363
+03.2707	+00.2411	0000.364
+03.2804	+00.2411	0000.365
+03.2890	+00.2420	0000.366
+03.2978	+00.2420	0000.367
+03.3058	+00.2423	0000.368
+03.3165	+00.2427	0000.369
+03.3253	+00.2423	0000.370
+03.3348	+00.2430	0000.371
+03.3430	+00.2436	0000.372
+03.3522	+00.2439	0000.373
+03.3613	+00.2439	0000.374
+03.3705	+00.2445	0000.375
+03.3799	+00.2445	0000.376
+03.3879	+00.2445	0000.377
+03.3970	+00.2451	0000.378
+03.4065	+00.2454	0000.379
+03.4153	+00.2454	0000.380
+03.4239	+00.2457	0000.381
+03.4333	+00.2460	0000.382
+03.4422	+00.2460	0000.383
+03.4513	+00.2466	0000.384
+03.4599	+00.2463	0000.385
+03.4700	+00.2472	0000.386
+03.4791	+00.2472	0000.387
+03.4871	+00.2478	0000.388
+03.4962	+00.2481	0000.389
+03.5051	+00.2481	0000.390
+03.5145	+00.2484	0000.391
+03.5243	+00.2488	0000.392
+03.5319	+00.2491	0000.393
+03.5414	+00.2494	0000.394
+03.5502	+00.2491	0000.395
+03.5597	+00.2497	0000.396
+03.5682	+00.2500	0000.397
+03.5774	+00.2500	0000.398
+03.5865	+00.2503	0000.399
+03.5957	+00.2506	0000.400
+03.6049	+00.2512	0000.401
+03.6134	+00.2506	0000.402
+03.6219	+00.2512	0000.403
+03.6314	+00.2515	0000.404
+03.6409	+00.2518	0000.405
+03.6494	+00.2524	0000.406
+03.6586	+00.2527	0000.407
+03.6674	+00.2524	0000.408
+03.6769	+00.2530	0000.409
+03.6860	+00.2527	0000.410
+03.6952	+00.2533	0000.411
+03.7037	+00.2539	0000.412
+03.7126	+00.2536	0000.413
+03.7217	+00.2542	0000.414
+03.7300	+00.2542	0000.415
+03.7397	+00.2546	0000.416
+03.7489	+00.2549	0000.417
+03.7577	+00.2549	0000.418
+03.7672	+00.2552	0000.419
+03.7757	+00.2555	0000.420
+03.7846	+00.2555	0000.421
+03.7947	+00.2561	0000.422
+03.8029	+00.2564	0000.423
+03.8118	+00.2561	0000.424
+03.8206	+00.2567	0000.425
+03.8301	+00.2570	0000.426
+03.8386	+00.2576	0000.427
+03.8484	+00.2576	0000.428
+03.8566	+00.2573	0000.429
+03.8658	+00.2579	0000.430
+03.8746	+00.2579	0000.431
+03.8838	+00.2585	0000.432
+03.8926	+00.2585	0000.433
+03.9024	+00.2591	0000.434
+03.9106	+00.2591	0000.435
+03.9198	+00.2591	0000.436
+03.9289	+00.2600	0000.437
+03.9384	+00.2594	0000.438
+03.9463	+00.2604	0000.439
+03.9561	+00.2600	0000.440
+03.9640	+00.2604	0000.441
+03.9738	+00.2610	0000.442
+03.9830	+00.2610	0000.443
+03.9918	+00.2610	0000.444
+04.0010	+00.2616	0000.445
+04.0104	+00.2619	0000.446
+04.0190	+00.2619	0000.447
+04.0281	+00.2619	0000.448
+04.0370	+00.2622	0000.449
+04.0461	+00.2625	0000.450
+04.0544	+00.2628	0000.451
+04.0638	+00.2628	0000.452
+04.0733	+00.2637	0000.453
+04.0825	+00.2637	0000.454
+04.0913	+00.2637	0000.455
+04.0998	+00.2637	0000.456
+04.1093	+00.2640	0000.457
+04.1182	+00.2643	0000.458
+04.1270	+00.2646	0000.459
+04.1362	+00.2646	0000.460
+04.1456	+00.2649	0000.461
+04.1545	+00.2649	0000.462
+04.1630	+00.2655	0000.463
+04.1716	+00.2652	0000.464
+04.1819	+00.2658	0000.465
+04.1905	+00.2661	0000.466
+04.1996	+00.2665	0000.467
+04.2085	+00.2665	0000.468
+04.2173	+00.2668	0000.469
+04.2265	+00.2671	0000.470
+04.2360	+00.2674	0000.471
+04.2442	+00.2671	0000.472
+04.2530	+00.2680	0000.473
+04.2628	+00.2674	0000.474
+04.2707	+00.2680	0000.475
+04.2802	+00.2686	0000.476
+04.2900	+00.2683	0000.477
+04.2979	+00.2689	0000.478
+04.3074	+00.2689	0000.479
+04.3159	+00.2686	0000.480
+04.3263	+00.2698	0000.481
+04.3345	+00.2695	0000.482
+04.3437	+00.2698	0000.483
+04.3516	+00.2695	0000.484
+04.3617	+00.2701	0000.485
+04.3702	+00.2707	0000.486
+04.3803	+00.2707	0000.487
+04.3885	+00.2710	0000.488
+04.3980	+00.2707	0000.489
+04.4072	+00.2713	0000.490
+04.4154	+00.2716	0000.491
+04.4249	+00.2716	0000.492
+04.4331	+00.2719	0000.493
+04.4423	+00.2723	0000.494
+04.4517	+00.2723	0000.495
+04.4596	+00.2723	0000.496
+04.4697	+00.2729	0000.497
+04.4786	+00.2726	0000.498
+04.4886	+00.2732	0000.499
+04.4963	+00.2738	0000.500
+04.5063	+00.2738	0000.501
+04.4966	+00.2738	0000.502
+04.4880	+00.2738	0000.503
+04.4789	+00.2735	0000.504
+04.4703	+00.2735	0000.505
+04.4609	+00.2729	0000.506
+04.4520	+00.2729	0000.507
+04.4426	+00.2729	0000.508
+04.4343	+00.2729	0000.509
+04.4246	+00.2726	0000.510
+04.4163	+00.2729	0000.511
+04.4062	+00.2726	0000.512
+04.3983	+00.2726	0000.513
+04.3888	+00.2723	0000.514
+04.3794	+00.2723	0000.515
+04.3718	+00.2723	0000.516
+04.3620	+00.2719	0000.517
+04.3534	+00.2716	0000.518
+04.3443	+00.2710	0000.519
+04.3348	+00.2710	0000.520
+04.3257	+00.2713	0000.521
+04.3162	+00.2716	0000.522
+04.3074	+00.2710	0000.523
+04.2997	+00.2704	0000.524
+04.2900	+00.2707	0000.525
+04.2811	+00.2710	0000.526
+04.2717	+00.2704	0000.527
+04.2622	+00.2701	0000.528
+04.2530	+00.2704	0000.529
+04.2442	+00.2698	0000.530
+04.2353	+00.2701	0000.531
+04.2265	+00.2695	0000.532
+04.2179	+00.2698	0000.533
+04.2088	+00.2692	0000.534
+04.1999	+00.2692	0000.535
+04.1914	+00.2695	0000.536
+04.1816	+00.2695	0000.537
+04.1725	+00.2689	0000.538
+04.1633	+00.2689	0000.539
+04.1548	+00.2686	0000.540
+04.1456	+00.2686	0000.541
+04.1365	+00.2683	0000.542
+04.1276	+00.2680	0000.543
+04.1179	+00.2677	0000.544
+04.1093	+00.2680	0000.545
+04.1002	+00.2677	0000.546
+04.0916	+00.2674	0000.547
+04.0818	+00.2671	0000.548
+04.0739	+00.2674	0000.549
+04.0651	+00.2671	0000.550
+04.0556	+00.2668	0000.551
+04.0464	+00.2665	0000.552
+04.0364	+00.2661	0000.553
+04.0278	+00.2661	0000.554
+04.0193	+00.2661	0000.555
+04.0104	+00.2665	0000.556
+04.0019	+00.2661	0000.557
+03.9915	+00.2658	0000.558
+03.9830	+00.2655	0000.559
+03.9744	+00.2655	0000.560
+03.9653	+00.2652	0000.561
+03.9561	+00.2646	0000.562
+03.9470	+00.2646	0000.563
+03.9384	+00.2643	0000.564
+03.9293	+00.2643	0000.565
+03.9204	+00.2643	0000.566
+03.9112	+00.2637	0000.567
+03.9024	+00.2634	0000.568
+03.8935	+00.2637	0000.569
+03.8847	+00.2634	0000.570
+03.8752	+00.2634	0000.571
+03.8664	+00.2631	0000.572
+03.8569	+00.2634	0000.573
+03.8484	+00.2631	0000.574
+03.8401	+00.2628	0000.575
+03.8307	+00.2622	0000.576
+03.8203	+00.2622	0000.577
+03.8121	+00.2616	0000.578
+03.8029	+00.2619	0000.579
+03.7944	+00.2610	0000.580
+03.7846	+00.2619	0000.581
+03.7757	+00.2616	0000.582
+03.7672	+00.2613	0000.583
+03.7584	+00.2613	0000.584
+03.7492	+00.2613	0000.585
+03.7400	+00.2607	0000.586
+03.7312	+00.2604	0000.587
+03.7220	+00.2607	0000.588
+03.7135	+00.2600	0000.589
+03.7040	+00.2597	0000.590
+03.6946	+00.2600	0000.591
+03.6860	+00.2597	0000.592
+03.6760	+00.2591	0000.593
+03.6674	+00.2591	0000.594
+03.6586	+00.2588	0000.595
+03.6500	+00.2585	0000.596
+03.6409	+00.2585	0000.597
+03.6323	+00.2582	0000.598
+03.6222	+00.2585	0000.599
+03.6146	+00.2579	0000.600
+03.6039	+00.2576	0000.601
+03.5960	+00.2573	0000.602
+03.5862	+00.2573	0000.603
+03.5780	+00.2573	0000.604
+03.5688	+00.2570	0000.605
+03.5600	+00.2570	0000.606
+03.5505	+00.2567	0000.607
+03.5420	+00.2567	0000.608
+03.5325	+00.2561	0000.609
+03.5243	+00.2561	0000.610
+03.5151	+00.2558	0000.611
+03.5063	+00.2552	0000.612
+03.4965	+00.2555	0000.613
+03.4880	+00.2555	0000.614
+03.4785	+00.2549	0000.615
+03.4700	+00.2552	0000.616
+03.4608	+00.2549	0000.617
+03.4513	+00.2539	0000.618
+03.4422	+00.2539	0000.619
+03.4330	+00.2539	0000.620
+03.4245	+00.2536	0000.621
+03.4153	+00.2536	0000.622
+03.4065	+00.2530	0000.623
+03.3976	+00.2530	0000.624
+03.3888	+00.2533	0000.625
+03.3790	+00.2530	0000.626
+03.3708	+00.2524	0000.627
+03.3610	+00.2521	0000.628
+03.3525	+00.2518	0000.629
+03.3433	+00.2521	0000.630
+03.3342	+00.2521	0000.631
+03.3259	+00.2515	0000.632
+03.3162	+00.2512	0000.633
+03.3070	+00.2509	0000.634
+03.2985	+00.2509	0000.635
+03.2896	+00.2506	0000.636
+03.2808	+00.2506	0000.637
+03.2716	+00.2503	0000.638
+03.2624	+00.2503	0000.639
+03.2530	+00.2494	0000.640
+03.2444	+00.2497	0000.641
+03.2347	+00.2491	0000.642
+03.2264	+00.2484	0000.643
+03.2176	+00.2488	0000.644
+03.2087	+00.2488	0000.645
+03.1993	+00.2481	0000.646
+03.1901	+00.2484	0000.647
+03.1807	+00.2481	0000.648
+03.1721	+00.2478	0000.649
+03.1636	+00.2478	0000.650
+03.1538	+00.2475	0000.651
+03.1453	+00.2472	0000.652
+03.1358	+00.2472	0000.653
+03.1269	+00.2466	0000.654
+03.1184	+00.2466	0000.655
+03.1092	+00.2463	0000.656
+03.1001	+00.2460	0000.657
+03.0912	+00.2457	0000.658
+03.0821	+00.2457	0000.659
+03.0726	+00.2457	0000.660
+03.0644	+00.2451	0000.661
+03.0555	+00.2448	0000.662
+03.0458	+00.2448	0000.663
+03.0372	+00.2448	0000.664
+03.0284	+00.2439	0000.665
+03.0183	+00.2439	0000.666
+03.0107	+00.2436	0000.667
+03.0009	+00.2433	0000.668
+02.9918	+00.2433	0000.669
+02.9826	+00.2433	0000.670
+02.9744	+00.2427	0000.671
+02.9649	+00.2427	0000.672
+02.9564	+00.2423	0000.673
+02.9472	+00.2420	0000.674
+02.9377	+00.2417	0000.675
+02.9292	+00.2417	0000.676
+02.9210	+00.2411	0000.677
+02.9109	+00.2411	0000.678
+02.9017	+00.2408	0000.679
+02.8932	+00.2405	0000.680
+02.8843	+00.2405	0000.681
+02.8752	+00.2399	0000.682
+02.8657	+00.2402	0000.683
+02.8569	+00.2396	0000.684
+02.8477	+00.2393	0000.685
+02.8386	+00.2393	0000.686
+02.8300	+00.2390	0000.687
+02.8209	+00.2387	0000.688
+02.8111	+00.2384	0000.689
+02.8028	+00.2384	0000.690
+02.7940	+00.2378	0000.691
+02.7845	+00.2381	0000.692
+02.7766	+00.2372	0000.693
+02.7665	+00.2372	0000.694
+02.7574	+00.2372	0000.695
+02.7488	+00.2369	0000.696
+02.7394	+00.2362	0000.697
+02.7311	+00.2362	0000.698
+02.7217	+00.2359	0000.699
+02.7131	+00.2359	0000.700
+02.7040	+00.2359	0000.701
+02.6951	+00.2356	0000.702
+02.6860	+00.2350	0000.703
+02.6768	+00.2350	0000.704
+02.6677	+00.2341	0000.705
+02.6585	+00.2344	0000.706
+02.6496	+00.2341	0000.707
+02.6402	+00.2332	0000.708
+02.6316	+00.2332	0000.709
+02.6219	+00.2329	0000.710
+02.6133	+00.2329	0000.711
+02.6039	+00.2326	0000.712
+02.5956	+00.2323	0000.713
+02.5868	+00.2317	0000.714
+02.5776	+00.2317	0000.715
+02.5688	+00.2314	0000.716
+02.5590	+00.2317	0000.717
+02.5505	+00.2307	0000.718
+02.5413	+00.2307	0000.719
+02.5322	+00.2301	0000.720
+02.5236	+00.2304	0000.721
+02.5145	+00.2301	0000.722
+02.5047	+00.2295	0000.723
+02.4958	+00.2292	0000.724
+02.4867	+00.2292	0000.725
+02.4781	+00.2292	0000.726
+02.4690	+00.2286	0000.727
+02.4601	+00.2283	0000.728
+02.4516	+00.2277	0000.729
+02.4424	+00.2277	0000.730
+02.4330	+00.2274	0000.731
+02.4235	+00.2271	0000.732
+02.4147	+00.2271	0000.733
+02.4061	+00.2268	0000.734
+02.3970	+00.2262	0000.735
+02.3875	+00.2259	0000.736
+02.3783	+00.2253	0000.737
+02.3704	+00.2256	0000.738
+02.3603	+00.2256	0000.739
+02.3527	+00.2246	0000.740
+02.3426	+00.2250	0000.741
+02.3341	+00.2240	0000.742
+02.3243	+00.2237	0000.743
+02.3158	+00.2234	0000.744
+02.3069	+00.2237	0000.745
+02.2978	+00.2231	0000.746
+02.2889	+00.2231	0000.747
+02.2795	+00.2228	0000.748
+02.2712	+00.2222	0000.749
+02.2621	+00.2219	0000.750
+02.2526	+00.2219	0000.751
+02.2438	+00.2216	0000.752
+02.2355	+00.2210	0000.753
+02.2264	+00.2207	0000.754
+02.2169	+00.2207	0000.755
+02.2081	+00.2207	0000.756
+02.1986	+00.2195	0000.757
+02.1894	+00.2195	0000.758
+02.1806	+00.2192	0000.759
+02.1720	+00.2192	0000.760
+02.1626	+00.2188	0000.761
+02.1543	+00.2185	0000.762
+02.1446	+00.2179	0000.763
+02.1357	+00.2176	0000.764
+02.1269	+00.2173	0000.765
+02.1177	+00.2170	0000.766
+02.1092	+00.2167	0000.767
+02.0991	+00.2164	0000.768
+02.0909	+00.2161	0000.769
+02.0814	+00.2155	0000.770
+02.0726	+00.2155	0000.771
+02.0634	+00.2149	0000.772
+02.0546	+00.2149	0000.773
+02.0454	+00.2146	0000.774
+02.0372	+00.2143	0000.775
+02.0283	+00.2143	0000.776
+02.0189	+00.2134	0000.777
+02.0100	+00.2134	0000.778
+02.0002	+00.2127	0000.779
+01.9917	+00.2124	0000.780
+01.9828	+00.2118	0000.781
+01.9737	+00.2115	0000.782
+01.9642	+00.2118	0000.783
+01.9554	+00.2109	0000.784
+01.9462	+00.2106	0000.785
+01.9374	+00.2103	0000.786
+01.9288	+00.2100	0000.787
+01.9200	+00.2100	0000.788
+01.9108	+00.2094	0000.789
+01.9007	+00.2091	0000.790
+01.8925	+00.2085	0000.791
+01.8834	+00.2085	0000.792
+01.8742	+00.2082	0000.793
+01.8657	+00.2076	0000.794
+01.8565	+00.2076	0000.795
+01.8473	+00.2069	0000.796
+01.8382	+00.2069	0000.797
+01.8290	+00.2063	0000.798
+01.8205	+00.2060	0000.799
+01.8113	+00.2060	0000.800
+01.8022	+00.2051	0000.801
+01.7930	+00.2048	0000.802
+01.7839	+00.2045	0000.803
+01.7750	+00.2039	0000.804
+01.7662	+00.2033	0000.805
+01.7576	+00.2036	0000.806
+01.7488	+00.2030	0000.807
+01.7393	+00.2027	0000.808
+01.7302	+00.2024	0000.809
+01.7216	+00.2015	0000.810
+01.7121	+00.2021	0000.811
+01.7033	+00.2008	0000.812
+01.6944	+00.2008	0000.813
+01.6856	+00.2002	0000.814
+01.6758	+00.1999	0000.815
+01.6676	+00.1996	0000.816
+01.6584	+00.1996	0000.817
+01.6496	+00.1987	0000.818
+01.6404	+00.1987	0000.819
+01.6313	+00.1981	0000.820
+01.6221	+00.1978	0000.821
+01.6136	+00.1975	0000.822
+01.6044	+00.1972	0000.823
+01.5953	+00.1969	0000.824
+01.5858	+00.1963	0000.825
+01.5773	+00.1957	0000.826
+01.5684	+00.1953	0000.827
+01.5586	+00.1950	0000.828
+01.5501	+00.1947	0000.829
+01.5413	+00.1944	0000.830
+01.5318	+00.1938	0000.831
+01.5232	+00.1938	0000.832
+01.5138	+00.1929	0000.833
+01.5046	+00.1926	0000.834
+01.4958	+00.1926	0000.835
+01.4869	+00.1917	0000.836
+01.4778	+00.1914	0000.837
+01.4686	+00.1911	0000.838
+01.4601	+00.1908	0000.839
+01.4509	+00.1902	0000.840
+01.4415	+00.1899	0000.841
+01.4329	+00.1889	0000.842
+01.4235	+00.1889	0000.843
+01.4152	+00.1886	0000.844
+01.4058	+00.1880	0000.845
+01.3969	+00.1877	0000.846
+01.3877	+00.1871	0000.847
+01.3792	+00.1868	0000.848
+01.3697	+00.1865	0000.849
+01.3609	+00.1859	0000.850
+01.3517	+00.1853	0000.851
+01.3429	+00.1847	0000.852
+01.3337	+00.1844	0000.853
+01.3249	+00.1841	0000.854
+01.3154	+00.1834	0000.855
+01.3072	+00.1834	0000.856
+01.2971	+00.1828	0000.857
+01.2892	+00.1822	0000.858
+01.2797	+00.1819	0000.859
+01.2709	+00.1816	0000.860
+01.2617	+00.1807	0000.861
+01.2529	+00.1801	0000.862
+01.2437	+00.1798	0000.863
+01.2342	+00.1795	0000.864
+01.2254	+00.1786	0000.865
+01.2165	+00.1789	0000.866
+01.2074	+00.1780	0000.867
+01.1988	+00.1773	0000.868
+01.1894	+00.1770	0000.869
+01.1808	+00.1764	0000.870
+01.1714	+00.1764	0000.871
+01.1622	+00.1755	0000.872
+01.1531	+00.1752	0000.873
+01.1445	+00.1746	0000.874
+01.1354	+00.1740	0000.875
+01.1268	+00.1737	0000.876
+01.1177	+00.1731	0000.877
+01.1091	+00.1728	0000.878
+01.0994	+00.1719	0000.879
+01.0905	+00.1715	0000.880
+01.0820	+00.1712	0000.881
+01.0722	+00.1706	0000.882
+01.0637	+00.1700	0000.883
+01.0548	+00.1697	0000.884
+01.0453	+00.1691	0000.885
+01.0365	+00.1682	0000.886
+01.0276	+00.1679	0000.887
+01.0185	+00.1673	0000.888
+01.0096	+00.1670	0000.889
+01.0005	+00.1667	0000.890
+00.9913	+00.1657	0000.891
+00.9825	+00.1651	0000.892
+00.9736	+00.1642	0000.893
+00.9642	+00.1639	0000.894
+00.9550	+00.1636	0000.895
+00.9462	+00.1630	0000.896
+00.9373	+00.1627	0000.897
+00.9282	+00.1618	0000.898
+00.9190	+00.1612	0000.899
+00.9101	+00.1609	0000.900
+00.9016	+00.1599	0000.901
+00.8918	+00.1593	0000.902
+00.8830	+00.1587	0000.903
+00.8744	+00.1581	0000.904
+00.8650	+00.1575	0000.905
+00.8561	+00.1569	0000.906
+00.8470	+00.1566	0000.907
+00.8384	+00.1560	0000.908
+00.8290	+00.1551	0000.909
+00.8201	+00.1545	0000.910
+00.8110	+00.1535	0000.911
+00.8021	+00.1532	0000.912
+00.7930	+00.1526	0000.913
+00.7838	+00.1520	0000.914
+00.7750	+00.1511	0000.915
+00.7655	+00.1508	0000.916
+00.7573	+00.1499	0000.917
+00.7478	+00.1493	0000.918
+00.7392	+00.1487	0000.919
+00.7304	+00.1477	0000.920
+00.7212	+00.1468	0000.921
+00.7118	+00.1465	0000.922
+00.7029	+00.1459	0000.923
+00.6938	+00.1447	0000.924
+00.6852	+00.1444	0000.925
+00.6758	+00.1435	0000.926
+00.6669	+00.1429	0000.927
+00.6572	+00.1419	0000.928
+00.6489	+00.1413	0000.929
+00.6398	+00.1410	0000.930
+00.6306	+00.1401	0000.931
+00.6218	+00.1389	0000.932
+00.6126	+00.1389	0000.933
+00.6038	+00.1377	0000.934
+00.5946	+00.1368	0000.935
+00.5857	+00.1361	0000.936
+00.5766	+00.1352	0000.937
+00.5674	+00.1346	0000.938
+00.5589	+00.1340	0000.939
+00.5497	+00.1331	0000.940
+00.5409	+00.1319	0000.941
+00.5317	+00.1310	0000.942
+00.5229	+00.1303	0000.943
+00.5134	+00.1294	0000.944
+00.5049	+00.1285	0000.945
+00.4957	+00.1279	0000.946
+00.4866	+00.1270	0000.947
+00.4771	+00.1258	0000.948
+00.4689	+00.1249	0000.949
+00.4597	+00.1236	0000.950
+00.4502	+00.1230	0000.951
+00.4417	+00.1221	0000.952
+00.4325	+00.1209	0000.953
+00.4237	+00.1200	0000.954
+00.4148	+00.1191	0000.955
+00.4057	+00.1178	0000.956
+00.3962	+00.1172	0000.957
+00.3880	+00.1160	0000.958
+00.3788	+00.1148	0000.959
+00.3697	+00.1136	0000.960
+00.3605	+00.1123	0000.961
+00.3514	+00.1117	0000.962
+00.3422	+00.1108	0000.963
+00.3337	+00.1093	0000.964
+00.3242	+00.1081	0000.965
+00.3157	+00.1072	0000.966
+00.3065	+00.1059	0000.967
+00.2977	+00.1044	0000.968
+00.2882	+00.1035	0000.969
+00.2790	+00.1020	0000.970
+00.2702	+00.1010	0000.971
+00.2613	+00.0995	0000.972
+00.2522	+00.0980	0000.973
+00.2433	+00.0971	0000.974
+00.2342	+00.0953	0000.975
+00.2253	+00.0943	0000.976
+00.2165	+00.0925	0000.977
+00.2076	+00.0913	0000.978
+00.1982	+00.0904	0000.979
+00.1890	+00.0885	0000.980
+00.1799	+00.0864	0000.981
+00.1713	+00.0852	0000.982
+00.1619	+00.0837	0000.983
+00.1530	+00.0821	0000.984
+00.1442	+00.0809	0000.985
+00.1353	+00.0791	0000.986
+00.1258	+00.0772	0000.987
+00.1173	+00.0757	0000.988
+00.1081	+00.0736	0000.989
+00.0993	+00.0721	0000.990
+00.0901	+00.0702	0000.991
+00.0810	+00.0684	0000.992
+00.0721	+00.0666	0000.993
+00.0636	+00.0644	0000.994
+00.0538	+00.0626	0000.995
+00.0453	+00.0608	0000.996
+00.0358	+00.0589	0000.997
+00.0270	+00.0571	0000.998
+00.0175	+00.0541	0000.999
