R,Ohm	C,pF	Temp,C
0000000000	0000100000	+025.00
Ch1,V	Ch2,V	Time,s
+00.0004	-00.0009	0000.000
-00.0002	-00.0009	0000.001
+00.0087	-00.0009	0000.002
+00.0175	-00.0003	0000.003
+00.0273	+00.0000	0000.004
+00.0355	-00.0003	0000.005
+00.0447	+00.0000	0000.006
+00.0532	+00.0003	0000.007
+00.0630	+00.0006	0000.008
+00.0715	+00.0010	0000.009
+00.0810	+00.0013	0000.010
+00.0895	+00.0016	0000.011
+00.0987	+00.0019	0000.012
+00.1075	+00.0022	0000.013
+00.1170	+00.0028	0000.014
+00.1255	+00.0031	0000.015
+00.1344	+00.0037	0000.016
+00.1442	+00.0043	0000.017
+00.1533	+00.0046	0000.018
+00.1616	+00.0052	0000.019
+00.1713	+00.0055	0000.020
+00.1796	+00.0061	0000.021
+00.1890	+00.0071	0000.022
+00.1976	+00.0077	0000.023
+00.2067	+00.0086	0000.024
+00.2162	+00.0092	0000.025
+00.2250	+00.0101	0000.026
+00.2342	+00.0110	0000.027
+00.2433	+00.0119	0000.028
+00.2519	+00.0125	0000.029
+00.2613	+00.0141	0000.030
+00.2696	+00.0144	0000.031
+00.2793	+00.0153	0000.032
+00.2882	+00.0165	0000.033
+00.2970	+00.0174	0000.034
+00.3059	+00.0183	0000.035
+00.3154	+00.0196	0000.036
+00.3239	+00.0205	0000.037
+00.3334	+00.0217	0000.038
+00.3416	+00.0229	0000.039
+00.3517	+00.0248	0000.040
+00.3605	+00.0251	0000.041
+00.3697	+00.0263	0000.042
+00.3782	+00.0278	0000.043
+00.3874	+00.0290	0000.044
+00.3962	+00.0302	0000.045
+00.4054	+00.0315	0000.046
+00.4142	+00.0324	0000.047
+00.4231	+00.0336	0000.048
+00.4322	+00.0351	0000.049
+00.4414	+00.0367	0000.050
+00.4499	+00.0379	0000.051
+00.4594	+00.0388	0000.052
+00.4679	+00.0400	0000.053
+00.4771	+00.0418	0000.054
+00.4863	+00.0431	0000.055
+00.4954	+00.0446	0000.056
+00.5046	+00.0458	0000.057
+00.5134	+00.0473	0000.058
+00.5223	+00.0486	0000.059
+00.5314	+00.0501	0000.060
+00.5403	+00.0513	0000.061
+00.5497	+00.0525	0000.062
+00.5586	+00.0544	0000.063
+00.5674	+00.0553	0000.064
+00.5763	+00.0574	0000.065
+00.5854	+00.0586	0000.066
+00.5943	+00.0595	0000.067
+00.6031	+00.0614	0000.068
+00.6123	+00.0632	0000.069
+00.6211	+00.0641	0000.070
+00.6297	+00.0650	0000.071
+00.6392	+00.0669	0000.072
+00.6483	+00.0684	0000.073
+00.6575	+00.0699	0000.074
+00.6666	+00.0714	0000.075
+00.6755	+00.0730	0000.076
+00.6846	+00.0742	0000.077
+00.6938	+00.0757	0000.078
+00.7023	+00.0776	0000.079
+00.7115	+00.0785	0000.080
+00.7206	+00.0800	0000.081
+00.7295	+00.0812	0000.082
+00.7389	+00.0827	0000.083
+00.7472	+00.0840	0000.084
+00.7566	+00.0858	0000.085
+00.7658	+00.0870	0000.086
+00.7746	+00.0882	0000.087
+00.7838	+00.0898	0000.088
+00.7927	+00.0913	0000.089
+00.8012	+00.0922	0000.090
+00.8107	+00.0937	0000.091
+00.8195	+00.0949	0000.092
+00.8287	+00.0965	0000.093
+00.8378	+00.0977	0000.094
+00.8461	+00.0992	0000.095
+00.8561	+00.0998	0000.096
+00.8653	+00.1017	0000.097
+00.8735	+00.1029	0000.098
+00.8833	+00.1038	0000.099
+00.8918	+00.1053	0000.100
+00.9010	+00.1065	0000.101
+00.9095	+00.1078	0000.102
+00.9193	+00.1093	0000.103
+00.9282	+00.1099	0000.104
+00.9370	+00.1111	0000.105
+00.9455	+00.1123	0000.106
+00.9553	+00.1136	0000.107
+00.9642	+00.1148	0000.108
+00.9733	+00.1157	0000.109
+00.9819	+00.1175	0000.110
+00.9910	+00.1181	0000.111
+01.0002	+00.1194	0000.112
+01.0093	+00.1203	0000.113
+01.0179	+00.1215	0000.114
+01.0273	+00.1227	0000.115
+01.0365	+00.1233	0000.116
+01.0453	+00.1245	0000.117
+01.0539	+00.1255	0000.118
+01.0637	+00.1267	0000.119
+01.0719	+00.1276	0000.120
+01.0817	+00.1285	0000.121
+01.0899	+00.1297	0000.122
+01.0997	+00.1303	0000.123
+01.1082	+00.1316	0000.124
+01.1177	+00.1325	0000.125
+01.1256	+00.1328	0000.126
+01.1348	+00.1346	0000.127
+01.1436	+00.1352	0000.128
+01.1531	+00.1358	0000.129
+01.1628	+00.1371	0000.130
+01.1711	+00.1380	0000.131
+01.1805	+00.1386	0000.132
+01.1894	+00.1395	0000.133
+01.1982	+00.1404	0000.134
+01.2074	+00.1413	0000.135
+01.2165	+00.1422	0000.136
+01.2257	+00.1429	0000.137
+01.2345	+00.1438	0000.138
+01.2431	+00.1450	0000.139
+01.2523	+00.1456	0000.140
+01.2614	+00.1462	0000.141
+01.2703	+00.1474	0000.142
+01.2794	+00.1477	0000.143
+01.2886	+00.1484	0000.144
+01.2971	+00.1493	0000.145
+01.3066	+00.1496	0000.146
+01.3151	+00.1508	0000.147
+01.3246	+00.1520	0000.148
+01.3337	+00.1526	0000.149
+01.3426	+00.1532	0000.150
+01.3514	+00.1538	0000.151
+01.3606	+00.1545	0000.152
+01.3694	+00.1548	0000.153
+01.3786	+00.1560	0000.154
+01.3874	+00.1566	0000.155
+01.3969	+00.1575	0000.156
+01.4054	+00.1581	0000.157
+01.4146	+00.1584	0000.158
+01.4235	+00.1590	0000.159
+01.4329	+00.1609	0000.160
+01.4415	+00.1609	0000.161
+01.4503	+00.1615	0000.162
+01.4592	+00.1624	0000.163
+01.4686	+00.1627	0000.164
+01.4775	+00.1633	0000.165
+01.4866	+00.1639	0000.166
+01.4958	+00.1648	0000.167
+01.5049	+00.1651	0000.168
+01.5135	+00.1661	0000.169
+01.5232	+00.1664	0000.170
+01.5318	+00.1670	0000.171
+01.5406	+00.1676	0000.172
+01.5501	+00.1682	0000.173
+01.5586	+00.1685	0000.174
+01.5678	+00.1691	0000.175
+01.5773	+00.1700	0000.176
+01.5861	+00.1706	0000.177
+01.5947	+00.1712	0000.178
+01.6038	+00.1715	0000.179
+01.6136	+00.1722	0000.180
+01.6215	+00.1731	0000.181
+01.6310	+00.1731	0000.182
+01.6398	+00.1743	0000.183
+01.6490	+00.1746	0000.184
+01.6578	+00.1752	0000.185
+01.6676	+00.1758	0000.186
+01.6761	+00.1764	0000.187
+01.6853	+00.1767	0000.188
+01.6935	+00.1780	0000.189
+01.7027	+00.1783	0000.190
+01.7118	+00.1786	0000.191
+01.7204	+00.1792	0000.192
+01.7305	+00.1798	0000.193
+01.7390	+00.1798	0000.194
+01.7479	+00.1810	0000.195
+01.7573	+00.1813	0000.196
+01.7662	+00.1816	0000.197
+01.7753	+00.1822	0000.198
+01.7845	+00.1828	0000.199
+01.7933	+00.1831	0000.200
+01.8028	+00.1834	0000.201
+01.8113	+00.1847	0000.202
+01.8208	+00.1850	0000.203
+01.8284	+00.1856	0000.204
+01.8382	+00.1859	0000.205
+01.8470	+00.1865	0000.206
+01.8562	+00.1865	0000.207
+01.8650	+00.1871	0000.208
+01.8742	+00.1877	0000.209
+01.8830	+00.1880	0000.210
+01.8919	+00.1883	0000.211
+01.9014	+00.1889	0000.212
+01.9105	+00.1896	0000.213
+01.9194	+00.1902	0000.214
+01.9288	+00.1905	0000.215
+01.9377	+00.1911	0000.216
+01.9459	+00.1911	0000.217
+01.9554	+00.1923	0000.218
+01.9645	+00.1923	0000.219
+01.9734	+00.1929	0000.220
+01.9828	+00.1932	0000.221
+01.9911	+00.1938	0000.222
+02.0002	+00.1941	0000.223
+02.0094	+00.1944	0000.224
+02.0182	+00.1950	0000.225
+02.0274	+00.1957	0000.226
+02.0362	+00.1960	0000.227
+02.0454	+00.1963	0000.228
+02.0549	+00.1969	0000.229
+02.0628	+00.1972	0000.230
+02.0729	+00.1975	0000.231
+02.0814	+00.1981	0000.232
+02.0909	+00.1987	0000.233
+02.0997	+00.1990	0000.234
+02.1083	+00.1993	0000.235
+02.1177	+00.1999	0000.236
+02.1266	+00.2002	0000.237
+02.1354	+00.2005	0000.238
+02.1443	+00.2008	0000.239
+02.1531	+00.2015	0000.240
+02.1623	+00.2018	0000.241
+02.1714	+00.2024	0000.242
+02.1806	+00.2027	0000.243
+02.1894	+00.2033	0000.244
+02.1989	+00.2036	0000.245
+02.2071	+00.2039	0000.246
+02.2163	+00.2045	0000.247
+02.2258	+00.2045	0000.248
+02.2352	+00.2054	0000.249
+02.2438	+00.2054	0000.250
+02.2529	+00.2057	0000.251
+02.2618	+00.2063	0000.252
+02.2703	+00.2066	0000.253
+02.2792	+00.2073	0000.254
+02.2886	+00.2069	0000.255
+02.2978	+00.2073	0000.256
+02.3066	+00.2085	0000.257
+02.3155	+00.2088	0000.258
+02.3249	+00.2088	0000.259
+02.3344	+00.2094	0000.260
+02.3426	+00.2100	0000.261
+02.3518	+00.2103	0000.262
+02.3606	+00.2106	0000.263
+02.3704	+00.2109	0000.264
+02.3787	+00.2112	0000.265
+02.3878	+00.2112	0000.266
+02.3967	+00.2115	0000.267
+02.4061	+00.2124	0000.268
+02.4147	+00.2127	0000.269
+02.4241	+00.2130	0000.270
+02.4333	+00.2134	0000.271
+02.4418	+00.2140	0000.272
+02.4510	+00.2143	0000.273
+02.4595	+00.2143	0000.274
+02.4696	+00.2149	0000.275
+02.4784	+00.2152	0000.276
+02.4870	+00.2158	0000.277
+02.4958	+00.2161	0000.278
+02.5053	+00.2161	0000.279
+02.5138	+00.2167	0000.280
+02.5227	+00.2170	0000.281
+02.5319	+00.2173	0000.282
+02.5407	+00.2176	0000.283
+02.5505	+00.2179	0000.284
+02.5590	+00.2179	0000.285
+02.5682	+00.2185	0000.286
+02.5770	+00.2188	0000.287
+02.5859	+00.2195	0000.288
+02.5956	+00.2195	0000.289
+02.6042	+00.2207	0000.290
+02.6127	+00.2207	0000.291
+02.6222	+00.2210	0000.292
+02.6313	+00.2213	0000.293
+02.6408	+00.2213	0000.294
+02.6493	+00.2222	0000.295
+02.6582	+00.2219	0000.296
+02.6670	+00.2225	0000.297
+02.6765	+00.2231	0000.298
+02.6854	+00.2234	0000.299
+02.6948	+00.2234	0000.300
+02.7031	+00.2240	0000.301
+02.7122	+00.2243	0000.302
+02.7214	+00.2243	0000.303
+02.7305	+00.2250	0000.304
+02.7394	+00.2253	0000.305
+02.7482	+00.2253	0000.306
+02.7574	+00.2256	0000.307
+02.7668	+00.2262	0000.308
+02.7751	+00.2262	0000.309
+02.7848	+00.2271	0000.310
+02.7928	+00.2268	0000.311
+02.8025	+00.2277	0000.312
+02.8117	+00.2277	0000.313
+02.8202	+00.2277	0000.314
+02.8297	+00.2280	0000.315
+02.8386	+00.2286	0000.316
+02.8480	+00.2286	0000.317
+02.8569	+00.2295	0000.318
+02.8654	+00.2295	0000.319
+02.8743	+00.2301	0000.320
+02.8837	+00.2298	0000.321
+02.8926	+00.2311	0000.322
+02.9020	+00.2304	0000.323
+02.9106	+00.2317	0000.324
+02.9197	+00.2311	0000.325
+02.9283	+00.2320	0000.326
+02.9374	+00.2320	0000.327
+02.9460	+00.2323	0000.328
+02.9554	+00.2329	0000.329
+02.9649	+00.2329	0000.330
+02.9741	+00.2335	0000.331
+02.9823	+00.2338	0000.332
+02.9914	+00.2338	0000.333
+03.0003	+00.2341	0000.334
+03.0104	+00.2347	0000.335
+03.0183	+00.2350	0000.336
+03.0278	+00.2350	0000.337
+03.0369	+00.2353	0000.338
+03.0455	+00.2356	0000.339
+03.0543	+00.2359	0000.340
+03.0638	+00.2362	0000.341
+03.0729	+00.2362	0000.342
+03.0824	+00.2372	0000.343
+03.0900	+00.2372	0000.344
+03.0995	+00.2375	0000.345
+03.1086	+00.2378	0000.346
+03.1184	+00.2378	0000.347
+03.1273	+00.2384	0000.348
+03.1358	+00.2390	0000.349
+03.1450	+00.2390	0000.350
+03.1541	+00.2390	0000.351
+03.1630	+00.2396	0000.352
+03.1721	+00.2393	0000.353
+03.1813	+00.2399	0000.354
+03.1907	+00.2402	0000.355
+03.1990	+00.2402	0000.356
+03.2081	+00.2408	0000.357
+03.2170	+00.2408	0000.358
+03.2255	+00.2411	0000.359
+03.2347	+00.2414	0000.360
+03.2435	+00.2420	0000.361
+03.2536	+00.2420	0000.362
+03.2621	+00.2423	0000.363
+03.2719	+00.2427	0000.364
+03.2804	+00.2433	0000.365
+03.2887	+00.2433	0000.366
+03.2988	+00.2439	0000.367
+03.3070	+00.2439	0000.368
+03.3158	+00.2442	0000.369
+03.3256	+00.2445	0000.370
+03.3342	+00.2445	0000.371
+03.3433	+00.2448	0000.372
+03.3525	+00.2448	0000.373
+03.3610	+00.2454	0000.374
+03.3708	+00.2454	0000.375
+03.3784	+00.2463	0000.376
+03.3879	+00.2463	0000.377
+03.3973	+00.2466	0000.378
+03.4059	+00.2466	0000.379
+03.4147	+00.2463	0000.380
+03.4242	+00.2475	0000.381
+03.4333	+00.2472	0000.382
+03.4422	+00.2478	0000.383
+03.4513	+00.2478	0000.384
+03.4596	+00.2481	0000.385
+03.4694	+00.2484	0000.386
+03.4776	+00.2488	0000.387
+03.4880	+00.2494	0000.388
+03.4965	+00.2497	0000.389
+03.5057	+00.2494	0000.390
+03.5136	+00.2497	0000.391
+03.5234	+00.2500	0000.392
+03.5325	+00.2503	0000.393
+03.5417	+00.2506	0000.394
+03.5505	+00.2506	0000.395
+03.5597	+00.2512	0000.396
+03.5682	+00.2515	0000.397
+03.5774	+00.2518	0000.398
+03.5868	+00.2521	0000.399
+03.5960	+00.2521	0000.400
+03.6045	+00.2524	0000.401
+03.6137	+00.2527	0000.402
+03.6229	+00.2527	0000.403
+03.6317	+00.2530	0000.404
+03.6406	+00.2533	0000.405
+03.6503	+00.2539	0000.406
+03.6586	+00.2539	0000.407
+03.6674	+00.2539	0000.408
+03.6766	+00.2542	0000.409
+03.6857	+00.2549	0000.410
+03.6946	+00.2552	0000.411
+03.7043	+00.2549	0000.412
+03.7126	+00.2552	0000.413
+03.7220	+00.2558	0000.414
+03.7306	+00.2561	0000.415
+03.7397	+00.2564	0000.416
+03.7489	+00.2564	0000.417
+03.7574	+00.2567	0000.418
+03.7666	+00.2570	0000.419
+03.7751	+00.2573	0000.420
+03.7849	+00.2573	0000.421
+03.7938	+00.2576	0000.422
+03.8029	+00.2579	0000.423
+03.8118	+00.2582	0000.424
+03.8209	+00.2585	0000.425
+03.8298	+00.2588	0000.426
+03.8383	+00.2588	0000.427
+03.8484	+00.2588	0000.428
+03.8563	+00.2591	0000.429
+03.8667	+00.2597	0000.430
+03.8755	+00.2597	0000.431
+03.8835	+00.2600	0000.432
+03.8926	+00.2600	0000.433
+03.9021	+00.2604	0000.434
+03.9109	+00.2607	0000.435
+03.9204	+00.2610	0000.436
+03.9283	+00.2610	0000.437
+03.9378	+00.2610	0000.438
+03.9466	+00.2619	0000.439
+03.9558	+00.2619	0000.440
+03.9640	+00.2619	0000.441
+03.9738	+00.2622	0000.442
+03.9833	+00.2628	0000.443
+03.9921	+00.2628	0000.444
+04.0013	+00.2634	0000.445
+04.0098	+00.2634	0000.446
+04.0190	+00.2637	0000.447
+04.0278	+00.2637	0000.448
+04.0370	+00.2640	0000.449
+04.0461	+00.2643	0000.450
+04.0550	+00.2643	0000.451
+04.0648	+00.2643	0000.452
+04.0730	+00.2646	0000.453
+04.0821	+00.2649	0000.454
+04.0913	+00.2649	0000.455
+04.0995	+00.2652	0000.456
+04.1084	+00.2655	0000.457
+04.1182	+00.2658	0000.458
+04.1276	+00.2661	0000.459
+04.1362	+00.2661	0000.460
+04.1450	+00.2674	0000.461
+04.1545	+00.2668	0000.462
+04.1633	+00.2668	0000.463
+04.1719	+00.2674	0000.464
+04.1810	+00.2677	0000.465
+04.1899	+00.2674	0000.466
+04.1990	+00.2677	0000.467
+04.2079	+00.2686	0000.468
+04.2176	+00.2683	0000.469
+04.2262	+00.2686	0000.470
+04.2356	+00.2686	0000.471
+04.2442	+00.2686	0000.472
+04.2540	+00.2692	0000.473
+04.2622	+00.2695	0000.474
+04.2714	+00.2695	0000.475
+04.2799	+00.2698	0000.476
+04.2887	+00.2698	0000.477
+04.2988	+00.2704	0000.478
+04.3074	+00.2707	0000.479
+04.3171	+00.2710	0000.480
+04.3254	+00.2710	0000.481
+04.3345	+00.2710	0000.482
+04.3437	+00.2713	0000.483
+04.3522	+00.2719	0000.484
+04.3620	+00.2716	0000.485
+04.3708	+00.2719	0000.486
+04.3800	+00.2723	0000.487
+04.3888	+00.2726	0000.488
+04.3980	+00.2726	0000.489
+04.4065	+00.2729	0000.490
+04.4163	+00.2732	0000.491
+04.4242	+00.2735	0000.492
+04.4337	+00.2735	0000.493
+04.4429	+00.2738	0000.494
+04.4514	+00.2738	0000.495
+04.4603	+00.2738	0000.496
+04.4700	+00.2744	0000.497
+04.4783	+00.2747	0000.498
+04.4880	+00.2747	0000.499
+04.4960	+00.2750	0000.500
+04.5051	+00.2753	0000.501
+04.4972	+00.2753	0000.502
+04.4883	+00.2750	0000.503
+04.4789	+00.2750	0000.504
+04.4703	+00.2750	0000.505
+04.4615	+00.2747	0000.506
+04.4520	+00.2747	0000.507
+04.4438	+00.2744	0000.508
+04.4334	+00.2747	0000.509
+04.4252	+00.2741	0000.510
+04.4157	+00.2738	0000.511
+04.4072	+00.2741	0000.512
+04.3986	+00.2738	0000.513
+04.3882	+00.2738	0000.514
+04.3803	+00.2741	0000.515
+04.3705	+00.2738	0000.516
+04.3626	+00.2741	0000.517
+04.3528	+00.2735	0000.518
+04.3440	+00.2732	0000.519
+04.3351	+00.2735	0000.520
+04.3266	+00.2732	0000.521
+04.3162	+00.2726	0000.522
+04.3083	+00.2726	0000.523
+04.2991	+00.2726	0000.524
+04.2903	+00.2726	0000.525
+04.2805	+00.2719	0000.526
+04.2717	+00.2723	0000.527
+04.2628	+00.2716	0000.528
+04.2540	+00.2713	0000.529
+04.2451	+00.2719	0000.530
+04.2353	+00.2713	0000.531
+04.2262	+00.2713	0000.532
+04.2179	+00.2713	0000.533
+04.2082	+00.2710	0000.534
+04.1999	+00.2713	0000.535
+04.1911	+00.2710	0000.536
+04.1816	+00.2710	0000.537
+04.1731	+00.2707	0000.538
+04.1636	+00.2701	0000.539
+04.1542	+00.2707	0000.540
+04.1456	+00.2698	0000.541
+04.1368	+00.2695	0000.542
+04.1279	+00.2698	0000.543
+04.1185	+00.2692	0000.544
+04.1099	+00.2692	0000.545
+04.1008	+00.2689	0000.546
+04.0916	+00.2689	0000.547
+04.0825	+00.2689	0000.548
+04.0733	+00.2686	0000.549
+04.0635	+00.2686	0000.550
+04.0553	+00.2686	0000.551
+04.0458	+00.2683	0000.552
+04.0376	+00.2680	0000.553
+04.0281	+00.2680	0000.554
+04.0190	+00.2677	0000.555
+04.0104	+00.2677	0000.556
+04.0016	+00.2674	0000.557
+03.9918	+00.2671	0000.558
+03.9836	+00.2671	0000.559
+03.9738	+00.2668	0000.560
+03.9656	+00.2668	0000.561
+03.9555	+00.2661	0000.562
+03.9479	+00.2661	0000.563
+03.9387	+00.2661	0000.564
+03.9293	+00.2658	0000.565
+03.9207	+00.2658	0000.566
+03.9112	+00.2658	0000.567
+03.9030	+00.2655	0000.568
+03.8929	+00.2652	0000.569
+03.8847	+00.2646	0000.570
+03.8755	+00.2649	0000.571
+03.8658	+00.2646	0000.572
+03.8572	+00.2649	0000.573
+03.8484	+00.2646	0000.574
+03.8395	+00.2643	0000.575
+03.8313	+00.2640	0000.576
+03.8215	+00.2640	0000.577
+03.8124	+00.2637	0000.578
+03.8026	+00.2634	0000.579
+03.7941	+00.2634	0000.580
+03.7846	+00.2631	0000.581
+03.7761	+00.2634	0000.582
+03.7666	+00.2625	0000.583
+03.7584	+00.2628	0000.584
+03.7486	+00.2625	0000.585
+03.7407	+00.2619	0000.586
+03.7306	+00.2619	0000.587
+03.7220	+00.2622	0000.588
+03.7135	+00.2616	0000.589
+03.7046	+00.2616	0000.590
+03.6943	+00.2610	0000.591
+03.6866	+00.2613	0000.592
+03.6772	+00.2610	0000.593
+03.6680	+00.2607	0000.594
+03.6583	+00.2607	0000.595
+03.6500	+00.2600	0000.596
+03.6412	+00.2600	0000.597
+03.6314	+00.2597	0000.598
+03.6229	+00.2600	0000.599
+03.6137	+00.2594	0000.600
+03.6049	+00.2594	0000.601
+03.5951	+00.2591	0000.602
+03.5871	+00.2591	0000.603
+03.5777	+00.2588	0000.604
+03.5688	+00.2585	0000.605
+03.5597	+00.2585	0000.606
+03.5514	+00.2579	0000.607
+03.5417	+00.2582	0000.608
+03.5328	+00.2579	0000.609
+03.5237	+00.2576	0000.610
+03.5151	+00.2576	0000.611
+03.5063	+00.2570	0000.612
+03.4971	+00.2570	0000.613
+03.4877	+00.2567	0000.614
+03.4782	+00.2564	0000.615
+03.4697	+00.2561	0000.616
+03.4602	+00.2564	0000.617
+03.4520	+00.2558	0000.618
+03.4422	+00.2558	0000.619
+03.4343	+00.2555	0000.620
+03.4242	+00.2555	0000.621
+03.4153	+00.2549	0000.622
+03.4059	+00.2552	0000.623
+03.3973	+00.2542	0000.624
+03.3882	+00.2549	0000.625
+03.3796	+00.2542	0000.626
+03.3702	+00.2542	0000.627
+03.3613	+00.2539	0000.628
+03.3522	+00.2539	0000.629
+03.3439	+00.2530	0000.630
+03.3345	+00.2536	0000.631
+03.3256	+00.2530	0000.632
+03.3168	+00.2527	0000.633
+03.3079	+00.2527	0000.634
+03.2985	+00.2527	0000.635
+03.2893	+00.2518	0000.636
+03.2808	+00.2518	0000.637
+03.2719	+00.2518	0000.638
+03.2624	+00.2518	0000.639
+03.2536	+00.2515	0000.640
+03.2444	+00.2512	0000.641
+03.2356	+00.2512	0000.642
+03.2264	+00.2506	0000.643
+03.2167	+00.2506	0000.644
+03.2087	+00.2500	0000.645
+03.1999	+00.2500	0000.646
+03.1901	+00.2494	0000.647
+03.1813	+00.2497	0000.648
+03.1724	+00.2494	0000.649
+03.1633	+00.2494	0000.650
+03.1541	+00.2491	0000.651
+03.1446	+00.2491	0000.652
+03.1367	+00.2484	0000.653
+03.1276	+00.2481	0000.654
+03.1187	+00.2481	0000.655
+03.1095	+00.2475	0000.656
+03.1001	+00.2475	0000.657
+03.0909	+00.2475	0000.658
+03.0833	+00.2472	0000.659
+03.0735	+00.2469	0000.660
+03.0638	+00.2469	0000.661
+03.0546	+00.2463	0000.662
+03.0464	+00.2463	0000.663
+03.0372	+00.2460	0000.664
+03.0284	+00.2460	0000.665
+03.0192	+00.2451	0000.666
+03.0101	+00.2454	0000.667
+03.0006	+00.2451	0000.668
+02.9927	+00.2451	0000.669
+02.9826	+00.2448	0000.670
+02.9744	+00.2442	0000.671
+02.9655	+00.2439	0000.672
+02.9567	+00.2439	0000.673
+02.9472	+00.2436	0000.674
+02.9377	+00.2433	0000.675
+02.9292	+00.2436	0000.676
+02.9203	+00.2430	0000.677
+02.9106	+00.2423	0000.678
+02.9020	+00.2420	0000.679
+02.8926	+00.2423	0000.680
+02.8840	+00.2420	0000.681
+02.8746	+00.2417	0000.682
+02.8660	+00.2417	0000.683
+02.8566	+00.2414	0000.684
+02.8474	+00.2408	0000.685
+02.8389	+00.2411	0000.686
+02.8300	+00.2399	0000.687
+02.8209	+00.2402	0000.688
+02.8114	+00.2405	0000.689
+02.8028	+00.2396	0000.690
+02.7937	+00.2396	0000.691
+02.7848	+00.2393	0000.692
+02.7760	+00.2387	0000.693
+02.7668	+00.2390	0000.694
+02.7580	+00.2387	0000.695
+02.7485	+00.2384	0000.696
+02.7397	+00.2378	0000.697
+02.7305	+00.2378	0000.698
+02.7211	+00.2375	0000.699
+02.7125	+00.2372	0000.700
+02.7037	+00.2372	0000.701
+02.6948	+00.2365	0000.702
+02.6851	+00.2365	0000.703
+02.6765	+00.2365	0000.704
+02.6680	+00.2362	0000.705
+02.6588	+00.2353	0000.706
+02.6493	+00.2353	0000.707
+02.6408	+00.2353	0000.708
+02.6316	+00.2350	0000.709
+02.6225	+00.2347	0000.710
+02.6136	+00.2344	0000.711
+02.6048	+00.2344	0000.712
+02.5950	+00.2341	0000.713
+02.5868	+00.2335	0000.714
+02.5773	+00.2329	0000.715
+02.5685	+00.2332	0000.716
+02.5593	+00.2329	0000.717
+02.5502	+00.2326	0000.718
+02.5413	+00.2323	0000.719
+02.5319	+00.2323	0000.720
+02.5230	+00.2317	0000.721
+02.5135	+00.2314	0000.722
+02.5050	+00.2314	0000.723
+02.4961	+00.2307	0000.724
+02.4876	+00.2304	0000.725
+02.4781	+00.2304	0000.726
+02.4693	+00.2301	0000.727
+02.4601	+00.2292	0000.728
+02.4516	+00.2295	0000.729
+02.4418	+00.2289	0000.730
+02.4333	+00.2289	0000.731
+02.4238	+00.2286	0000.732
+02.4150	+00.2283	0000.733
+02.4061	+00.2280	0000.734
+02.3973	+00.2277	0000.735
+02.3881	+00.2274	0000.736
+02.3790	+00.2271	0000.737
+02.3701	+00.2271	0000.738
+02.3603	+00.2268	0000.739
+02.3515	+00.2262	0000.740
+02.3433	+00.2262	0000.741
+02.3347	+00.2259	0000.742
+02.3256	+00.2256	0000.743
+02.3158	+00.2250	0000.744
+02.3072	+00.2253	0000.745
+02.2981	+00.2243	0000.746
+02.2880	+00.2240	0000.747
+02.2804	+00.2240	0000.748
+02.2712	+00.2237	0000.749
+02.2621	+00.2234	0000.750
+02.2529	+00.2231	0000.751
+02.2435	+00.2231	0000.752
+02.2346	+00.2222	0000.753
+02.2258	+00.2225	0000.754
+02.2172	+00.2219	0000.755
+02.2078	+00.2219	0000.756
+02.1989	+00.2213	0000.757
+02.1894	+00.2213	0000.758
+02.1806	+00.2204	0000.759
+02.1720	+00.2201	0000.760
+02.1626	+00.2201	0000.761
+02.1537	+00.2195	0000.762
+02.1449	+00.2198	0000.763
+02.1357	+00.2192	0000.764
+02.1272	+00.2188	0000.765
+02.1180	+00.2182	0000.766
+02.1086	+00.2179	0000.767
+02.0997	+00.2182	0000.768
+02.0909	+00.2176	0000.769
+02.0814	+00.2173	0000.770
+02.0726	+00.2170	0000.771
+02.0634	+00.2164	0000.772
+02.0543	+00.2161	0000.773
+02.0457	+00.2155	0000.774
+02.0366	+00.2155	0000.775
+02.0277	+00.2155	0000.776
+02.0185	+00.2149	0000.777
+02.0097	+00.2146	0000.778
+02.0005	+00.2146	0000.779
+01.9911	+00.2140	0000.780
+01.9828	+00.2137	0000.781
+01.9740	+00.2134	0000.782
+01.9645	+00.2127	0000.783
+01.9554	+00.2127	0000.784
+01.9474	+00.2121	0000.785
+01.9374	+00.2121	0000.786
+01.9291	+00.2118	0000.787
+01.9194	+00.2115	0000.788
+01.9105	+00.2112	0000.789
+01.9011	+00.2106	0000.790
+01.8928	+00.2103	0000.791
+01.8840	+00.2100	0000.792
+01.8745	+00.2097	0000.793
+01.8653	+00.2091	0000.794
+01.8559	+00.2085	0000.795
+01.8470	+00.2085	0000.796
+01.8388	+00.2082	0000.797
+01.8296	+00.2079	0000.798
+01.8205	+00.2079	0000.799
+01.8116	+00.2066	0000.800
+01.8028	+00.2066	0000.801
+01.7933	+00.2063	0000.802
+01.7845	+00.2060	0000.803
+01.7750	+00.2060	0000.804
+01.7665	+00.2051	0000.805
+01.7576	+00.2048	0000.806
+01.7485	+00.2042	0000.807
+01.7390	+00.2036	0000.808
+01.7305	+00.2036	0000.809
+01.7210	+00.2030	0000.810
+01.7128	+00.2030	0000.811
+01.7036	+00.2027	0000.812
+01.6941	+00.2024	0000.813
+01.6853	+00.2021	0000.814
+01.6767	+00.2011	0000.815
+01.6673	+00.2011	0000.816
+01.6584	+00.2005	0000.817
+01.6490	+00.2002	0000.818
+01.6404	+00.1996	0000.819
+01.6313	+00.1996	0000.820
+01.6224	+00.1990	0000.821
+01.6133	+00.1987	0000.822
+01.6038	+00.1981	0000.823
+01.5956	+00.1978	0000.824
+01.5858	+00.1978	0000.825
+01.5776	+00.1972	0000.826
+01.5681	+00.1969	0000.827
+01.5586	+00.1963	0000.828
+01.5501	+00.1963	0000.829
+01.5409	+00.1957	0000.830
+01.5321	+00.1953	0000.831
+01.5232	+00.1950	0000.832
+01.5138	+00.1944	0000.833
+01.5055	+00.1938	0000.834
+01.4961	+00.1935	0000.835
+01.4872	+00.1929	0000.836
+01.4781	+00.1932	0000.837
+01.4695	+00.1926	0000.838
+01.4598	+00.1917	0000.839
+01.4509	+00.1917	0000.840
+01.4418	+00.1914	0000.841
+01.4326	+00.1908	0000.842
+01.4238	+00.1902	0000.843
+01.4146	+00.1899	0000.844
+01.4054	+00.1892	0000.845
+01.3966	+00.1889	0000.846
+01.3881	+00.1883	0000.847
+01.3789	+00.1883	0000.848
+01.3700	+00.1877	0000.849
+01.3606	+00.1874	0000.850
+01.3517	+00.1865	0000.851
+01.3429	+00.1865	0000.852
+01.3334	+00.1856	0000.853
+01.3246	+00.1859	0000.854
+01.3154	+00.1853	0000.855
+01.3072	+00.1847	0000.856
+01.2977	+00.1841	0000.857
+01.2886	+00.1838	0000.858
+01.2797	+00.1828	0000.859
+01.2706	+00.1828	0000.860
+01.2614	+00.1822	0000.861
+01.2529	+00.1816	0000.862
+01.2431	+00.1813	0000.863
+01.2342	+00.1810	0000.864
+01.2257	+00.1801	0000.865
+01.2165	+00.1801	0000.866
+01.2077	+00.1792	0000.867
+01.1979	+00.1789	0000.868
+01.1891	+00.1786	0000.869
+01.1805	+00.1783	0000.870
+01.1714	+00.1776	0000.871
+01.1628	+00.1767	0000.872
+01.1537	+00.1764	0000.873
+01.1436	+00.1758	0000.874
+01.1357	+00.1752	0000.875
+01.1268	+00.1752	0000.876
+01.1174	+00.1743	0000.877
+01.1082	+00.1743	0000.878
+01.0997	+00.1740	0000.879
+01.0905	+00.1731	0000.880
+01.0820	+00.1725	0000.881
+01.0725	+00.1722	0000.882
+01.0640	+00.1715	0000.883
+01.0548	+00.1709	0000.884
+01.0456	+00.1700	0000.885
+01.0368	+00.1700	0000.886
+01.0273	+00.1688	0000.887
+01.0185	+00.1685	0000.888
+01.0096	+00.1685	0000.889
+01.0002	+00.1676	0000.890
+00.9913	+00.1667	0000.891
+00.9825	+00.1661	0000.892
+00.9733	+00.1664	0000.893
+00.9642	+00.1654	0000.894
+00.9553	+00.1648	0000.895
+00.9459	+00.1642	0000.896
+00.9373	+00.1636	0000.897
+00.9278	+00.1633	0000.898
+00.9193	+00.1624	0000.899
+00.9098	+00.1615	0000.900
+00.9013	+00.1615	0000.901
+00.8915	+00.1606	0000.902
+00.8833	+00.1603	0000.903
+00.8744	+00.1593	0000.904
+00.8653	+00.1587	0000.905
+00.8561	+00.1578	0000.906
+00.8473	+00.1578	0000.907
+00.8378	+00.1572	0000.908
+00.8287	+00.1563	0000.909
+00.8204	+00.1551	0000.910
+00.8110	+00.1551	0000.911
+00.8021	+00.1545	0000.912
+00.7933	+00.1542	0000.913
+00.7835	+00.1532	0000.914
+00.7750	+00.1523	0000.915
+00.7655	+00.1520	0000.916
+00.7576	+00.1511	0000.917
+00.7481	+00.1505	0000.918
+00.7389	+00.1499	0000.919
+00.7301	+00.1493	0000.920
+00.7209	+00.1480	0000.921
+00.7118	+00.1480	0000.922
+00.7029	+00.1471	0000.923
+00.6941	+00.1468	0000.924
+00.6852	+00.1456	0000.925
+00.6758	+00.1450	0000.926
+00.6669	+00.1444	0000.927
+00.6581	+00.1435	0000.928
+00.6489	+00.1426	0000.929
+00.6401	+00.1422	0000.930
+00.6309	+00.1410	0000.931
+00.6215	+00.1404	0000.932
+00.6129	+00.1395	0000.933
+00.6038	+00.1386	0000.934
+00.5949	+00.1383	0000.935
+00.5854	+00.1368	0000.936
+00.5769	+00.1365	0000.937
+00.5677	+00.1358	0000.938
+00.5586	+00.1349	0000.939
+00.5500	+00.1340	0000.940
+00.5409	+00.1331	0000.941
+00.5320	+00.1319	0000.942
+00.5229	+00.1313	0000.943
+00.5137	+00.1307	0000.944
+00.5049	+00.1297	0000.945
+00.4960	+00.1288	0000.946
+00.4869	+00.1276	0000.947
+00.4777	+00.1267	0000.948
+00.4686	+00.1258	0000.949
+00.4597	+00.1252	0000.950
+00.4509	+00.1236	0000.951
+00.4417	+00.1227	0000.952
+00.4325	+00.1218	0000.953
+00.4237	+00.1209	0000.954
+00.4145	+00.1203	0000.955
+00.4054	+00.1187	0000.956
+00.3968	+00.1181	0000.957
+00.3874	+00.1169	0000.958
+00.3788	+00.1157	0000.959
+00.3694	+00.1148	0000.960
+00.3602	+00.1136	0000.961
+00.3514	+00.1123	0000.962
+00.3425	+00.1114	0000.963
+00.3334	+00.1105	0000.964
+00.3245	+00.1090	0000.965
+00.3151	+00.1084	0000.966
+00.3062	+00.1068	0000.967
+00.2974	+00.1056	0000.968
+00.2885	+00.1044	0000.969
+00.2797	+00.1029	0000.970
+00.2702	+00.1017	0000.971
+00.2613	+00.1004	0000.972
+00.2525	+00.0989	0000.973
+00.2433	+00.0974	0000.974
+00.2339	+00.0965	0000.975
+00.2253	+00.0953	0000.976
+00.2165	+00.0934	0000.977
+00.2070	+00.0922	0000.978
+00.1982	+00.0907	0000.979
+00.1890	+00.0891	0000.980
+00.1805	+00.0876	0000.981
+00.1713	+00.0864	0000.982
+00.1619	+00.0849	0000.983
+00.1530	+00.0827	0000.984
+00.1442	+00.0815	0000.985
+00.1353	+00.0797	0000.986
+00.1262	+00.0776	0000.987
+00.1170	+00.0757	0000.988
+00.1078	+00.0742	0000.989
+00.0993	+00.0724	0000.990
+00.0898	+00.0711	0000.991
+00.0816	+00.0690	0000.992
+00.0721	+00.0669	0000.993
+00.0630	+00.0656	0000.994
+00.0538	+00.0635	0000.995
+00.0447	+00.0611	0000.996
+00.0358	+00.0592	0000.997
+00.0267	+00.0571	0000.998
+00.0178	+00.0553	0000.999
