R,Ohm	C,pF	Temp,C
0000000000	0000100000	+025.00
Ch1,V	Ch2,V	Time,s
-00.0002	-00.0009	0000.000
+00.0001	-00.0015	0000.001
+00.0087	-00.0009	0000.002
+00.0175	-00.0006	0000.003
+00.0267	-00.0006	0000.004
+00.0358	-00.0003	0000.005
+00.0447	-00.0003	0000.006
+00.0535	+00.0000	0000.007
+00.0630	+00.0006	0000.008
+00.0718	+00.0006	0000.009
+00.0807	+00.0010	0000.010
+00.0895	+00.0013	0000.011
+00.0990	+00.0022	0000.012
+00.1078	+00.0019	0000.013
+00.1170	+00.0022	0000.014
+00.1258	+00.0031	0000.015
+00.1353	+00.0031	0000.016
+00.1435	+00.0043	0000.017
+00.1530	+00.0040	0000.018
+00.1619	+00.0049	0000.019
+00.1713	+00.0061	0000.020
+00.1799	+00.0061	0000.021
+00.1887	+00.0071	0000.022
+00.1976	+00.0074	0000.023
+00.2073	+00.0089	0000.024
+00.2156	+00.0095	0000.025
+00.2247	+00.0104	0000.026
+00.2339	+00.0113	0000.027
+00.2430	+00.0122	0000.028
+00.2519	+00.0129	0000.029
+00.2613	+00.0141	0000.030
+00.2702	+00.0150	0000.031
+00.2790	+00.0159	0000.032
+00.2882	+00.0165	0000.033
+00.2974	+00.0180	0000.034
+00.3059	+00.0193	0000.035
+00.3151	+00.0202	0000.036
+00.3239	+00.0217	0000.037
+00.3331	+00.0226	0000.038
+00.3419	+00.0235	0000.039
+00.3514	+00.0248	0000.040
+00.3602	+00.0260	0000.041
+00.3694	+00.0275	0000.042
+00.3782	+00.0284	0000.043
+00.3871	+00.0299	0000.044
+00.3962	+00.0312	0000.045
+00.4051	+00.0321	0000.046
+00.4142	+00.0339	0000.047
+00.4237	+00.0351	0000.048
+00.4325	+00.0367	0000.049
+00.4411	+00.0379	0000.050
+00.4499	+00.0394	0000.051
+00.4600	+00.0403	0000.052
+00.4686	+00.0422	0000.053
+00.4774	+00.0434	0000.054
+00.4860	+00.0449	0000.055
+00.4954	+00.0461	0000.056
+00.5043	+00.0483	0000.057
+00.5140	+00.0492	0000.058
+00.5223	+00.0516	0000.059
+00.5311	+00.0522	0000.060
+00.5406	+00.0541	0000.061
+00.5494	+00.0556	0000.062
+00.5583	+00.0568	0000.063
+00.5674	+00.0583	0000.064
+00.5766	+00.0599	0000.065
+00.5854	+00.0611	0000.066
+00.5943	+00.0629	0000.067
+00.6031	+00.0647	0000.068
+00.6129	+00.0663	0000.069
+00.6215	+00.0675	0000.070
+00.6309	+00.0693	0000.071
+00.6395	+00.0708	0000.072
+00.6486	+00.0724	0000.073
+00.6572	+00.0742	0000.074
+00.6663	+00.0751	0000.075
+00.6752	+00.0772	0000.076
+00.6846	+00.0785	0000.077
+00.6935	+00.0803	0000.078
+00.7026	+00.0815	0000.079
+00.7118	+00.0833	0000.080
+00.7206	+00.0846	0000.081
+00.7295	+00.0867	0000.082
+00.7389	+00.0876	0000.083
+00.7475	+00.0891	0000.084
+00.7566	+00.0910	0000.085
+00.7658	+00.0925	0000.086
+00.7750	+00.0937	0000.087
+00.7835	+00.0959	0000.088
+00.7927	+00.0965	0000.089
+00.8015	+00.0983	0000.090
+00.8104	+00.0998	0000.091
+00.8201	+00.1017	0000.092
+00.8290	+00.1029	0000.093
+00.8378	+00.1041	0000.094
+00.8461	+00.1056	0000.095
+00.8555	+00.1075	0000.096
+00.8647	+00.1087	0000.097
+00.8738	+00.1096	0000.098
+00.8827	+00.1120	0000.099
+00.8918	+00.1130	0000.100
+00.9010	+00.1142	0000.101
+00.9098	+00.1157	0000.102
+00.9187	+00.1169	0000.103
+00.9278	+00.1184	0000.104
+00.9370	+00.1197	0000.105
+00.9459	+00.1209	0000.106
+00.9550	+00.1218	0000.107
+00.9642	+00.1233	0000.108
+00.9727	+00.1249	0000.109
+00.9819	+00.1261	0000.110
+00.9910	+00.1276	0000.111
+00.9999	+00.1285	0000.112
+01.0087	+00.1300	0000.113
+01.0182	+00.1310	0000.114
+01.0273	+00.1322	0000.115
+01.0362	+00.1334	0000.116
+01.0453	+00.1343	0000.117
+01.0539	+00.1352	0000.118
+01.0633	+00.1371	0000.119
+01.0722	+00.1380	0000.120
+01.0814	+00.1386	0000.121
+01.0902	+00.1401	0000.122
+01.0997	+00.1413	0000.123
+01.1079	+00.1416	0000.124
+01.1171	+00.1432	0000.125
+01.1262	+00.1438	0000.126
+01.1351	+00.1456	0000.127
+01.1439	+00.1465	0000.128
+01.1525	+00.1474	0000.129
+01.1625	+00.1484	0000.130
+01.1708	+00.1493	0000.131
+01.1802	+00.1505	0000.132
+01.1894	+00.1514	0000.133
+01.1985	+00.1520	0000.134
+01.2071	+00.1532	0000.135
+01.2168	+00.1542	0000.136
+01.2254	+00.1548	0000.137
+01.2342	+00.1560	0000.138
+01.2434	+00.1569	0000.139
+01.2526	+00.1578	0000.140
+01.2614	+00.1584	0000.141
+01.2706	+00.1593	0000.142
+01.2797	+00.1603	0000.143
+01.2883	+00.1612	0000.144
+01.2974	+00.1618	0000.145
+01.3066	+00.1633	0000.146
+01.3154	+00.1636	0000.147
+01.3246	+00.1648	0000.148
+01.3337	+00.1648	0000.149
+01.3420	+00.1661	0000.150
+01.3514	+00.1670	0000.151
+01.3609	+00.1676	0000.152
+01.3694	+00.1685	0000.153
+01.3786	+00.1691	0000.154
+01.3874	+00.1700	0000.155
+01.3963	+00.1712	0000.156
+01.4058	+00.1715	0000.157
+01.4152	+00.1725	0000.158
+01.4235	+00.1734	0000.159
+01.4326	+00.1740	0000.160
+01.4415	+00.1743	0000.161
+01.4503	+00.1752	0000.162
+01.4601	+00.1761	0000.163
+01.4689	+00.1770	0000.164
+01.4775	+00.1770	0000.165
+01.4863	+00.1783	0000.166
+01.4958	+00.1786	0000.167
+01.5046	+00.1795	0000.168
+01.5135	+00.1801	0000.169
+01.5226	+00.1813	0000.170
+01.5312	+00.1813	0000.171
+01.5406	+00.1825	0000.172
+01.5495	+00.1825	0000.173
+01.5590	+00.1831	0000.174
+01.5678	+00.1841	0000.175
+01.5770	+00.1850	0000.176
+01.5861	+00.1853	0000.177
+01.5953	+00.1862	0000.178
+01.6038	+00.1865	0000.179
+01.6130	+00.1877	0000.180
+01.6221	+00.1880	0000.181
+01.6310	+00.1886	0000.182
+01.6395	+00.1892	0000.183
+01.6493	+00.1899	0000.184
+01.6578	+00.1899	0000.185
+01.6673	+00.1905	0000.186
+01.6758	+00.1914	0000.187
+01.6853	+00.1920	0000.188
+01.6941	+00.1932	0000.189
+01.7027	+00.1935	0000.190
+01.7121	+00.1938	0000.191
+01.7207	+00.1950	0000.192
+01.7299	+00.1953	0000.193
+01.7384	+00.1957	0000.194
+01.7479	+00.1966	0000.195
+01.7567	+00.1972	0000.196
+01.7662	+00.1972	0000.197
+01.7750	+00.1981	0000.198
+01.7839	+00.1990	0000.199
+01.7933	+00.1990	0000.200
+01.8019	+00.1996	0000.201
+01.8113	+00.1996	0000.202
+01.8202	+00.2005	0000.203
+01.8290	+00.2011	0000.204
+01.8382	+00.2015	0000.205
+01.8473	+00.2021	0000.206
+01.8559	+00.2027	0000.207
+01.8644	+00.2033	0000.208
+01.8742	+00.2036	0000.209
+01.8834	+00.2042	0000.210
+01.8919	+00.2045	0000.211
+01.9007	+00.2054	0000.212
+01.9105	+00.2057	0000.213
+01.9194	+00.2060	0000.214
+01.9279	+00.2069	0000.215
+01.9371	+00.2066	0000.216
+01.9465	+00.2082	0000.217
+01.9551	+00.2085	0000.218
+01.9645	+00.2088	0000.219
+01.9734	+00.2091	0000.220
+01.9825	+00.2097	0000.221
+01.9920	+00.2103	0000.222
+01.9999	+00.2109	0000.223
+02.0094	+00.2109	0000.224
+02.0182	+00.2115	0000.225
+02.0274	+00.2124	0000.226
+02.0366	+00.2121	0000.227
+02.0454	+00.2130	0000.228
+02.0543	+00.2134	0000.229
+02.0631	+00.2140	0000.230
+02.0720	+00.2143	0000.231
+02.0811	+00.2146	0000.232
+02.0906	+00.2152	0000.233
+02.0988	+00.2158	0000.234
+02.1083	+00.2158	0000.235
+02.1174	+00.2164	0000.236
+02.1269	+00.2173	0000.237
+02.1357	+00.2176	0000.238
+02.1449	+00.2179	0000.239
+02.1531	+00.2182	0000.240
+02.1629	+00.2188	0000.241
+02.1717	+00.2198	0000.242
+02.1809	+00.2201	0000.243
+02.1901	+00.2198	0000.244
+02.1986	+00.2207	0000.245
+02.2078	+00.2210	0000.246
+02.2163	+00.2213	0000.247
+02.2258	+00.2219	0000.248
+02.2346	+00.2222	0000.249
+02.2435	+00.2225	0000.250
+02.2526	+00.2234	0000.251
+02.2624	+00.2234	0000.252
+02.2703	+00.2243	0000.253
+02.2801	+00.2243	0000.254
+02.2886	+00.2246	0000.255
+02.2978	+00.2253	0000.256
+02.3066	+00.2256	0000.257
+02.3161	+00.2262	0000.258
+02.3249	+00.2268	0000.259
+02.3335	+00.2268	0000.260
+02.3429	+00.2274	0000.261
+02.3512	+00.2277	0000.262
+02.3610	+00.2277	0000.263
+02.3695	+00.2289	0000.264
+02.3783	+00.2286	0000.265
+02.3881	+00.2292	0000.266
+02.3964	+00.2295	0000.267
+02.4058	+00.2298	0000.268
+02.4150	+00.2304	0000.269
+02.4238	+00.2307	0000.270
+02.4330	+00.2311	0000.271
+02.4424	+00.2317	0000.272
+02.4510	+00.2323	0000.273
+02.4601	+00.2323	0000.274
+02.4687	+00.2323	0000.275
+02.4778	+00.2329	0000.276
+02.4867	+00.2335	0000.277
+02.4961	+00.2341	0000.278
+02.5050	+00.2338	0000.279
+02.5142	+00.2344	0000.280
+02.5230	+00.2347	0000.281
+02.5319	+00.2353	0000.282
+02.5413	+00.2356	0000.283
+02.5508	+00.2359	0000.284
+02.5590	+00.2365	0000.285
+02.5688	+00.2369	0000.286
+02.5770	+00.2375	0000.287
+02.5859	+00.2375	0000.288
+02.5953	+00.2375	0000.289
+02.6039	+00.2381	0000.290
+02.6127	+00.2387	0000.291
+02.6225	+00.2387	0000.292
+02.6310	+00.2396	0000.293
+02.6405	+00.2396	0000.294
+02.6490	+00.2402	0000.295
+02.6591	+00.2405	0000.296
+02.6670	+00.2408	0000.297
+02.6765	+00.2411	0000.298
+02.6854	+00.2411	0000.299
+02.6939	+00.2414	0000.300
+02.7028	+00.2420	0000.301
+02.7119	+00.2427	0000.302
+02.7211	+00.2427	0000.303
+02.7302	+00.2433	0000.304
+02.7391	+00.2436	0000.305
+02.7479	+00.2442	0000.306
+02.7571	+00.2445	0000.307
+02.7671	+00.2445	0000.308
+02.7751	+00.2448	0000.309
+02.7845	+00.2454	0000.310
+02.7934	+00.2454	0000.311
+02.8019	+00.2457	0000.312
+02.8114	+00.2463	0000.313
+02.8205	+00.2463	0000.314
+02.8297	+00.2469	0000.315
+02.8392	+00.2472	0000.316
+02.8474	+00.2478	0000.317
+02.8563	+00.2472	0000.318
+02.8651	+00.2484	0000.319
+02.8749	+00.2484	0000.320
+02.8834	+00.2488	0000.321
+02.8926	+00.2494	0000.322
+02.9020	+00.2494	0000.323
+02.9106	+00.2500	0000.324
+02.9197	+00.2500	0000.325
+02.9292	+00.2506	0000.326
+02.9387	+00.2509	0000.327
+02.9469	+00.2512	0000.328
+02.9560	+00.2515	0000.329
+02.9643	+00.2518	0000.330
+02.9737	+00.2518	0000.331
+02.9832	+00.2524	0000.332
+02.9914	+00.2530	0000.333
+03.0012	+00.2527	0000.334
+03.0101	+00.2530	0000.335
+03.0186	+00.2536	0000.336
+03.0278	+00.2542	0000.337
+03.0372	+00.2546	0000.338
+03.0461	+00.2546	0000.339
+03.0546	+00.2546	0000.340
+03.0632	+00.2549	0000.341
+03.0726	+00.2555	0000.342
+03.0821	+00.2558	0000.343
+03.0900	+00.2555	0000.344
+03.0998	+00.2561	0000.345
+03.1095	+00.2564	0000.346
+03.1187	+00.2570	0000.347
+03.1276	+00.2573	0000.348
+03.1361	+00.2576	0000.349
+03.1440	+00.2582	0000.350
+03.1544	+00.2582	0000.351
+03.1630	+00.2582	0000.352
+03.1718	+00.2588	0000.353
+03.1807	+00.2591	0000.354
+03.1904	+00.2597	0000.355
+03.1990	+00.2591	0000.356
+03.2078	+00.2600	0000.357
+03.2173	+00.2597	0000.358
+03.2261	+00.2610	0000.359
+03.2350	+00.2610	0000.360
+03.2441	+00.2613	0000.361
+03.2542	+00.2610	0000.362
+03.2615	+00.2619	0000.363
+03.2710	+00.2622	0000.364
+03.2804	+00.2625	0000.365
+03.2899	+00.2625	0000.366
+03.2988	+00.2625	0000.367
+03.3067	+00.2634	0000.368
+03.3162	+00.2631	0000.369
+03.3250	+00.2637	0000.370
+03.3342	+00.2640	0000.371
+03.3430	+00.2640	0000.372
+03.3525	+00.2649	0000.373
+03.3607	+00.2649	0000.374
+03.3702	+00.2646	0000.375
+03.3790	+00.2652	0000.376
+03.3879	+00.2661	0000.377
+03.3970	+00.2658	0000.378
+03.4059	+00.2661	0000.379
+03.4150	+00.2665	0000.380
+03.4251	+00.2671	0000.381
+03.4324	+00.2668	0000.382
+03.4416	+00.2671	0000.383
+03.4513	+00.2677	0000.384
+03.4602	+00.2680	0000.385
+03.4694	+00.2680	0000.386
+03.4785	+00.2683	0000.387
+03.4874	+00.2689	0000.388
+03.4965	+00.2689	0000.389
+03.5060	+00.2698	0000.390
+03.5142	+00.2692	0000.391
+03.5237	+00.2698	0000.392
+03.5331	+00.2698	0000.393
+03.5411	+00.2704	0000.394
+03.5505	+00.2707	0000.395
+03.5588	+00.2707	0000.396
+03.5682	+00.2713	0000.397
+03.5783	+00.2713	0000.398
+03.5865	+00.2716	0000.399
+03.5954	+00.2716	0000.400
+03.6045	+00.2719	0000.401
+03.6131	+00.2723	0000.402
+03.6222	+00.2723	0000.403
+03.6314	+00.2729	0000.404
+03.6403	+00.2732	0000.405
+03.6497	+00.2735	0000.406
+03.6583	+00.2735	0000.407
+03.6671	+00.2738	0000.408
+03.6760	+00.2744	0000.409
+03.6854	+00.2744	0000.410
+03.6949	+00.2744	0000.411
+03.7037	+00.2747	0000.412
+03.7126	+00.2753	0000.413
+03.7214	+00.2753	0000.414
+03.7309	+00.2756	0000.415
+03.7403	+00.2762	0000.416
+03.7477	+00.2762	0000.417
+03.7580	+00.2765	0000.418
+03.7666	+00.2771	0000.419
+03.7764	+00.2768	0000.420
+03.7849	+00.2774	0000.421
+03.7931	+00.2771	0000.422
+03.8023	+00.2774	0000.423
+03.8124	+00.2784	0000.424
+03.8206	+00.2784	0000.425
+03.8298	+00.2784	0000.426
+03.8389	+00.2790	0000.427
+03.8481	+00.2787	0000.428
+03.8569	+00.2793	0000.429
+03.8664	+00.2796	0000.430
+03.8746	+00.2799	0000.431
+03.8841	+00.2799	0000.432
+03.8929	+00.2805	0000.433
+03.9021	+00.2805	0000.434
+03.9109	+00.2808	0000.435
+03.9201	+00.2808	0000.436
+03.9283	+00.2814	0000.437
+03.9387	+00.2817	0000.438
+03.9479	+00.2817	0000.439
+03.9564	+00.2817	0000.440
+03.9643	+00.2823	0000.441
+03.9735	+00.2823	0000.442
+03.9827	+00.2826	0000.443
+03.9918	+00.2829	0000.444
+04.0010	+00.2829	0000.445
+04.0095	+00.2835	0000.446
+04.0193	+00.2835	0000.447
+04.0275	+00.2839	0000.448
+04.0367	+00.2842	0000.449
+04.0458	+00.2842	0000.450
+04.0559	+00.2848	0000.451
+04.0638	+00.2848	0000.452
+04.0733	+00.2848	0000.453
+04.0818	+00.2854	0000.454
+04.0910	+00.2854	0000.455
+04.0998	+00.2854	0000.456
+04.1099	+00.2863	0000.457
+04.1188	+00.2863	0000.458
+04.1282	+00.2866	0000.459
+04.1352	+00.2869	0000.460
+04.1456	+00.2872	0000.461
+04.1542	+00.2875	0000.462
+04.1633	+00.2872	0000.463
+04.1722	+00.2878	0000.464
+04.1822	+00.2881	0000.465
+04.1905	+00.2881	0000.466
+04.1996	+00.2881	0000.467
+04.2085	+00.2887	0000.468
+04.2173	+00.2884	0000.469
+04.2268	+00.2893	0000.470
+04.2353	+00.2890	0000.471
+04.2436	+00.2896	0000.472
+04.2533	+00.2900	0000.473
+04.2616	+00.2903	0000.474
+04.2717	+00.2903	0000.475
+04.2802	+00.2903	0000.476
+04.2900	+00.2906	0000.477
+04.2985	+00.2909	0000.478
+04.3077	+00.2915	0000.479
+04.3162	+00.2912	0000.480
+04.3251	+00.2918	0000.481
+04.3345	+00.2918	0000.482
+04.3443	+00.2921	0000.483
+04.3538	+00.2924	0000.484
+04.3617	+00.2927	0000.485
+04.3708	+00.2927	0000.486
+04.3797	+00.2924	0000.487
+04.3882	+00.2936	0000.488
+04.3980	+00.2933	0000.489
+04.4059	+00.2936	0000.490
+04.4157	+00.2933	0000.491
+04.4246	+00.2942	0000.492
+04.4340	+00.2939	0000.493
+04.4429	+00.2945	0000.494
+04.4514	+00.2948	0000.495
+04.4603	+00.2951	0000.496
+04.4697	+00.2954	0000.497
+04.4786	+00.2954	0000.498
+04.4874	+00.2954	0000.499
+04.4963	+00.2958	0000.500
+04.5057	+00.2964	0000.501
+04.4972	+00.2964	0000.502
+04.4880	+00.2961	0000.503
+04.4789	+00.2961	0000.504
+04.4706	+00.2958	0000.505
+04.4603	+00.2961	0000.506
+04.4520	+00.2958	0000.507
+04.4429	+00.2958	0000.508
+04.4334	+00.2951	0000.509
+04.4255	+00.2951	0000.510
+04.4160	+00.2954	0000.511
+04.4062	+00.2951	0000.512
+04.3980	+00.2945	0000.513
+04.3882	+00.2951	0000.514
+04.3806	+00.2948	0000.515
+04.3715	+00.2945	0000.516
+04.3617	+00.2945	0000.517
+04.3531	+00.2945	0000.518
+04.3443	+00.2942	0000.519
+04.3348	+00.2939	0000.520
+04.3257	+00.2936	0000.521
+04.3171	+00.2939	0000.522
+04.3080	+00.2939	0000.523
+04.3000	+00.2936	0000.524
+04.2900	+00.2930	0000.525
+04.2811	+00.2933	0000.526
+04.2717	+00.2933	0000.527
+04.2622	+00.2930	0000.528
+04.2540	+00.2930	0000.529
+04.2442	+00.2927	0000.530
+04.2360	+00.2924	0000.531
+04.2265	+00.2921	0000.532
+04.2170	+00.2924	0000.533
+04.2085	+00.2921	0000.534
+04.1996	+00.2921	0000.535
+04.1902	+00.2915	0000.536
+04.1816	+00.2912	0000.537
+04.1725	+00.2915	0000.538
+04.1636	+00.2915	0000.539
+04.1542	+00.2909	0000.540
+04.1456	+00.2912	0000.541
+04.1365	+00.2909	0000.542
+04.1276	+00.2906	0000.543
+04.1185	+00.2903	0000.544
+04.1093	+00.2896	0000.545
+04.1005	+00.2903	0000.546
+04.0916	+00.2896	0000.547
+04.0821	+00.2900	0000.548
+04.0739	+00.2893	0000.549
+04.0644	+00.2900	0000.550
+04.0559	+00.2893	0000.551
+04.0467	+00.2893	0000.552
+04.0373	+00.2887	0000.553
+04.0284	+00.2887	0000.554
+04.0193	+00.2884	0000.555
+04.0104	+00.2887	0000.556
+04.0019	+00.2881	0000.557
+03.9921	+00.2881	0000.558
+03.9830	+00.2878	0000.559
+03.9741	+00.2872	0000.560
+03.9650	+00.2878	0000.561
+03.9561	+00.2875	0000.562
+03.9476	+00.2872	0000.563
+03.9378	+00.2872	0000.564
+03.9296	+00.2869	0000.565
+03.9198	+00.2863	0000.566
+03.9103	+00.2860	0000.567
+03.9018	+00.2860	0000.568
+03.8929	+00.2860	0000.569
+03.8850	+00.2860	0000.570
+03.8752	+00.2860	0000.571
+03.8661	+00.2854	0000.572
+03.8572	+00.2854	0000.573
+03.8487	+00.2851	0000.574
+03.8389	+00.2854	0000.575
+03.8307	+00.2848	0000.576
+03.8212	+00.2848	0000.577
+03.8127	+00.2848	0000.578
+03.8029	+00.2839	0000.579
+03.7938	+00.2842	0000.580
+03.7849	+00.2839	0000.581
+03.7764	+00.2835	0000.582
+03.7672	+00.2835	0000.583
+03.7584	+00.2835	0000.584
+03.7489	+00.2829	0000.585
+03.7397	+00.2835	0000.586
+03.7312	+00.2826	0000.587
+03.7223	+00.2826	0000.588
+03.7126	+00.2820	0000.589
+03.7043	+00.2820	0000.590
+03.6955	+00.2817	0000.591
+03.6863	+00.2820	0000.592
+03.6772	+00.2814	0000.593
+03.6683	+00.2814	0000.594
+03.6586	+00.2814	0000.595
+03.6503	+00.2811	0000.596
+03.6409	+00.2808	0000.597
+03.6317	+00.2808	0000.598
+03.6226	+00.2802	0000.599
+03.6143	+00.2805	0000.600
+03.6049	+00.2802	0000.601
+03.5966	+00.2796	0000.602
+03.5865	+00.2796	0000.603
+03.5777	+00.2793	0000.604
+03.5685	+00.2793	0000.605
+03.5597	+00.2790	0000.606
+03.5508	+00.2793	0000.607
+03.5417	+00.2784	0000.608
+03.5334	+00.2784	0000.609
+03.5240	+00.2781	0000.610
+03.5145	+00.2784	0000.611
+03.5060	+00.2777	0000.612
+03.4971	+00.2774	0000.613
+03.4877	+00.2774	0000.614
+03.4785	+00.2774	0000.615
+03.4700	+00.2765	0000.616
+03.4605	+00.2765	0000.617
+03.4523	+00.2762	0000.618
+03.4425	+00.2762	0000.619
+03.4340	+00.2762	0000.620
+03.4248	+00.2762	0000.621
+03.4156	+00.2750	0000.622
+03.4065	+00.2756	0000.623
+03.3973	+00.2753	0000.624
+03.3888	+00.2750	0000.625
+03.3796	+00.2747	0000.626
+03.3705	+00.2747	0000.627
+03.3616	+00.2744	0000.628
+03.3528	+00.2744	0000.629
+03.3439	+00.2744	0000.630
+03.3354	+00.2738	0000.631
+03.3250	+00.2735	0000.632
+03.3168	+00.2735	0000.633
+03.3070	+00.2735	0000.634
+03.2981	+00.2726	0000.635
+03.2887	+00.2726	0000.636
+03.2804	+00.2726	0000.637
+03.2716	+00.2723	0000.638
+03.2618	+00.2719	0000.639
+03.2539	+00.2716	0000.640
+03.2444	+00.2713	0000.641
+03.2353	+00.2713	0000.642
+03.2261	+00.2707	0000.643
+03.2167	+00.2704	0000.644
+03.2078	+00.2710	0000.645
+03.1996	+00.2701	0000.646
+03.1904	+00.2701	0000.647
+03.1810	+00.2695	0000.648
+03.1724	+00.2698	0000.649
+03.1633	+00.2689	0000.650
+03.1547	+00.2692	0000.651
+03.1450	+00.2689	0000.652
+03.1364	+00.2686	0000.653
+03.1276	+00.2686	0000.654
+03.1184	+00.2683	0000.655
+03.1095	+00.2680	0000.656
+03.1004	+00.2674	0000.657
+03.0912	+00.2677	0000.658
+03.0821	+00.2668	0000.659
+03.0729	+00.2674	0000.660
+03.0641	+00.2668	0000.661
+03.0552	+00.2665	0000.662
+03.0452	+00.2661	0000.663
+03.0369	+00.2661	0000.664
+03.0284	+00.2658	0000.665
+03.0186	+00.2658	0000.666
+03.0095	+00.2655	0000.667
+03.0003	+00.2649	0000.668
+02.9918	+00.2646	0000.669
+02.9829	+00.2649	0000.670
+02.9741	+00.2640	0000.671
+02.9640	+00.2643	0000.672
+02.9557	+00.2640	0000.673
+02.9472	+00.2637	0000.674
+02.9383	+00.2634	0000.675
+02.9292	+00.2631	0000.676
+02.9203	+00.2628	0000.677
+02.9106	+00.2628	0000.678
+02.9023	+00.2625	0000.679
+02.8935	+00.2622	0000.680
+02.8840	+00.2619	0000.681
+02.8746	+00.2616	0000.682
+02.8654	+00.2616	0000.683
+02.8572	+00.2613	0000.684
+02.8480	+00.2607	0000.685
+02.8386	+00.2604	0000.686
+02.8294	+00.2607	0000.687
+02.8205	+00.2600	0000.688
+02.8117	+00.2597	0000.689
+02.8032	+00.2597	0000.690
+02.7937	+00.2594	0000.691
+02.7851	+00.2591	0000.692
+02.7760	+00.2588	0000.693
+02.7671	+00.2585	0000.694
+02.7574	+00.2582	0000.695
+02.7491	+00.2579	0000.696
+02.7394	+00.2576	0000.697
+02.7311	+00.2579	0000.698
+02.7220	+00.2573	0000.699
+02.7125	+00.2570	0000.700
+02.7037	+00.2564	0000.701
+02.6942	+00.2570	0000.702
+02.6851	+00.2561	0000.703
+02.6759	+00.2558	0000.704
+02.6677	+00.2558	0000.705
+02.6594	+00.2558	0000.706
+02.6493	+00.2552	0000.707
+02.6411	+00.2552	0000.708
+02.6323	+00.2542	0000.709
+02.6225	+00.2542	0000.710
+02.6139	+00.2542	0000.711
+02.6039	+00.2539	0000.712
+02.5950	+00.2530	0000.713
+02.5865	+00.2530	0000.714
+02.5767	+00.2530	0000.715
+02.5688	+00.2524	0000.716
+02.5593	+00.2524	0000.717
+02.5505	+00.2518	0000.718
+02.5410	+00.2521	0000.719
+02.5322	+00.2518	0000.720
+02.5236	+00.2509	0000.721
+02.5142	+00.2512	0000.722
+02.5050	+00.2509	0000.723
+02.4965	+00.2503	0000.724
+02.4876	+00.2500	0000.725
+02.4784	+00.2497	0000.726
+02.4687	+00.2494	0000.727
+02.4604	+00.2494	0000.728
+02.4510	+00.2491	0000.729
+02.4421	+00.2488	0000.730
+02.4333	+00.2484	0000.731
+02.4244	+00.2475	0000.732
+02.4150	+00.2478	0000.733
+02.4058	+00.2472	0000.734
+02.3970	+00.2472	0000.735
+02.3881	+00.2469	0000.736
+02.3790	+00.2466	0000.737
+02.3704	+00.2457	0000.738
+02.3610	+00.2460	0000.739
+02.3524	+00.2457	0000.740
+02.3426	+00.2457	0000.741
+02.3341	+00.2451	0000.742
+02.3249	+00.2451	0000.743
+02.3158	+00.2448	0000.744
+02.3069	+00.2442	0000.745
+02.2975	+00.2439	0000.746
+02.2889	+00.2436	0000.747
+02.2801	+00.2430	0000.748
+02.2712	+00.2430	0000.749
+02.2621	+00.2427	0000.750
+02.2526	+00.2420	0000.751
+02.2441	+00.2420	0000.752
+02.2349	+00.2417	0000.753
+02.2258	+00.2414	0000.754
+02.2172	+00.2411	0000.755
+02.2075	+00.2402	0000.756
+02.1992	+00.2402	0000.757
+02.1898	+00.2399	0000.758
+02.1812	+00.2396	0000.759
+02.1724	+00.2393	0000.760
+02.1632	+00.2390	0000.761
+02.1534	+00.2387	0000.762
+02.1446	+00.2381	0000.763
+02.1354	+00.2381	0000.764
+02.1272	+00.2378	0000.765
+02.1177	+00.2375	0000.766
+02.1086	+00.2369	0000.767
+02.1003	+00.2369	0000.768
+02.0909	+00.2365	0000.769
+02.0814	+00.2362	0000.770
+02.0723	+00.2359	0000.771
+02.0634	+00.2356	0000.772
+02.0549	+00.2347	0000.773
+02.0457	+00.2350	0000.774
+02.0366	+00.2338	0000.775
+02.0277	+00.2341	0000.776
+02.0192	+00.2338	0000.777
+02.0100	+00.2338	0000.778
+02.0005	+00.2329	0000.779
+01.9914	+00.2329	0000.780
+01.9831	+00.2329	0000.781
+01.9737	+00.2320	0000.782
+01.9648	+00.2323	0000.783
+01.9557	+00.2311	0000.784
+01.9465	+00.2307	0000.785
+01.9374	+00.2311	0000.786
+01.9285	+00.2304	0000.787
+01.9194	+00.2301	0000.788
+01.9105	+00.2295	0000.789
+01.9020	+00.2298	0000.790
+01.8925	+00.2292	0000.791
+01.8837	+00.2283	0000.792
+01.8754	+00.2277	0000.793
+01.8657	+00.2277	0000.794
+01.8565	+00.2274	0000.795
+01.8473	+00.2274	0000.796
+01.8385	+00.2271	0000.797
+01.8296	+00.2262	0000.798
+01.8205	+00.2259	0000.799
+01.8113	+00.2256	0000.800
+01.8025	+00.2256	0000.801
+01.7930	+00.2250	0000.802
+01.7839	+00.2246	0000.803
+01.7750	+00.2240	0000.804
+01.7665	+00.2237	0000.805
+01.7573	+00.2234	0000.806
+01.7488	+00.2231	0000.807
+01.7393	+00.2228	0000.808
+01.7302	+00.2222	0000.809
+01.7210	+00.2216	0000.810
+01.7128	+00.2219	0000.811
+01.7033	+00.2210	0000.812
+01.6941	+00.2207	0000.813
+01.6856	+00.2201	0000.814
+01.6764	+00.2198	0000.815
+01.6673	+00.2195	0000.816
+01.6584	+00.2195	0000.817
+01.6490	+00.2182	0000.818
+01.6404	+00.2182	0000.819
+01.6316	+00.2179	0000.820
+01.6215	+00.2173	0000.821
+01.6133	+00.2170	0000.822
+01.6047	+00.2167	0000.823
+01.5956	+00.2164	0000.824
+01.5855	+00.2161	0000.825
+01.5776	+00.2152	0000.826
+01.5684	+00.2149	0000.827
+01.5590	+00.2149	0000.828
+01.5501	+00.2140	0000.829
+01.5406	+00.2137	0000.830
+01.5318	+00.2134	0000.831
+01.5226	+00.2130	0000.832
+01.5141	+00.2127	0000.833
+01.5049	+00.2121	0000.834
+01.4958	+00.2115	0000.835
+01.4869	+00.2112	0000.836
+01.4778	+00.2109	0000.837
+01.4698	+00.2103	0000.838
+01.4601	+00.2103	0000.839
+01.4512	+00.2094	0000.840
+01.4418	+00.2091	0000.841
+01.4332	+00.2085	0000.842
+01.4241	+00.2082	0000.843
+01.4152	+00.2079	0000.844
+01.4061	+00.2073	0000.845
+01.3972	+00.2066	0000.846
+01.3884	+00.2063	0000.847
+01.3789	+00.2060	0000.848
+01.3700	+00.2054	0000.849
+01.3609	+00.2051	0000.850
+01.3520	+00.2048	0000.851
+01.3432	+00.2039	0000.852
+01.3337	+00.2033	0000.853
+01.3243	+00.2030	0000.854
+01.3157	+00.2024	0000.855
+01.3072	+00.2024	0000.856
+01.2977	+00.2011	0000.857
+01.2889	+00.2018	0000.858
+01.2797	+00.2008	0000.859
+01.2706	+00.2002	0000.860
+01.2620	+00.1999	0000.861
+01.2526	+00.1996	0000.862
+01.2434	+00.1987	0000.863
+01.2345	+00.1984	0000.864
+01.2257	+00.1975	0000.865
+01.2162	+00.1972	0000.866
+01.2074	+00.1969	0000.867
+01.1982	+00.1963	0000.868
+01.1897	+00.1957	0000.869
+01.1808	+00.1950	0000.870
+01.1717	+00.1947	0000.871
+01.1622	+00.1944	0000.872
+01.1531	+00.1938	0000.873
+01.1445	+00.1935	0000.874
+01.1351	+00.1923	0000.875
+01.1268	+00.1920	0000.876
+01.1177	+00.1917	0000.877
+01.1082	+00.1908	0000.878
+01.0997	+00.1905	0000.879
+01.0905	+00.1899	0000.880
+01.0817	+00.1892	0000.881
+01.0728	+00.1883	0000.882
+01.0633	+00.1883	0000.883
+01.0545	+00.1880	0000.884
+01.0453	+00.1874	0000.885
+01.0368	+00.1868	0000.886
+01.0273	+00.1859	0000.887
+01.0188	+00.1856	0000.888
+01.0096	+00.1850	0000.889
+01.0008	+00.1841	0000.890
+00.9916	+00.1838	0000.891
+00.9822	+00.1831	0000.892
+00.9733	+00.1825	0000.893
+00.9642	+00.1819	0000.894
+00.9553	+00.1810	0000.895
+00.9459	+00.1807	0000.896
+00.9373	+00.1801	0000.897
+00.9285	+00.1798	0000.898
+00.9193	+00.1792	0000.899
+00.9108	+00.1780	0000.900
+00.9010	+00.1780	0000.901
+00.8921	+00.1770	0000.902
+00.8830	+00.1764	0000.903
+00.8738	+00.1755	0000.904
+00.8650	+00.1749	0000.905
+00.8558	+00.1743	0000.906
+00.8476	+00.1740	0000.907
+00.8378	+00.1731	0000.908
+00.8293	+00.1728	0000.909
+00.8198	+00.1719	0000.910
+00.8116	+00.1712	0000.911
+00.8015	+00.1706	0000.912
+00.7927	+00.1697	0000.913
+00.7838	+00.1688	0000.914
+00.7750	+00.1685	0000.915
+00.7655	+00.1679	0000.916
+00.7566	+00.1670	0000.917
+00.7475	+00.1661	0000.918
+00.7389	+00.1654	0000.919
+00.7298	+00.1648	0000.920
+00.7209	+00.1642	0000.921
+00.7118	+00.1633	0000.922
+00.7029	+00.1627	0000.923
+00.6938	+00.1615	0000.924
+00.6849	+00.1609	0000.925
+00.6758	+00.1599	0000.926
+00.6672	+00.1593	0000.927
+00.6578	+00.1593	0000.928
+00.6489	+00.1578	0000.929
+00.6395	+00.1566	0000.930
+00.6306	+00.1560	0000.931
+00.6215	+00.1554	0000.932
+00.6132	+00.1545	0000.933
+00.6034	+00.1535	0000.934
+00.5949	+00.1532	0000.935
+00.5857	+00.1520	0000.936
+00.5772	+00.1514	0000.937
+00.5674	+00.1499	0000.938
+00.5589	+00.1496	0000.939
+00.5500	+00.1493	0000.940
+00.5412	+00.1474	0000.941
+00.5317	+00.1465	0000.942
+00.5232	+00.1459	0000.943
+00.5137	+00.1441	0000.944
+00.5040	+00.1441	0000.945
+00.4957	+00.1429	0000.946
+00.4869	+00.1416	0000.947
+00.4780	+00.1407	0000.948
+00.4689	+00.1398	0000.949
+00.4600	+00.1386	0000.950
+00.4506	+00.1377	0000.951
+00.4420	+00.1368	0000.952
+00.4325	+00.1355	0000.953
+00.4237	+00.1346	0000.954
+00.4148	+00.1337	0000.955
+00.4057	+00.1325	0000.956
+00.3965	+00.1316	0000.957
+00.3877	+00.1300	0000.958
+00.3782	+00.1288	0000.959
+00.3703	+00.1276	0000.960
+00.3605	+00.1264	0000.961
+00.3514	+00.1255	0000.962
+00.3425	+00.1242	0000.963
+00.3334	+00.1230	0000.964
+00.3239	+00.1212	0000.965
+00.3157	+00.1206	0000.966
+00.3065	+00.1191	0000.967
+00.2977	+00.1175	0000.968
+00.2879	+00.1163	0000.969
+00.2793	+00.1151	0000.970
+00.2699	+00.1136	0000.971
+00.2613	+00.1120	0000.972
+00.2519	+00.1105	0000.973
+00.2433	+00.1087	0000.974
+00.2342	+00.1081	0000.975
+00.2253	+00.1065	0000.976
+00.2162	+00.1044	0000.977
+00.2076	+00.1032	0000.978
+00.1979	+00.1017	0000.979
+00.1890	+00.0998	0000.980
+00.1802	+00.0983	0000.981
+00.1713	+00.0965	0000.982
+00.1622	+00.0940	0000.983
+00.1530	+00.0931	0000.984
+00.1442	+00.0913	0000.985
+00.1356	+00.0891	0000.986
+00.1262	+00.0876	0000.987
+00.1170	+00.0861	0000.988
+00.1078	+00.0840	0000.989
+00.0993	+00.0824	0000.990
+00.0898	+00.0800	0000.991
+00.0816	+00.0785	0000.992
+00.0721	+00.0760	0000.993
+00.0633	+00.0736	0000.994
+00.0541	+00.0721	0000.995
+00.0450	+00.0699	0000.996
+00.0355	+00.0678	0000.997
+00.0273	+00.0650	0000.998
+00.0175	+00.0629	0000.999
