R,Ohm	C,pF	Temp,C
0000000000	0000100000	+025.00
Ch1,V	Ch2,V	Time,s
-00.0002	-00.0009	0000.000
+00.0001	-00.0012	0000.001
+00.0044	-00.0009	0000.002
+00.0084	-00.0003	0000.003
+00.0132	-00.0006	0000.004
+00.0175	-00.0009	0000.005
+00.0218	-00.0006	0000.006
+00.0264	-00.0003	0000.007
+00.0315	-00.0003	0000.008
+00.0361	-00.0003	0000.009
+00.0398	-00.0003	0000.010
+00.0450	+00.0000	0000.011
+00.0489	+00.0003	0000.012
+00.0538	+00.0003	0000.013
+00.0581	+00.0003	0000.014
+00.0630	+00.0006	0000.015
+00.0673	+00.0010	0000.016
+00.0715	+00.0013	0000.017
+00.0764	+00.0006	0000.018
+00.0810	+00.0010	0000.019
+00.0856	+00.0016	0000.020
+00.0898	+00.0019	0000.021
+00.0941	+00.0019	0000.022
+00.0993	+00.0019	0000.023
+00.1036	+00.0022	0000.024
+00.1075	+00.0022	0000.025
+00.1121	+00.0022	0000.026
+00.1170	+00.0028	0000.027
+00.1216	+00.0034	0000.028
+00.1262	+00.0028	0000.029
+00.1301	+00.0034	0000.030
+00.1347	+00.0034	0000.031
+00.1393	+00.0040	0000.032
+00.1439	+00.0040	0000.033
+00.1487	+00.0046	0000.034
+00.1530	+00.0049	0000.035
+00.1573	+00.0049	0000.036
+00.1619	+00.0052	0000.037
+00.1664	+00.0055	0000.038
+00.1710	+00.0061	0000.039
+00.1753	+00.0064	0000.040
+00.1796	+00.0068	0000.041
+00.1841	+00.0071	0000.042
+00.1887	+00.0077	0000.043
+00.1936	+00.0080	0000.044
+00.1979	+00.0083	0000.045
+00.2024	+00.0083	0000.046
+00.2070	+00.0089	0000.047
+00.2116	+00.0092	0000.048
+00.2159	+00.0095	0000.049
+00.2201	+00.0104	0000.050
+00.2247	+00.0107	0000.051
+00.2293	+00.0113	0000.052
+00.2339	+00.0119	0000.053
+00.2385	+00.0122	0000.054
+00.2427	+00.0125	0000.055
+00.2479	+00.0132	0000.056
+00.2522	+00.0138	0000.057
+00.2565	+00.0144	0000.058
+00.2610	+00.0150	0000.059
+00.2656	+00.0144	0000.060
+00.2699	+00.0156	0000.061
+00.2748	+00.0162	0000.062
+00.2793	+00.0168	0000.063
+00.2830	+00.0171	0000.064
+00.2879	+00.0174	0000.065
+00.2925	+00.0183	0000.066
+00.2970	+00.0183	0000.067
+00.3013	+00.0193	0000.068
+00.3065	+00.0202	0000.069
+00.3108	+00.0202	0000.070
+00.3154	+00.0211	0000.071
+00.3193	+00.0217	0000.072
+00.3242	+00.0226	0000.073
+00.3282	+00.0223	0000.074
+00.3334	+00.0235	0000.075
+00.3373	+00.0238	0000.076
+00.3419	+00.0251	0000.077
+00.3468	+00.0254	0000.078
+00.3514	+00.0260	0000.079
+00.3553	+00.0263	0000.080
+00.3602	+00.0269	0000.081
+00.3648	+00.0278	0000.082
+00.3691	+00.0281	0000.083
+00.3733	+00.0290	0000.084
+00.3776	+00.0296	0000.085
+00.3825	+00.0299	0000.086
+00.3874	+00.0309	0000.087
+00.3913	+00.0318	0000.088
+00.3962	+00.0324	0000.089
+00.4005	+00.0327	0000.090
+00.4057	+00.0333	0000.091
+00.4100	+00.0342	0000.092
+00.4142	+00.0345	0000.093
+00.4188	+00.0357	0000.094
+00.4234	+00.0364	0000.095
+00.4274	+00.0370	0000.096
+00.4325	+00.0376	0000.097
+00.4371	+00.0379	0000.098
+00.4414	+00.0388	0000.099
+00.4463	+00.0397	0000.100
+00.4502	+00.0403	0000.101
+00.4545	+00.0409	0000.102
+00.4594	+00.0415	0000.103
+00.4637	+00.0425	0000.104
+00.4686	+00.0431	0000.105
+00.4731	+00.0437	0000.106
+00.4771	+00.0446	0000.107
+00.4817	+00.0455	0000.108
+00.4860	+00.0461	0000.109
+00.4911	+00.0467	0000.110
+00.4954	+00.0473	0000.111
+00.4994	+00.0483	0000.112
+00.5049	+00.0486	0000.113
+00.5085	+00.0498	0000.114
+00.5137	+00.0504	0000.115
+00.5180	+00.0510	0000.116
+00.5223	+00.0513	0000.117
+00.5268	+00.0528	0000.118
+00.5317	+00.0534	0000.119
+00.5363	+00.0544	0000.120
+00.5400	+00.0550	0000.121
+00.5449	+00.0556	0000.122
+00.5497	+00.0565	0000.123
+00.5540	+00.0571	0000.124
+00.5586	+00.0580	0000.125
+00.5635	+00.0586	0000.126
+00.5674	+00.0592	0000.127
+00.5720	+00.0599	0000.128
+00.5766	+00.0605	0000.129
+00.5812	+00.0617	0000.130
+00.5854	+00.0623	0000.131
+00.5900	+00.0629	0000.132
+00.5943	+00.0638	0000.133
+00.5995	+00.0644	0000.134
+00.6034	+00.0656	0000.135
+00.6077	+00.0660	0000.136
+00.6126	+00.0666	0000.137
+00.6172	+00.0675	0000.138
+00.6218	+00.0681	0000.139
+00.6257	+00.0690	0000.140
+00.6303	+00.0696	0000.141
+00.6355	+00.0708	0000.142
+00.6392	+00.0714	0000.143
+00.6437	+00.0721	0000.144
+00.6486	+00.0727	0000.145
+00.6529	+00.0733	0000.146
+00.6572	+00.0739	0000.147
+00.6620	+00.0748	0000.148
+00.6666	+00.0757	0000.149
+00.6715	+00.0766	0000.150
+00.6755	+00.0772	0000.151
+00.6800	+00.0785	0000.152
+00.6846	+00.0791	0000.153
+00.6889	+00.0797	0000.154
+00.6938	+00.0800	0000.155
+00.6984	+00.0809	0000.156
+00.7023	+00.0818	0000.157
+00.7072	+00.0827	0000.158
+00.7118	+00.0830	0000.159
+00.7158	+00.0840	0000.160
+00.7206	+00.0846	0000.161
+00.7255	+00.0855	0000.162
+00.7301	+00.0864	0000.163
+00.7341	+00.0870	0000.164
+00.7386	+00.0876	0000.165
+00.7432	+00.0882	0000.166
+00.7475	+00.0888	0000.167
+00.7524	+00.0898	0000.168
+00.7573	+00.0904	0000.169
+00.7615	+00.0916	0000.170
+00.7652	+00.0916	0000.171
+00.7704	+00.0928	0000.172
+00.7746	+00.0931	0000.173
+00.7795	+00.0943	0000.174
+00.7838	+00.0949	0000.175
+00.7884	+00.0956	0000.176
+00.7927	+00.0965	0000.177
+00.7969	+00.0968	0000.178
+00.8021	+00.0974	0000.179
+00.8064	+00.0986	0000.180
+00.8107	+00.0995	0000.181
+00.8158	+00.0998	0000.182
+00.8198	+00.1004	0000.183
+00.8244	+00.1010	0000.184
+00.8287	+00.1017	0000.185
+00.8335	+00.1023	0000.186
+00.8375	+00.1032	0000.187
+00.8421	+00.1035	0000.188
+00.8473	+00.1047	0000.189
+00.8509	+00.1047	0000.190
+00.8558	+00.1059	0000.191
+00.8604	+00.1068	0000.192
+00.8644	+00.1068	0000.193
+00.8696	+00.1075	0000.194
+00.8738	+00.1084	0000.195
+00.8784	+00.1087	0000.196
+00.8827	+00.1096	0000.197
+00.8873	+00.1102	0000.198
+00.8921	+00.1108	0000.199
+00.8964	+00.1114	0000.200
+00.9007	+00.1120	0000.201
+00.9050	+00.1130	0000.202
+00.9101	+00.1136	0000.203
+00.9144	+00.1139	0000.204
+00.9187	+00.1151	0000.205
+00.9233	+00.1151	0000.206
+00.9278	+00.1157	0000.207
+00.9324	+00.1163	0000.208
+00.9370	+00.1169	0000.209
+00.9416	+00.1175	0000.210
+00.9455	+00.1184	0000.211
+00.9507	+00.1187	0000.212
+00.9550	+00.1194	0000.213
+00.9587	+00.1203	0000.214
+00.9639	+00.1203	0000.215
+00.9690	+00.1206	0000.216
+00.9730	+00.1218	0000.217
+00.9776	+00.1224	0000.218
+00.9825	+00.1230	0000.219
+00.9864	+00.1236	0000.220
+00.9910	+00.1236	0000.221
+00.9956	+00.1249	0000.222
+01.0002	+00.1252	0000.223
+01.0048	+00.1258	0000.224
+01.0090	+00.1264	0000.225
+01.0136	+00.1264	0000.226
+01.0185	+00.1273	0000.227
+01.0228	+00.1279	0000.228
+01.0276	+00.1279	0000.229
+01.0313	+00.1291	0000.230
+01.0362	+00.1294	0000.231
+01.0405	+00.1297	0000.232
+01.0450	+00.1303	0000.233
+01.0499	+00.1307	0000.234
+01.0539	+00.1313	0000.235
+01.0588	+00.1319	0000.236
+01.0627	+00.1328	0000.237
+01.0682	+00.1325	0000.238
+01.0722	+00.1334	0000.239
+01.0771	+00.1343	0000.240
+01.0814	+00.1349	0000.241
+01.0853	+00.1349	0000.242
+01.0902	+00.1355	0000.243
+01.0951	+00.1361	0000.244
+01.0991	+00.1365	0000.245
+01.1033	+00.1368	0000.246
+01.1079	+00.1374	0000.247
+01.1125	+00.1380	0000.248
+01.1177	+00.1383	0000.249
+01.1213	+00.1395	0000.250
+01.1265	+00.1395	0000.251
+01.1308	+00.1395	0000.252
+01.1348	+00.1401	0000.253
+01.1393	+00.1407	0000.254
+01.1442	+00.1413	0000.255
+01.1485	+00.1419	0000.256
+01.1531	+00.1422	0000.257
+01.1583	+00.1426	0000.258
+01.1619	+00.1432	0000.259
+01.1662	+00.1438	0000.260
+01.1708	+00.1441	0000.261
+01.1760	+00.1447	0000.262
+01.1808	+00.1450	0000.263
+01.1851	+00.1453	0000.264
+01.1894	+00.1456	0000.265
+01.1937	+00.1462	0000.266
+01.1979	+00.1465	0000.267
+01.2031	+00.1471	0000.268
+01.2071	+00.1474	0000.269
+01.2120	+00.1477	0000.270
+01.2162	+00.1484	0000.271
+01.2211	+00.1487	0000.272
+01.2251	+00.1493	0000.273
+01.2303	+00.1499	0000.274
+01.2342	+00.1499	0000.275
+01.2391	+00.1505	0000.276
+01.2431	+00.1508	0000.277
+01.2480	+00.1511	0000.278
+01.2523	+00.1517	0000.279
+01.2571	+00.1520	0000.280
+01.2617	+00.1526	0000.281
+01.2657	+00.1529	0000.282
+01.2706	+00.1532	0000.283
+01.2748	+00.1535	0000.284
+01.2794	+00.1538	0000.285
+01.2837	+00.1542	0000.286
+01.2886	+00.1551	0000.287
+01.2931	+00.1548	0000.288
+01.2968	+00.1557	0000.289
+01.3017	+00.1557	0000.290
+01.3063	+00.1563	0000.291
+01.3115	+00.1569	0000.292
+01.3154	+00.1575	0000.293
+01.3197	+00.1578	0000.294
+01.3246	+00.1578	0000.295
+01.3288	+00.1584	0000.296
+01.3334	+00.1584	0000.297
+01.3380	+00.1590	0000.298
+01.3423	+00.1593	0000.299
+01.3472	+00.1596	0000.300
+01.3511	+00.1603	0000.301
+01.3560	+00.1606	0000.302
+01.3609	+00.1603	0000.303
+01.3655	+00.1612	0000.304
+01.3697	+00.1615	0000.305
+01.3743	+00.1621	0000.306
+01.3786	+00.1624	0000.307
+01.3829	+00.1624	0000.308
+01.3874	+00.1630	0000.309
+01.3920	+00.1633	0000.310
+01.3963	+00.1636	0000.311
+01.4015	+00.1642	0000.312
+01.4058	+00.1642	0000.313
+01.4103	+00.1639	0000.314
+01.4143	+00.1651	0000.315
+01.4189	+00.1654	0000.316
+01.4231	+00.1654	0000.317
+01.4283	+00.1661	0000.318
+01.4329	+00.1661	0000.319
+01.4366	+00.1664	0000.320
+01.4412	+00.1670	0000.321
+01.4466	+00.1673	0000.322
+01.4509	+00.1679	0000.323
+01.4549	+00.1676	0000.324
+01.4595	+00.1682	0000.325
+01.4637	+00.1688	0000.326
+01.4689	+00.1685	0000.327
+01.4732	+00.1691	0000.328
+01.4775	+00.1694	0000.329
+01.4820	+00.1700	0000.330
+01.4869	+00.1706	0000.331
+01.4915	+00.1709	0000.332
+01.4952	+00.1709	0000.333
+01.5001	+00.1712	0000.334
+01.5049	+00.1715	0000.335
+01.5092	+00.1719	0000.336
+01.5132	+00.1722	0000.337
+01.5184	+00.1725	0000.338
+01.5229	+00.1728	0000.339
+01.5272	+00.1728	0000.340
+01.5318	+00.1734	0000.341
+01.5361	+00.1734	0000.342
+01.5406	+00.1740	0000.343
+01.5452	+00.1743	0000.344
+01.5501	+00.1746	0000.345
+01.5544	+00.1749	0000.346
+01.5590	+00.1752	0000.347
+01.5635	+00.1755	0000.348
+01.5678	+00.1755	0000.349
+01.5727	+00.1767	0000.350
+01.5770	+00.1764	0000.351
+01.5812	+00.1764	0000.352
+01.5858	+00.1767	0000.353
+01.5904	+00.1773	0000.354
+01.5950	+00.1776	0000.355
+01.5995	+00.1773	0000.356
+01.6041	+00.1783	0000.357
+01.6084	+00.1786	0000.358
+01.6133	+00.1789	0000.359
+01.6175	+00.1786	0000.360
+01.6218	+00.1795	0000.361
+01.6264	+00.1795	0000.362
+01.6313	+00.1795	0000.363
+01.6362	+00.1801	0000.364
+01.6398	+00.1804	0000.365
+01.6444	+00.1804	0000.366
+01.6490	+00.1810	0000.367
+01.6529	+00.1810	0000.368
+01.6575	+00.1816	0000.369
+01.6630	+00.1819	0000.370
+01.6673	+00.1819	0000.371
+01.6713	+00.1822	0000.372
+01.6761	+00.1828	0000.373
+01.6807	+00.1828	0000.374
+01.6844	+00.1831	0000.375
+01.6896	+00.1831	0000.376
+01.6941	+00.1834	0000.377
+01.6981	+00.1841	0000.378
+01.7033	+00.1841	0000.379
+01.7073	+00.1847	0000.380
+01.7125	+00.1847	0000.381
+01.7167	+00.1850	0000.382
+01.7207	+00.1853	0000.383
+01.7259	+00.1859	0000.384
+01.7299	+00.1856	0000.385
+01.7347	+00.1859	0000.386
+01.7387	+00.1862	0000.387
+01.7433	+00.1868	0000.388
+01.7479	+00.1871	0000.389
+01.7527	+00.1871	0000.390
+01.7564	+00.1871	0000.391
+01.7613	+00.1874	0000.392
+01.7659	+00.1874	0000.393
+01.7707	+00.1880	0000.394
+01.7747	+00.1886	0000.395
+01.7793	+00.1883	0000.396
+01.7842	+00.1889	0000.397
+01.7887	+00.1892	0000.398
+01.7927	+00.1892	0000.399
+01.7979	+00.1896	0000.400
+01.8025	+00.1896	0000.401
+01.8071	+00.1902	0000.402
+01.8107	+00.1902	0000.403
+01.8156	+00.1905	0000.404
+01.8205	+00.1908	0000.405
+01.8245	+00.1914	0000.406
+01.8287	+00.1914	0000.407
+01.8339	+00.1917	0000.408
+01.8379	+00.1920	0000.409
+01.8428	+00.1920	0000.410
+01.8473	+00.1923	0000.411
+01.8513	+00.1926	0000.412
+01.8562	+00.1929	0000.413
+01.8611	+00.1929	0000.414
+01.8650	+00.1932	0000.415
+01.8699	+00.1932	0000.416
+01.8742	+00.1941	0000.417
+01.8782	+00.1938	0000.418
+01.8834	+00.1941	0000.419
+01.8873	+00.1938	0000.420
+01.8922	+00.1950	0000.421
+01.8968	+00.1950	0000.422
+01.9007	+00.1950	0000.423
+01.9053	+00.1950	0000.424
+01.9096	+00.1953	0000.425
+01.9148	+00.1963	0000.426
+01.9194	+00.1957	0000.427
+01.9236	+00.1963	0000.428
+01.9279	+00.1963	0000.429
+01.9328	+00.1969	0000.430
+01.9371	+00.1972	0000.431
+01.9410	+00.1972	0000.432
+01.9465	+00.1975	0000.433
+01.9505	+00.1978	0000.434
+01.9554	+00.1981	0000.435
+01.9600	+00.1978	0000.436
+01.9642	+00.1984	0000.437
+01.9691	+00.1987	0000.438
+01.9734	+00.1984	0000.439
+01.9773	+00.1987	0000.440
+01.9822	+00.1990	0000.441
+01.9865	+00.1993	0000.442
+01.9914	+00.1996	0000.443
+01.9957	+00.1996	0000.444
+02.0005	+00.1996	0000.445
+02.0048	+00.2002	0000.446
+02.0091	+00.2005	0000.447
+02.0137	+00.2005	0000.448
+02.0179	+00.2011	0000.449
+02.0234	+00.2011	0000.450
+02.0274	+00.2015	0000.451
+02.0320	+00.2018	0000.452
+02.0366	+00.2018	0000.453
+02.0411	+00.2021	0000.454
+02.0457	+00.2021	0000.455
+02.0494	+00.2030	0000.456
+02.0543	+00.2030	0000.457
+02.0585	+00.2030	0000.458
+02.0631	+00.2030	0000.459
+02.0680	+00.2036	0000.460
+02.0723	+00.2033	0000.461
+02.0765	+00.2033	0000.462
+02.0811	+00.2042	0000.463
+02.0857	+00.2042	0000.464
+02.0909	+00.2042	0000.465
+02.0945	+00.2048	0000.466
+02.0994	+00.2042	0000.467
+02.1040	+00.2051	0000.468
+02.1089	+00.2051	0000.469
+02.1125	+00.2054	0000.470
+02.1177	+00.2057	0000.471
+02.1217	+00.2057	0000.472
+02.1263	+00.2057	0000.473
+02.1305	+00.2060	0000.474
+02.1354	+00.2060	0000.475
+02.1400	+00.2069	0000.476
+02.1440	+00.2063	0000.477
+02.1489	+00.2073	0000.478
+02.1534	+00.2073	0000.479
+02.1577	+00.2073	0000.480
+02.1629	+00.2079	0000.481
+02.1675	+00.2079	0000.482
+02.1717	+00.2079	0000.483
+02.1757	+00.2082	0000.484
+02.1806	+00.2079	0000.485
+02.1849	+00.2085	0000.486
+02.1894	+00.2088	0000.487
+02.1940	+00.2091	0000.488
+02.1986	+00.2094	0000.489
+02.2032	+00.2091	0000.490
+02.2078	+00.2094	0000.491
+02.2117	+00.2100	0000.492
+02.2163	+00.2100	0000.493
+02.2212	+00.2100	0000.494
+02.2258	+00.2100	0000.495
+02.2303	+00.2109	0000.496
+02.2346	+00.2109	0000.497
+02.2392	+00.2112	0000.498
+02.2438	+00.2112	0000.499
+02.2483	+00.2115	0000.500
+02.2526	+00.2109	0000.501
+02.2569	+00.2115	0000.502
+02.2618	+00.2118	0000.503
+02.2663	+00.2121	0000.504
+02.2697	+00.2121	0000.505
+02.2752	+00.2124	0000.506
+02.2795	+00.2124	0000.507
+02.2844	+00.2121	0000.508
+02.2886	+00.2134	0000.509
+02.2929	+00.2134	0000.510
+02.2978	+00.2137	0000.511
+02.3030	+00.2134	0000.512
+02.3066	+00.2140	0000.513
+02.3112	+00.2140	0000.514
+02.3155	+00.2143	0000.515
+02.3201	+00.2149	0000.516
+02.3246	+00.2143	0000.517
+02.3292	+00.2149	0000.518
+02.3341	+00.2149	0000.519
+02.3381	+00.2146	0000.520
+02.3426	+00.2152	0000.521
+02.3478	+00.2155	0000.522
+02.3515	+00.2152	0000.523
+02.3564	+00.2158	0000.524
+02.3606	+00.2161	0000.525
+02.3649	+00.2161	0000.526
+02.3698	+00.2167	0000.527
+02.3744	+00.2161	0000.528
+02.3790	+00.2167	0000.529
+02.3835	+00.2170	0000.530
+02.3872	+00.2170	0000.531
+02.3924	+00.2176	0000.532
+02.3964	+00.2173	0000.533
+02.4015	+00.2176	0000.534
+02.4055	+00.2176	0000.535
+02.4104	+00.2179	0000.536
+02.4147	+00.2179	0000.537
+02.4195	+00.2182	0000.538
+02.4238	+00.2185	0000.539
+02.4284	+00.2185	0000.540
+02.4327	+00.2185	0000.541
+02.4372	+00.2192	0000.542
+02.4418	+00.2192	0000.543
+02.4464	+00.2195	0000.544
+02.4513	+00.2198	0000.545
+02.4553	+00.2198	0000.546
+02.4604	+00.2201	0000.547
+02.4650	+00.2204	0000.548
+02.4687	+00.2198	0000.549
+02.4736	+00.2204	0000.550
+02.4781	+00.2207	0000.551
+02.4827	+00.2207	0000.552
+02.4867	+00.2207	0000.553
+02.4913	+00.2213	0000.554
+02.4961	+00.2210	0000.555
+02.5004	+00.2213	0000.556
+02.5053	+00.2219	0000.557
+02.5090	+00.2216	0000.558
+02.5145	+00.2225	0000.559
+02.5184	+00.2228	0000.560
+02.5230	+00.2222	0000.561
+02.5276	+00.2222	0000.562
+02.5325	+00.2222	0000.563
+02.5364	+00.2225	0000.564
+02.5404	+00.2225	0000.565
+02.5462	+00.2231	0000.566
+02.5502	+00.2237	0000.567
+02.5547	+00.2234	0000.568
+02.5593	+00.2234	0000.569
+02.5633	+00.2237	0000.570
+02.5679	+00.2237	0000.571
+02.5724	+00.2240	0000.572
+02.5776	+00.2243	0000.573
+02.5819	+00.2246	0000.574
+02.5862	+00.2243	0000.575
+02.5898	+00.2250	0000.576
+02.5950	+00.2250	0000.577
+02.5996	+00.2253	0000.578
+02.6048	+00.2253	0000.579
+02.6091	+00.2256	0000.580
+02.6130	+00.2256	0000.581
+02.6176	+00.2256	0000.582
+02.6219	+00.2262	0000.583
+02.6265	+00.2262	0000.584
+02.6310	+00.2265	0000.585
+02.6356	+00.2262	0000.586
+02.6405	+00.2262	0000.587
+02.6448	+00.2268	0000.588
+02.6493	+00.2271	0000.589
+02.6536	+00.2274	0000.590
+02.6585	+00.2271	0000.591
+02.6625	+00.2274	0000.592
+02.6674	+00.2274	0000.593
+02.6716	+00.2277	0000.594
+02.6765	+00.2277	0000.595
+02.6805	+00.2280	0000.596
+02.6851	+00.2286	0000.597
+02.6893	+00.2283	0000.598
+02.6945	+00.2280	0000.599
+02.6988	+00.2289	0000.600
+02.7034	+00.2289	0000.601
+02.7076	+00.2289	0000.602
+02.7125	+00.2295	0000.603
+02.7165	+00.2292	0000.604
+02.7208	+00.2295	0000.605
+02.7256	+00.2298	0000.606
+02.7308	+00.2298	0000.607
+02.7348	+00.2298	0000.608
+02.7391	+00.2304	0000.609
+02.7436	+00.2301	0000.610
+02.7482	+00.2304	0000.611
+02.7525	+00.2304	0000.612
+02.7577	+00.2311	0000.613
+02.7620	+00.2311	0000.614
+02.7659	+00.2314	0000.615
+02.7708	+00.2311	0000.616
+02.7757	+00.2317	0000.617
+02.7797	+00.2317	0000.618
+02.7845	+00.2317	0000.619
+02.7888	+00.2314	0000.620
+02.7934	+00.2317	0000.621
+02.7980	+00.2320	0000.622
+02.8025	+00.2326	0000.623
+02.8068	+00.2323	0000.624
+02.8117	+00.2329	0000.625
+02.8166	+00.2326	0000.626
+02.8202	+00.2326	0000.627
+02.8251	+00.2326	0000.628
+02.8300	+00.2332	0000.629
+02.8340	+00.2329	0000.630
+02.8386	+00.2338	0000.631
+02.8431	+00.2341	0000.632
+02.8477	+00.2335	0000.633
+02.8520	+00.2341	0000.634
+02.8563	+00.2341	0000.635
+02.8614	+00.2344	0000.636
+02.8651	+00.2341	0000.637
+02.8703	+00.2347	0000.638
+02.8746	+00.2347	0000.639
+02.8791	+00.2350	0000.640
+02.8837	+00.2344	0000.641
+02.8886	+00.2353	0000.642
+02.8926	+00.2353	0000.643
+02.8978	+00.2356	0000.644
+02.9020	+00.2353	0000.645
+02.9060	+00.2356	0000.646
+02.9103	+00.2359	0000.647
+02.9148	+00.2359	0000.648
+02.9200	+00.2362	0000.649
+02.9240	+00.2356	0000.650
+02.9286	+00.2365	0000.651
+02.9335	+00.2365	0000.652
+02.9377	+00.2369	0000.653
+02.9426	+00.2372	0000.654
+02.9469	+00.2372	0000.655
+02.9512	+00.2375	0000.656
+02.9551	+00.2375	0000.657
+02.9603	+00.2372	0000.658
+02.9649	+00.2378	0000.659
+02.9692	+00.2378	0000.660
+02.9741	+00.2381	0000.661
+02.9777	+00.2381	0000.662
+02.9826	+00.2378	0000.663
+02.9875	+00.2387	0000.664
+02.9921	+00.2384	0000.665
+02.9963	+00.2387	0000.666
+03.0009	+00.2384	0000.667
+03.0058	+00.2390	0000.668
+03.0098	+00.2393	0000.669
+03.0146	+00.2393	0000.670
+03.0186	+00.2393	0000.671
+03.0235	+00.2393	0000.672
+03.0275	+00.2396	0000.673
+03.0320	+00.2396	0000.674
+03.0369	+00.2399	0000.675
+03.0412	+00.2402	0000.676
+03.0461	+00.2402	0000.677
+03.0507	+00.2405	0000.678
+03.0546	+00.2399	0000.679
+03.0598	+00.2402	0000.680
+03.0635	+00.2411	0000.681
+03.0687	+00.2405	0000.682
+03.0726	+00.2414	0000.683
+03.0775	+00.2411	0000.684
+03.0818	+00.2414	0000.685
+03.0861	+00.2414	0000.686
+03.0906	+00.2417	0000.687
+03.0955	+00.2417	0000.688
+03.0998	+00.2417	0000.689
+03.1041	+00.2417	0000.690
+03.1086	+00.2420	0000.691
+03.1141	+00.2420	0000.692
+03.1178	+00.2430	0000.693
+03.1227	+00.2427	0000.694
+03.1266	+00.2423	0000.695
+03.1318	+00.2427	0000.696
+03.1364	+00.2427	0000.697
+03.1401	+00.2433	0000.698
+03.1453	+00.2433	0000.699
+03.1495	+00.2433	0000.700
+03.1535	+00.2439	0000.701
+03.1581	+00.2433	0000.702
+03.1627	+00.2442	0000.703
+03.1669	+00.2439	0000.704
+03.1718	+00.2436	0000.705
+03.1758	+00.2442	0000.706
+03.1810	+00.2445	0000.707
+03.1846	+00.2445	0000.708
+03.1901	+00.2448	0000.709
+03.1944	+00.2451	0000.710
+03.1987	+00.2451	0000.711
+03.2035	+00.2451	0000.712
+03.2084	+00.2448	0000.713
+03.2124	+00.2457	0000.714
+03.2167	+00.2451	0000.715
+03.2219	+00.2457	0000.716
+03.2255	+00.2457	0000.717
+03.2301	+00.2460	0000.718
+03.2356	+00.2463	0000.719
+03.2399	+00.2460	0000.720
+03.2444	+00.2460	0000.721
+03.2487	+00.2466	0000.722
+03.2533	+00.2466	0000.723
+03.2573	+00.2466	0000.724
+03.2621	+00.2472	0000.725
+03.2664	+00.2466	0000.726
+03.2707	+00.2469	0000.727
+03.2762	+00.2469	0000.728
+03.2801	+00.2472	0000.729
+03.2841	+00.2475	0000.730
+03.2890	+00.2475	0000.731
+03.2936	+00.2481	0000.732
+03.2988	+00.2475	0000.733
+03.3030	+00.2478	0000.734
+03.3070	+00.2481	0000.735
+03.3119	+00.2481	0000.736
+03.3165	+00.2484	0000.737
+03.3201	+00.2484	0000.738
+03.3250	+00.2484	0000.739
+03.3296	+00.2488	0000.740
+03.3339	+00.2488	0000.741
+03.3387	+00.2491	0000.742
+03.3430	+00.2494	0000.743
+03.3479	+00.2494	0000.744
+03.3522	+00.2494	0000.745
+03.3564	+00.2497	0000.746
+03.3607	+00.2497	0000.747
+03.3659	+00.2497	0000.748
+03.3702	+00.2500	0000.749
+03.3747	+00.2500	0000.750
+03.3796	+00.2503	0000.751
+03.3839	+00.2500	0000.752
+03.3882	+00.2503	0000.753
+03.3931	+00.2503	0000.754
+03.3970	+00.2506	0000.755
+03.4016	+00.2509	0000.756
+03.4059	+00.2509	0000.757
+03.4101	+00.2512	0000.758
+03.4156	+00.2509	0000.759
+03.4199	+00.2515	0000.760
+03.4248	+00.2515	0000.761
+03.4291	+00.2515	0000.762
+03.4336	+00.2512	0000.763
+03.4379	+00.2518	0000.764
+03.4425	+00.2521	0000.765
+03.4468	+00.2521	0000.766
+03.4517	+00.2521	0000.767
+03.4553	+00.2521	0000.768
+03.4608	+00.2530	0000.769
+03.4648	+00.2524	0000.770
+03.4694	+00.2524	0000.771
+03.4739	+00.2527	0000.772
+03.4776	+00.2527	0000.773
+03.4822	+00.2530	0000.774
+03.4880	+00.2533	0000.775
+03.4916	+00.2530	0000.776
+03.4971	+00.2533	0000.777
+03.5008	+00.2533	0000.778
+03.5051	+00.2536	0000.779
+03.5096	+00.2542	0000.780
+03.5148	+00.2539	0000.781
+03.5191	+00.2539	0000.782
+03.5237	+00.2546	0000.783
+03.5283	+00.2542	0000.784
+03.5319	+00.2542	0000.785
+03.5368	+00.2546	0000.786
+03.5414	+00.2546	0000.787
+03.5463	+00.2552	0000.788
+03.5502	+00.2552	0000.789
+03.5548	+00.2552	0000.790
+03.5597	+00.2552	0000.791
+03.5643	+00.2552	0000.792
+03.5685	+00.2555	0000.793
+03.5725	+00.2561	0000.794
+03.5777	+00.2558	0000.795
+03.5820	+00.2558	0000.796
+03.5868	+00.2558	0000.797
+03.5908	+00.2558	0000.798
+03.5957	+00.2564	0000.799
+03.6006	+00.2564	0000.800
+03.6045	+00.2561	0000.801
+03.6088	+00.2567	0000.802
+03.6137	+00.2564	0000.803
+03.6177	+00.2570	0000.804
+03.6229	+00.2567	0000.805
+03.6271	+00.2567	0000.806
+03.6320	+00.2573	0000.807
+03.6360	+00.2576	0000.808
+03.6412	+00.2573	0000.809
+03.6451	+00.2576	0000.810
+03.6500	+00.2576	0000.811
+03.6546	+00.2576	0000.812
+03.6586	+00.2582	0000.813
+03.6628	+00.2579	0000.814
+03.6674	+00.2582	0000.815
+03.6726	+00.2582	0000.816
+03.6766	+00.2582	0000.817
+03.6808	+00.2579	0000.818
+03.6854	+00.2585	0000.819
+03.6903	+00.2585	0000.820
+03.6949	+00.2588	0000.821
+03.7001	+00.2585	0000.822
+03.7037	+00.2591	0000.823
+03.7077	+00.2591	0000.824
+03.7126	+00.2594	0000.825
+03.7168	+00.2591	0000.826
+03.7220	+00.2597	0000.827
+03.7266	+00.2594	0000.828
+03.7309	+00.2594	0000.829
+03.7355	+00.2600	0000.830
+03.7397	+00.2600	0000.831
+03.7452	+00.2604	0000.832
+03.7483	+00.2607	0000.833
+03.7532	+00.2604	0000.834
+03.7577	+00.2604	0000.835
+03.7617	+00.2607	0000.836
+03.7663	+00.2604	0000.837
+03.7712	+00.2607	0000.838
+03.7761	+00.2610	0000.839
+03.7800	+00.2610	0000.840
+03.7849	+00.2613	0000.841
+03.7895	+00.2610	0000.842
+03.7934	+00.2616	0000.843
+03.7989	+00.2613	0000.844
+03.8026	+00.2613	0000.845
+03.8084	+00.2619	0000.846
+03.8115	+00.2619	0000.847
+03.8166	+00.2619	0000.848
+03.8215	+00.2622	0000.849
+03.8258	+00.2622	0000.850
+03.8292	+00.2625	0000.851
+03.8346	+00.2625	0000.852
+03.8386	+00.2622	0000.853
+03.8429	+00.2628	0000.854
+03.8481	+00.2628	0000.855
+03.8520	+00.2628	0000.856
+03.8563	+00.2631	0000.857
+03.8612	+00.2631	0000.858
+03.8658	+00.2634	0000.859
+03.8704	+00.2634	0000.860
+03.8749	+00.2631	0000.861
+03.8789	+00.2637	0000.862
+03.8844	+00.2637	0000.863
+03.8884	+00.2634	0000.864
+03.8920	+00.2640	0000.865
+03.8978	+00.2643	0000.866
+03.9027	+00.2637	0000.867
+03.9067	+00.2640	0000.868
+03.9112	+00.2643	0000.869
+03.9152	+00.2643	0000.870
+03.9201	+00.2646	0000.871
+03.9238	+00.2646	0000.872
+03.9299	+00.2646	0000.873
+03.9335	+00.2652	0000.874
+03.9384	+00.2649	0000.875
+03.9427	+00.2649	0000.876
+03.9466	+00.2652	0000.877
+03.9512	+00.2652	0000.878
+03.9564	+00.2655	0000.879
+03.9607	+00.2661	0000.880
+03.9643	+00.2658	0000.881
+03.9695	+00.2658	0000.882
+03.9741	+00.2658	0000.883
+03.9787	+00.2661	0000.884
+03.9824	+00.2661	0000.885
+03.9872	+00.2661	0000.886
+03.9912	+00.2661	0000.887
+03.9967	+00.2661	0000.888
+04.0013	+00.2665	0000.889
+04.0062	+00.2665	0000.890
+04.0101	+00.2665	0000.891
+04.0141	+00.2671	0000.892
+04.0196	+00.2671	0000.893
+04.0232	+00.2668	0000.894
+04.0272	+00.2674	0000.895
+04.0327	+00.2677	0000.896
+04.0373	+00.2674	0000.897
+04.0419	+00.2677	0000.898
+04.0464	+00.2677	0000.899
+04.0513	+00.2677	0000.900
+04.0544	+00.2677	0000.901
+04.0599	+00.2680	0000.902
+04.0638	+00.2683	0000.903
+04.0690	+00.2686	0000.904
+04.0727	+00.2683	0000.905
+04.0779	+00.2686	0000.906
+04.0818	+00.2686	0000.907
+04.0861	+00.2686	0000.908
+04.0910	+00.2686	0000.909
+04.0956	+00.2686	0000.910
+04.0998	+00.2686	0000.911
+04.1053	+00.2689	0000.912
+04.1093	+00.2692	0000.913
+04.1142	+00.2695	0000.914
+04.1175	+00.2695	0000.915
+04.1233	+00.2698	0000.916
+04.1279	+00.2698	0000.917
+04.1322	+00.2698	0000.918
+04.1359	+00.2698	0000.919
+04.1407	+00.2698	0000.920
+04.1450	+00.2701	0000.921
+04.1502	+00.2704	0000.922
+04.1539	+00.2704	0000.923
+04.1587	+00.2707	0000.924
+04.1627	+00.2707	0000.925
+04.1685	+00.2707	0000.926
+04.1725	+00.2710	0000.927
+04.1767	+00.2710	0000.928
+04.1813	+00.2710	0000.929
+04.1856	+00.2707	0000.930
+04.1905	+00.2710	0000.931
+04.1941	+00.2713	0000.932
+04.1996	+00.2713	0000.933
+04.2042	+00.2713	0000.934
+04.2085	+00.2716	0000.935
+04.2128	+00.2716	0000.936
+04.2173	+00.2719	0000.937
+04.2222	+00.2719	0000.938
+04.2262	+00.2719	0000.939
+04.2308	+00.2723	0000.940
+04.2350	+00.2716	0000.941
+04.2396	+00.2726	0000.942
+04.2445	+00.2729	0000.943
+04.2488	+00.2726	0000.944
+04.2533	+00.2729	0000.945
+04.2570	+00.2729	0000.946
+04.2616	+00.2726	0000.947
+04.2665	+00.2732	0000.948
+04.2723	+00.2726	0000.949
+04.2762	+00.2735	0000.950
+04.2793	+00.2735	0000.951
+04.2851	+00.2732	0000.952
+04.2897	+00.2738	0000.953
+04.2942	+00.2735	0000.954
+04.2991	+00.2735	0000.955
+04.3031	+00.2738	0000.956
+04.3077	+00.2741	0000.957
+04.3126	+00.2738	0000.958
+04.3156	+00.2744	0000.959
+04.3214	+00.2741	0000.960
+04.3254	+00.2741	0000.961
+04.3293	+00.2741	0000.962
+04.3345	+00.2741	0000.963
+04.3388	+00.2744	0000.964
+04.3443	+00.2750	0000.965
+04.3473	+00.2747	0000.966
+04.3525	+00.2747	0000.967
+04.3571	+00.2747	0000.968
+04.3620	+00.2750	0000.969
+04.3657	+00.2753	0000.970
+04.3699	+00.2753	0000.971
+04.3748	+00.2750	0000.972
+04.3800	+00.2753	0000.973
+04.3843	+00.2756	0000.974
+04.3882	+00.2753	0000.975
+04.3928	+00.2762	0000.976
+04.3974	+00.2756	0000.977
+04.4017	+00.2762	0000.978
+04.4072	+00.2759	0000.979
+04.4114	+00.2762	0000.980
+04.4154	+00.2762	0000.981
+04.4194	+00.2765	0000.982
+04.4239	+00.2768	0000.983
+04.4291	+00.2768	0000.984
+04.4334	+00.2768	0000.985
+04.4389	+00.2771	0000.986
+04.4429	+00.2771	0000.987
+04.4474	+00.2771	0000.988
+04.4517	+00.2771	0000.989
+04.4557	+00.2771	0000.990
+04.4609	+00.2771	0000.991
+04.4658	+00.2777	0000.992
+04.4697	+00.2781	0000.993
+04.4743	+00.2777	0000.994
+04.4780	+00.2781	0000.995
+04.4841	+00.2781	0000.996
+04.4877	+00.2784	0000.997
+04.4917	+00.2781	0000.998
+04.4969	+00.2784	0000.999
+04.5021	+00.2784	0001.000
+04.5063	+00.2784	0001.001
+04.5012	+00.2784	0001.002
+04.4972	+00.2784	0001.003
+04.4926	+00.2781	0001.004
+04.4883	+00.2784	0001.005
+04.4841	+00.2787	0001.006
+04.4789	+00.2777	0001.007
+04.4743	+00.2784	0001.008
+04.4700	+00.2784	0001.009
+04.4658	+00.2777	0001.010
+04.4606	+00.2784	0001.011
+04.4560	+00.2774	0001.012
+04.4523	+00.2784	0001.013
+04.4477	+00.2777	0001.014
+04.4429	+00.2781	0001.015
+04.4389	+00.2774	0001.016
+04.4340	+00.2777	0001.017
+04.4291	+00.2774	0001.018
+04.4252	+00.2774	0001.019
+04.4206	+00.2774	0001.020
+04.4163	+00.2771	0001.021
+04.4114	+00.2774	0001.022
+04.4078	+00.2771	0001.023
+04.4023	+00.2774	0001.024
+04.3980	+00.2771	0001.025
+04.3943	+00.2768	0001.026
+04.3882	+00.2765	0001.027
+04.3843	+00.2771	0001.028
+04.3803	+00.2765	0001.029
+04.3751	+00.2768	0001.030
+04.3702	+00.2768	0001.031
+04.3669	+00.2768	0001.032
+04.3617	+00.2768	0001.033
+04.3571	+00.2765	0001.034
+04.3531	+00.2768	0001.035
+04.3473	+00.2765	0001.036
+04.3437	+00.2762	0001.037
+04.3391	+00.2768	0001.038
+04.3348	+00.2765	0001.039
+04.3303	+00.2759	0001.040
+04.3263	+00.2765	0001.041
+04.3208	+00.2762	0001.042
+04.3171	+00.2762	0001.043
+04.3119	+00.2762	0001.044
+04.3077	+00.2759	0001.045
+04.3031	+00.2756	0001.046
+04.2985	+00.2756	0001.047
+04.2942	+00.2753	0001.048
+04.2894	+00.2756	0001.049
+04.2854	+00.2756	0001.050
+04.2805	+00.2756	0001.051
+04.2762	+00.2759	0001.052
+04.2717	+00.2750	0001.053
+04.2668	+00.2753	0001.054
+04.2631	+00.2753	0001.055
+04.2582	+00.2753	0001.056
+04.2540	+00.2747	0001.057
+04.2488	+00.2756	0001.058
+04.2445	+00.2750	0001.059
+04.2393	+00.2750	0001.060
+04.2350	+00.2750	0001.061
+04.2317	+00.2747	0001.062
+04.2262	+00.2744	0001.063
+04.2213	+00.2744	0001.064
+04.2179	+00.2750	0001.065
+04.2140	+00.2744	0001.066
+04.2091	+00.2747	0001.067
+04.2045	+00.2735	0001.068
+04.1996	+00.2741	0001.069
+04.1944	+00.2741	0001.070
+04.1905	+00.2738	0001.071
+04.1868	+00.2741	0001.072
+04.1813	+00.2735	0001.073
+04.1777	+00.2738	0001.074
+04.1728	+00.2738	0001.075
+04.1679	+00.2738	0001.076
+04.1642	+00.2738	0001.077
+04.1584	+00.2732	0001.078
+04.1548	+00.2735	0001.079
+04.1508	+00.2732	0001.080
+04.1456	+00.2735	0001.081
+04.1413	+00.2732	0001.082
+04.1368	+00.2735	0001.083
+04.1322	+00.2735	0001.084
+04.1276	+00.2729	0001.085
+04.1233	+00.2732	0001.086
+04.1182	+00.2726	0001.087
+04.1139	+00.2726	0001.088
+04.1099	+00.2735	0001.089
+04.1053	+00.2723	0001.090
+04.1011	+00.2723	0001.091
+04.0959	+00.2723	0001.092
+04.0919	+00.2729	0001.093
+04.0876	+00.2726	0001.094
+04.0825	+00.2726	0001.095
+04.0785	+00.2723	0001.096
+04.0739	+00.2719	0001.097
+04.0687	+00.2719	0001.098
+04.0648	+00.2719	0001.099
+04.0596	+00.2719	0001.100
+04.0556	+00.2719	0001.101
+04.0510	+00.2713	0001.102
+04.0464	+00.2719	0001.103
+04.0422	+00.2716	0001.104
+04.0376	+00.2716	0001.105
+04.0327	+00.2713	0001.106
+04.0287	+00.2710	0001.107
+04.0242	+00.2713	0001.108
+04.0199	+00.2710	0001.109
+04.0153	+00.2707	0001.110
+04.0101	+00.2707	0001.111
+04.0059	+00.2707	0001.112
+04.0013	+00.2707	0001.113
+03.9970	+00.2707	0001.114
+03.9927	+00.2707	0001.115
+03.9875	+00.2704	0001.116
+03.9830	+00.2701	0001.117
+03.9793	+00.2701	0001.118
+03.9738	+00.2701	0001.119
+03.9695	+00.2701	0001.120
+03.9650	+00.2701	0001.121
+03.9613	+00.2701	0001.122
+03.9561	+00.2701	0001.123
+03.9512	+00.2698	0001.124
+03.9470	+00.2701	0001.125
+03.9439	+00.2695	0001.126
+03.9384	+00.2695	0001.127
+03.9332	+00.2692	0001.128
+03.9302	+00.2689	0001.129
+03.9244	+00.2692	0001.130
+03.9201	+00.2689	0001.131
+03.9158	+00.2692	0001.132
+03.9106	+00.2689	0001.133
+03.9067	+00.2689	0001.134
+03.9021	+00.2689	0001.135
+03.8972	+00.2689	0001.136
+03.8945	+00.2689	0001.137
+03.8887	+00.2683	0001.138
+03.8847	+00.2683	0001.139
+03.8801	+00.2683	0001.140
+03.8752	+00.2683	0001.141
+03.8713	+00.2680	0001.142
+03.8664	+00.2683	0001.143
+03.8621	+00.2680	0001.144
+03.8572	+00.2677	0001.145
+03.8530	+00.2677	0001.146
+03.8481	+00.2677	0001.147
+03.8441	+00.2680	0001.148
+03.8389	+00.2677	0001.149
+03.8350	+00.2677	0001.150
+03.8301	+00.2677	0001.151
+03.8261	+00.2671	0001.152
+03.8206	+00.2674	0001.153
+03.8166	+00.2674	0001.154
+03.8130	+00.2671	0001.155
+03.8078	+00.2671	0001.156
+03.8035	+00.2668	0001.157
+03.7980	+00.2661	0001.158
+03.7944	+00.2665	0001.159
+03.7898	+00.2665	0001.160
+03.7852	+00.2665	0001.161
+03.7812	+00.2671	0001.162
+03.7767	+00.2661	0001.163
+03.7718	+00.2661	0001.164
+03.7669	+00.2661	0001.165
+03.7617	+00.2658	0001.166
+03.7587	+00.2658	0001.167
+03.7538	+00.2658	0001.168
+03.7489	+00.2658	0001.169
+03.7440	+00.2658	0001.170
+03.7394	+00.2655	0001.171
+03.7352	+00.2658	0001.172
+03.7318	+00.2655	0001.173
+03.7263	+00.2655	0001.174
+03.7220	+00.2652	0001.175
+03.7175	+00.2646	0001.176
+03.7132	+00.2655	0001.177
+03.7086	+00.2652	0001.178
+03.7040	+00.2649	0001.179
+03.6995	+00.2646	0001.180
+03.6949	+00.2649	0001.181
+03.6906	+00.2643	0001.182
+03.6860	+00.2646	0001.183
+03.6808	+00.2640	0001.184
+03.6769	+00.2643	0001.185
+03.6720	+00.2637	0001.186
+03.6686	+00.2640	0001.187
+03.6634	+00.2640	0001.188
+03.6595	+00.2640	0001.189
+03.6546	+00.2643	0001.190
+03.6500	+00.2634	0001.191
+03.6454	+00.2634	0001.192
+03.6415	+00.2637	0001.193
+03.6363	+00.2634	0001.194
+03.6317	+00.2631	0001.195
+03.6277	+00.2631	0001.196
+03.6226	+00.2631	0001.197
+03.6186	+00.2631	0001.198
+03.6137	+00.2628	0001.199
+03.6091	+00.2628	0001.200
+03.6045	+00.2628	0001.201
+03.6006	+00.2628	0001.202
+03.5954	+00.2628	0001.203
+03.5914	+00.2625	0001.204
+03.5865	+00.2628	0001.205
+03.5829	+00.2625	0001.206
+03.5777	+00.2622	0001.207
+03.5734	+00.2622	0001.208
+03.5685	+00.2622	0001.209
+03.5652	+00.2619	0001.210
+03.5606	+00.2616	0001.211
+03.5560	+00.2619	0001.212
+03.5505	+00.2616	0001.213
+03.5463	+00.2616	0001.214
+03.5420	+00.2619	0001.215
+03.5374	+00.2613	0001.216
+03.5328	+00.2613	0001.217
+03.5286	+00.2616	0001.218
+03.5234	+00.2610	0001.219
+03.5188	+00.2610	0001.220
+03.5145	+00.2607	0001.221
+03.5109	+00.2607	0001.222
+03.5060	+00.2607	0001.223
+03.5005	+00.2607	0001.224
+03.4974	+00.2607	0001.225
+03.4929	+00.2604	0001.226
+03.4877	+00.2604	0001.227
+03.4831	+00.2597	0001.228
+03.4791	+00.2604	0001.229
+03.4742	+00.2604	0001.230
+03.4706	+00.2604	0001.231
+03.4651	+00.2597	0001.232
+03.4602	+00.2597	0001.233
+03.4556	+00.2594	0001.234
+03.4520	+00.2594	0001.235
+03.4474	+00.2597	0001.236
+03.4428	+00.2591	0001.237
+03.4382	+00.2591	0001.238
+03.4336	+00.2594	0001.239
+03.4288	+00.2588	0001.240
+03.4245	+00.2588	0001.241
+03.4202	+00.2591	0001.242
+03.4156	+00.2588	0001.243
+03.4114	+00.2585	0001.244
+03.4068	+00.2588	0001.245
+03.4019	+00.2585	0001.246
+03.3976	+00.2585	0001.247
+03.3931	+00.2582	0001.248
+03.3888	+00.2585	0001.249
+03.3842	+00.2579	0001.250
+03.3796	+00.2579	0001.251
+03.3754	+00.2576	0001.252
+03.3705	+00.2576	0001.253
+03.3665	+00.2579	0001.254
+03.3616	+00.2573	0001.255
+03.3567	+00.2573	0001.256
+03.3528	+00.2573	0001.257
+03.3479	+00.2573	0001.258
+03.3427	+00.2570	0001.259
+03.3390	+00.2570	0001.260
+03.3345	+00.2570	0001.261
+03.3299	+00.2567	0001.262
+03.3250	+00.2564	0001.263
+03.3204	+00.2567	0001.264
+03.3165	+00.2564	0001.265
+03.3119	+00.2567	0001.266
+03.3073	+00.2561	0001.267
+03.3027	+00.2564	0001.268
+03.2988	+00.2561	0001.269
+03.2942	+00.2561	0001.270
+03.2884	+00.2561	0001.271
+03.2847	+00.2558	0001.272
+03.2808	+00.2558	0001.273
+03.2768	+00.2552	0001.274
+03.2716	+00.2558	0001.275
+03.2676	+00.2549	0001.276
+03.2631	+00.2555	0001.277
+03.2579	+00.2552	0001.278
+03.2533	+00.2552	0001.279
+03.2487	+00.2549	0001.280
+03.2444	+00.2549	0001.281
+03.2396	+00.2549	0001.282
+03.2350	+00.2546	0001.283
+03.2307	+00.2546	0001.284
+03.2264	+00.2546	0001.285
+03.2225	+00.2546	0001.286
+03.2176	+00.2539	0001.287
+03.2127	+00.2539	0001.288
+03.2084	+00.2539	0001.289
+03.2042	+00.2536	0001.290
+03.1987	+00.2542	0001.291
+03.1944	+00.2533	0001.292
+03.1901	+00.2536	0001.293
+03.1858	+00.2536	0001.294
+03.1807	+00.2533	0001.295
+03.1767	+00.2530	0001.296
+03.1724	+00.2533	0001.297
+03.1669	+00.2527	0001.298
+03.1630	+00.2530	0001.299
+03.1590	+00.2530	0001.300
+03.1547	+00.2524	0001.301
+03.1501	+00.2527	0001.302
+03.1456	+00.2524	0001.303
+03.1407	+00.2524	0001.304
+03.1364	+00.2521	0001.305
+03.1318	+00.2521	0001.306
+03.1273	+00.2518	0001.307
+03.1224	+00.2521	0001.308
+03.1184	+00.2521	0001.309
+03.1138	+00.2512	0001.310
+03.1095	+00.2515	0001.311
+03.1044	+00.2518	0001.312
+03.1007	+00.2512	0001.313
+03.0955	+00.2509	0001.314
+03.0912	+00.2509	0001.315
+03.0870	+00.2509	0001.316
+03.0821	+00.2512	0001.317
+03.0778	+00.2509	0001.318
+03.0726	+00.2509	0001.319
+03.0687	+00.2506	0001.320
+03.0638	+00.2506	0001.321
+03.0595	+00.2506	0001.322
+03.0552	+00.2500	0001.323
+03.0507	+00.2500	0001.324
+03.0458	+00.2500	0001.325
+03.0415	+00.2497	0001.326
+03.0375	+00.2500	0001.327
+03.0333	+00.2497	0001.328
+03.0284	+00.2494	0001.329
+03.0235	+00.2494	0001.330
+03.0192	+00.2494	0001.331
+03.0146	+00.2491	0001.332
+03.0107	+00.2488	0001.333
+03.0055	+00.2491	0001.334
+03.0015	+00.2488	0001.335
+02.9966	+00.2491	0001.336
+02.9921	+00.2488	0001.337
+02.9875	+00.2488	0001.338
+02.9826	+00.2484	0001.339
+02.9780	+00.2484	0001.340
+02.9741	+00.2478	0001.341
+02.9692	+00.2481	0001.342
+02.9655	+00.2481	0001.343
+02.9606	+00.2481	0001.344
+02.9560	+00.2478	0001.345
+02.9524	+00.2475	0001.346
+02.9472	+00.2478	0001.347
+02.9420	+00.2475	0001.348
+02.9383	+00.2472	0001.349
+02.9335	+00.2475	0001.350
+02.9289	+00.2472	0001.351
+02.9246	+00.2472	0001.352
+02.9197	+00.2466	0001.353
+02.9152	+00.2466	0001.354
+02.9109	+00.2466	0001.355
+02.9069	+00.2463	0001.356
+02.9017	+00.2463	0001.357
+02.8981	+00.2463	0001.358
+02.8935	+00.2463	0001.359
+02.8886	+00.2457	0001.360
+02.8840	+00.2460	0001.361
+02.8794	+00.2454	0001.362
+02.8752	+00.2457	0001.363
+02.8703	+00.2460	0001.364
+02.8654	+00.2454	0001.365
+02.8617	+00.2454	0001.366
+02.8572	+00.2451	0001.367
+02.8526	+00.2451	0001.368
+02.8474	+00.2454	0001.369
+02.8434	+00.2451	0001.370
+02.8389	+00.2448	0001.371
+02.8349	+00.2448	0001.372
+02.8297	+00.2448	0001.373
+02.8251	+00.2445	0001.374
+02.8212	+00.2442	0001.375
+02.8169	+00.2439	0001.376
+02.8114	+00.2442	0001.377
+02.8074	+00.2439	0001.378
+02.8028	+00.2439	0001.379
+02.7983	+00.2436	0001.380
+02.7934	+00.2433	0001.381
+02.7897	+00.2433	0001.382
+02.7851	+00.2436	0001.383
+02.7803	+00.2436	0001.384
+02.7754	+00.2430	0001.385
+02.7705	+00.2427	0001.386
+02.7665	+00.2427	0001.387
+02.7629	+00.2430	0001.388
+02.7574	+00.2423	0001.389
+02.7531	+00.2423	0001.390
+02.7482	+00.2420	0001.391
+02.7443	+00.2420	0001.392
+02.7397	+00.2420	0001.393
+02.7348	+00.2423	0001.394
+02.7308	+00.2420	0001.395
+02.7256	+00.2417	0001.396
+02.7211	+00.2414	0001.397
+02.7171	+00.2420	0001.398
+02.7125	+00.2414	0001.399
+02.7082	+00.2414	0001.400
+02.7034	+00.2411	0001.401
+02.6985	+00.2414	0001.402
+02.6945	+00.2411	0001.403
+02.6905	+00.2411	0001.404
+02.6860	+00.2402	0001.405
+02.6814	+00.2408	0001.406
+02.6762	+00.2408	0001.407
+02.6722	+00.2405	0001.408
+02.6683	+00.2399	0001.409
+02.6628	+00.2399	0001.410
+02.6588	+00.2402	0001.411
+02.6542	+00.2396	0001.412
+02.6490	+00.2396	0001.413
+02.6451	+00.2393	0001.414
+02.6408	+00.2393	0001.415
+02.6356	+00.2390	0001.416
+02.6316	+00.2390	0001.417
+02.6274	+00.2387	0001.418
+02.6222	+00.2387	0001.419
+02.6185	+00.2387	0001.420
+02.6136	+00.2384	0001.421
+02.6088	+00.2381	0001.422
+02.6045	+00.2387	0001.423
+02.6005	+00.2381	0001.424
+02.5953	+00.2384	0001.425
+02.5914	+00.2378	0001.426
+02.5865	+00.2381	0001.427
+02.5822	+00.2375	0001.428
+02.5773	+00.2375	0001.429
+02.5731	+00.2372	0001.430
+02.5682	+00.2375	0001.431
+02.5636	+00.2365	0001.432
+02.5593	+00.2369	0001.433
+02.5547	+00.2369	0001.434
+02.5505	+00.2365	0001.435
+02.5459	+00.2365	0001.436
+02.5413	+00.2365	0001.437
+02.5367	+00.2365	0001.438
+02.5325	+00.2362	0001.439
+02.5282	+00.2365	0001.440
+02.5233	+00.2359	0001.441
+02.5193	+00.2356	0001.442
+02.5145	+00.2356	0001.443
+02.5099	+00.2356	0001.444
+02.5056	+00.2353	0001.445
+02.5004	+00.2353	0001.446
+02.4965	+00.2350	0001.447
+02.4919	+00.2347	0001.448
+02.4870	+00.2347	0001.449
+02.4830	+00.2347	0001.450
+02.4784	+00.2347	0001.451
+02.4739	+00.2350	0001.452
+02.4696	+00.2341	0001.453
+02.4647	+00.2344	0001.454
+02.4604	+00.2341	0001.455
+02.4559	+00.2338	0001.456
+02.4513	+00.2341	0001.457
+02.4470	+00.2335	0001.458
+02.4421	+00.2341	0001.459
+02.4376	+00.2335	0001.460
+02.4333	+00.2332	0001.461
+02.4290	+00.2329	0001.462
+02.4238	+00.2332	0001.463
+02.4199	+00.2329	0001.464
+02.4147	+00.2329	0001.465
+02.4110	+00.2323	0001.466
+02.4061	+00.2326	0001.467
+02.4009	+00.2323	0001.468
+02.3976	+00.2323	0001.469
+02.3924	+00.2323	0001.470
+02.3878	+00.2320	0001.471
+02.3838	+00.2320	0001.472
+02.3793	+00.2320	0001.473
+02.3750	+00.2317	0001.474
+02.3704	+00.2314	0001.475
+02.3652	+00.2314	0001.476
+02.3606	+00.2311	0001.477
+02.3564	+00.2311	0001.478
+02.3515	+00.2307	0001.479
+02.3472	+00.2304	0001.480
+02.3429	+00.2304	0001.481
+02.3387	+00.2304	0001.482
+02.3344	+00.2304	0001.483
+02.3295	+00.2301	0001.484
+02.3249	+00.2301	0001.485
+02.3207	+00.2298	0001.486
+02.3164	+00.2298	0001.487
+02.3115	+00.2292	0001.488
+02.3072	+00.2292	0001.489
+02.3030	+00.2295	0001.490
+02.2987	+00.2292	0001.491
+02.2935	+00.2292	0001.492
+02.2889	+00.2289	0001.493
+02.2844	+00.2286	0001.494
+02.2804	+00.2286	0001.495
+02.2758	+00.2283	0001.496
+02.2709	+00.2283	0001.497
+02.2660	+00.2277	0001.498
+02.2624	+00.2280	0001.499
+02.2572	+00.2277	0001.500
+02.2532	+00.2277	0001.501
+02.2486	+00.2277	0001.502
+02.2444	+00.2277	0001.503
+02.2395	+00.2274	0001.504
+02.2346	+00.2268	0001.505
+02.2303	+00.2268	0001.506
+02.2261	+00.2271	0001.507
+02.2209	+00.2265	0001.508
+02.2169	+00.2265	0001.509
+02.2126	+00.2265	0001.510
+02.2084	+00.2262	0001.511
+02.2038	+00.2262	0001.512
+02.1995	+00.2262	0001.513
+02.1943	+00.2256	0001.514
+02.1901	+00.2259	0001.515
+02.1855	+00.2253	0001.516
+02.1809	+00.2253	0001.517
+02.1769	+00.2250	0001.518
+02.1720	+00.2250	0001.519
+02.1672	+00.2246	0001.520
+02.1635	+00.2250	0001.521
+02.1586	+00.2246	0001.522
+02.1531	+00.2240	0001.523
+02.1492	+00.2240	0001.524
+02.1452	+00.2240	0001.525
+02.1400	+00.2240	0001.526
+02.1351	+00.2234	0001.527
+02.1315	+00.2240	0001.528
+02.1266	+00.2234	0001.529
+02.1220	+00.2231	0001.530
+02.1174	+00.2231	0001.531
+02.1132	+00.2228	0001.532
+02.1089	+00.2231	0001.533
+02.1043	+00.2225	0001.534
+02.0997	+00.2225	0001.535
+02.0951	+00.2225	0001.536
+02.0909	+00.2222	0001.537
+02.0863	+00.2219	0001.538
+02.0817	+00.2219	0001.539
+02.0768	+00.2219	0001.540
+02.0729	+00.2216	0001.541
+02.0683	+00.2213	0001.542
+02.0637	+00.2213	0001.543
+02.0588	+00.2213	0001.544
+02.0549	+00.2210	0001.545
+02.0503	+00.2210	0001.546
+02.0457	+00.2207	0001.547
+02.0408	+00.2201	0001.548
+02.0372	+00.2207	0001.549
+02.0323	+00.2201	0001.550
+02.0280	+00.2201	0001.551
+02.0234	+00.2201	0001.552
+02.0189	+00.2198	0001.553
+02.0140	+00.2192	0001.554
+02.0097	+00.2195	0001.555
+02.0054	+00.2195	0001.556
+02.0008	+00.2192	0001.557
+01.9963	+00.2188	0001.558
+01.9917	+00.2185	0001.559
+01.9871	+00.2188	0001.560
+01.9828	+00.2182	0001.561
+01.9780	+00.2182	0001.562
+01.9737	+00.2182	0001.563
+01.9691	+00.2179	0001.564
+01.9645	+00.2176	0001.565
+01.9603	+00.2176	0001.566
+01.9554	+00.2176	0001.567
+01.9508	+00.2173	0001.568
+01.9465	+00.2173	0001.569
+01.9419	+00.2170	0001.570
+01.9377	+00.2167	0001.571
+01.9331	+00.2167	0001.572
+01.9282	+00.2164	0001.573
+01.9239	+00.2164	0001.574
+01.9191	+00.2161	0001.575
+01.9151	+00.2158	0001.576
+01.9105	+00.2158	0001.577
+01.9059	+00.2158	0001.578
+01.9017	+00.2158	0001.579
+01.8971	+00.2152	0001.580
+01.8928	+00.2155	0001.581
+01.8882	+00.2146	0001.582
+01.8830	+00.2149	0001.583
+01.8788	+00.2149	0001.584
+01.8751	+00.2146	0001.585
+01.8699	+00.2146	0001.586
+01.8653	+00.2140	0001.587
+01.8611	+00.2137	0001.588
+01.8568	+00.2140	0001.589
+01.8516	+00.2137	0001.590
+01.8476	+00.2134	0001.591
+01.8431	+00.2134	0001.592
+01.8382	+00.2130	0001.593
+01.8342	+00.2127	0001.594
+01.8296	+00.2127	0001.595
+01.8248	+00.2124	0001.596
+01.8205	+00.2124	0001.597
+01.8156	+00.2121	0001.598
+01.8113	+00.2115	0001.599
+01.8068	+00.2121	0001.600
+01.8025	+00.2115	0001.601
+01.7976	+00.2112	0001.602
+01.7933	+00.2115	0001.603
+01.7887	+00.2112	0001.604
+01.7842	+00.2109	0001.605
+01.7799	+00.2106	0001.606
+01.7750	+00.2103	0001.607
+01.7714	+00.2109	0001.608
+01.7662	+00.2106	0001.609
+01.7619	+00.2100	0001.610
+01.7570	+00.2097	0001.611
+01.7527	+00.2097	0001.612
+01.7485	+00.2094	0001.613
+01.7433	+00.2097	0001.614
+01.7393	+00.2088	0001.615
+01.7353	+00.2091	0001.616
+01.7302	+00.2085	0001.617
+01.7256	+00.2085	0001.618
+01.7216	+00.2085	0001.619
+01.7167	+00.2085	0001.620
+01.7125	+00.2079	0001.621
+01.7079	+00.2082	0001.622
+01.7030	+00.2076	0001.623
+01.6987	+00.2076	0001.624
+01.6941	+00.2069	0001.625
+01.6902	+00.2073	0001.626
+01.6856	+00.2069	0001.627
+01.6807	+00.2066	0001.628
+01.6758	+00.2060	0001.629
+01.6719	+00.2063	0001.630
+01.6676	+00.2060	0001.631
+01.6633	+00.2066	0001.632
+01.6584	+00.2057	0001.633
+01.6536	+00.2060	0001.634
+01.6499	+00.2054	0001.635
+01.6447	+00.2054	0001.636
+01.6404	+00.2054	0001.637
+01.6359	+00.2048	0001.638
+01.6319	+00.2048	0001.639
+01.6267	+00.2048	0001.640
+01.6227	+00.2042	0001.641
+01.6175	+00.2042	0001.642
+01.6130	+00.2039	0001.643
+01.6093	+00.2036	0001.644
+01.6041	+00.2036	0001.645
+01.5998	+00.2033	0001.646
+01.5953	+00.2033	0001.647
+01.5907	+00.2027	0001.648
+01.5861	+00.2030	0001.649
+01.5815	+00.2027	0001.650
+01.5776	+00.2027	0001.651
+01.5724	+00.2024	0001.652
+01.5678	+00.2021	0001.653
+01.5635	+00.2018	0001.654
+01.5590	+00.2018	0001.655
+01.5547	+00.2011	0001.656
+01.5498	+00.2011	0001.657
+01.5458	+00.2011	0001.658
+01.5413	+00.2005	0001.659
+01.5364	+00.2005	0001.660
+01.5321	+00.2002	0001.661
+01.5275	+00.1999	0001.662
+01.5232	+00.1999	0001.663
+01.5184	+00.1999	0001.664
+01.5138	+00.1996	0001.665
+01.5092	+00.1996	0001.666
+01.5046	+00.1990	0001.667
+01.5004	+00.1987	0001.668
+01.4958	+00.1984	0001.669
+01.4915	+00.1987	0001.670
+01.4866	+00.1987	0001.671
+01.4820	+00.1981	0001.672
+01.4781	+00.1981	0001.673
+01.4729	+00.1975	0001.674
+01.4692	+00.1978	0001.675
+01.4643	+00.1975	0001.676
+01.4598	+00.1975	0001.677
+01.4549	+00.1972	0001.678
+01.4506	+00.1966	0001.679
+01.4463	+00.1966	0001.680
+01.4415	+00.1963	0001.681
+01.4369	+00.1963	0001.682
+01.4335	+00.1960	0001.683
+01.4283	+00.1957	0001.684
+01.4241	+00.1957	0001.685
+01.4192	+00.1953	0001.686
+01.4149	+00.1950	0001.687
+01.4097	+00.1950	0001.688
+01.4058	+00.1947	0001.689
+01.4015	+00.1947	0001.690
+01.3972	+00.1941	0001.691
+01.3923	+00.1941	0001.692
+01.3877	+00.1938	0001.693
+01.3829	+00.1935	0001.694
+01.3786	+00.1935	0001.695
+01.3740	+00.1932	0001.696
+01.3700	+00.1926	0001.697
+01.3655	+00.1929	0001.698
+01.3609	+00.1923	0001.699
+01.3566	+00.1920	0001.700
+01.3517	+00.1917	0001.701
+01.3472	+00.1920	0001.702
+01.3432	+00.1917	0001.703
+01.3383	+00.1914	0001.704
+01.3337	+00.1911	0001.705
+01.3295	+00.1911	0001.706
+01.3255	+00.1908	0001.707
+01.3203	+00.1905	0001.708
+01.3157	+00.1908	0001.709
+01.3108	+00.1899	0001.710
+01.3066	+00.1899	0001.711
+01.3014	+00.1899	0001.712
+01.2974	+00.1892	0001.713
+01.2931	+00.1896	0001.714
+01.2889	+00.1892	0001.715
+01.2840	+00.1886	0001.716
+01.2800	+00.1886	0001.717
+01.2754	+00.1886	0001.718
+01.2703	+00.1880	0001.719
+01.2669	+00.1874	0001.720
+01.2614	+00.1871	0001.721
+01.2571	+00.1877	0001.722
+01.2526	+00.1871	0001.723
+01.2483	+00.1871	0001.724
+01.2431	+00.1868	0001.725
+01.2394	+00.1865	0001.726
+01.2345	+00.1862	0001.727
+01.2303	+00.1862	0001.728
+01.2254	+00.1856	0001.729
+01.2211	+00.1856	0001.730
+01.2168	+00.1850	0001.731
+01.2123	+00.1853	0001.732
+01.2071	+00.1847	0001.733
+01.2028	+00.1844	0001.734
+01.1982	+00.1844	0001.735
+01.1940	+00.1838	0001.736
+01.1900	+00.1834	0001.737
+01.1851	+00.1838	0001.738
+01.1805	+00.1834	0001.739
+01.1763	+00.1831	0001.740
+01.1717	+00.1828	0001.741
+01.1671	+00.1825	0001.742
+01.1628	+00.1822	0001.743
+01.1580	+00.1822	0001.744
+01.1537	+00.1816	0001.745
+01.1491	+00.1819	0001.746
+01.1445	+00.1813	0001.747
+01.1399	+00.1810	0001.748
+01.1357	+00.1807	0001.749
+01.1308	+00.1804	0001.750
+01.1265	+00.1804	0001.751
+01.1222	+00.1798	0001.752
+01.1180	+00.1801	0001.753
+01.1131	+00.1795	0001.754
+01.1082	+00.1789	0001.755
+01.1036	+00.1789	0001.756
+01.0997	+00.1795	0001.757
+01.0951	+00.1786	0001.758
+01.0905	+00.1783	0001.759
+01.0859	+00.1776	0001.760
+01.0814	+00.1776	0001.761
+01.0771	+00.1773	0001.762
+01.0725	+00.1776	0001.763
+01.0676	+00.1767	0001.764
+01.0637	+00.1767	0001.765
+01.0591	+00.1764	0001.766
+01.0545	+00.1761	0001.767
+01.0499	+00.1758	0001.768
+01.0456	+00.1758	0001.769
+01.0408	+00.1752	0001.770
+01.0362	+00.1749	0001.771
+01.0316	+00.1746	0001.772
+01.0279	+00.1746	0001.773
+01.0234	+00.1740	0001.774
+01.0182	+00.1743	0001.775
+01.0139	+00.1737	0001.776
+01.0096	+00.1734	0001.777
+01.0051	+00.1731	0001.778
+01.0005	+00.1731	0001.779
+00.9959	+00.1725	0001.780
+00.9916	+00.1722	0001.781
+00.9871	+00.1719	0001.782
+00.9822	+00.1719	0001.783
+00.9776	+00.1719	0001.784
+00.9730	+00.1715	0001.785
+00.9694	+00.1709	0001.786
+00.9642	+00.1706	0001.787
+00.9596	+00.1706	0001.788
+00.9556	+00.1700	0001.789
+00.9507	+00.1697	0001.790
+00.9459	+00.1691	0001.791
+00.9419	+00.1694	0001.792
+00.9373	+00.1691	0001.793
+00.9327	+00.1685	0001.794
+00.9282	+00.1682	0001.795
+00.9230	+00.1682	0001.796
+00.9193	+00.1679	0001.797
+00.9144	+00.1670	0001.798
+00.9108	+00.1670	0001.799
+00.9056	+00.1670	0001.800
+00.9013	+00.1667	0001.801
+00.8964	+00.1661	0001.802
+00.8921	+00.1657	0001.803
+00.8882	+00.1654	0001.804
+00.8836	+00.1651	0001.805
+00.8787	+00.1648	0001.806
+00.8741	+00.1645	0001.807
+00.8696	+00.1642	0001.808
+00.8656	+00.1642	0001.809
+00.8610	+00.1639	0001.810
+00.8558	+00.1639	0001.811
+00.8512	+00.1633	0001.812
+00.8476	+00.1630	0001.813
+00.8424	+00.1627	0001.814
+00.8381	+00.1624	0001.815
+00.8339	+00.1618	0001.816
+00.8287	+00.1612	0001.817
+00.8241	+00.1612	0001.818
+00.8198	+00.1609	0001.819
+00.8162	+00.1609	0001.820
+00.8110	+00.1599	0001.821
+00.8064	+00.1599	0001.822
+00.8024	+00.1596	0001.823
+00.7975	+00.1590	0001.824
+00.7927	+00.1593	0001.825
+00.7884	+00.1587	0001.826
+00.7835	+00.1578	0001.827
+00.7795	+00.1578	0001.828
+00.7750	+00.1575	0001.829
+00.7707	+00.1572	0001.830
+00.7658	+00.1569	0001.831
+00.7618	+00.1569	0001.832
+00.7573	+00.1560	0001.833
+00.7527	+00.1560	0001.834
+00.7478	+00.1557	0001.835
+00.7435	+00.1554	0001.836
+00.7389	+00.1545	0001.837
+00.7347	+00.1542	0001.838
+00.7301	+00.1542	0001.839
+00.7255	+00.1538	0001.840
+00.7209	+00.1538	0001.841
+00.7164	+00.1529	0001.842
+00.7121	+00.1529	0001.843
+00.7072	+00.1523	0001.844
+00.7032	+00.1517	0001.845
+00.6984	+00.1520	0001.846
+00.6938	+00.1511	0001.847
+00.6895	+00.1511	0001.848
+00.6852	+00.1505	0001.849
+00.6804	+00.1505	0001.850
+00.6761	+00.1496	0001.851
+00.6715	+00.1496	0001.852
+00.6669	+00.1490	0001.853
+00.6623	+00.1487	0001.854
+00.6578	+00.1484	0001.855
+00.6535	+00.1480	0001.856
+00.6486	+00.1477	0001.857
+00.6440	+00.1471	0001.858
+00.6395	+00.1468	0001.859
+00.6361	+00.1465	0001.860
+00.6306	+00.1456	0001.861
+00.6263	+00.1453	0001.862
+00.6221	+00.1453	0001.863
+00.6175	+00.1444	0001.864
+00.6129	+00.1444	0001.865
+00.6083	+00.1438	0001.866
+00.6031	+00.1432	0001.867
+00.5992	+00.1432	0001.868
+00.5949	+00.1426	0001.869
+00.5897	+00.1426	0001.870
+00.5854	+00.1419	0001.871
+00.5812	+00.1410	0001.872
+00.5769	+00.1416	0001.873
+00.5720	+00.1404	0001.874
+00.5677	+00.1401	0001.875
+00.5635	+00.1398	0001.876
+00.5589	+00.1389	0001.877
+00.5546	+00.1389	0001.878
+00.5497	+00.1383	0001.879
+00.5455	+00.1383	0001.880
+00.5406	+00.1374	0001.881
+00.5360	+00.1368	0001.882
+00.5317	+00.1368	0001.883
+00.5272	+00.1358	0001.884
+00.5223	+00.1361	0001.885
+00.5180	+00.1349	0001.886
+00.5137	+00.1346	0001.887
+00.5091	+00.1346	0001.888
+00.5046	+00.1340	0001.889
+00.5003	+00.1334	0001.890
+00.4960	+00.1328	0001.891
+00.4911	+00.1325	0001.892
+00.4866	+00.1319	0001.893
+00.4820	+00.1307	0001.894
+00.4777	+00.1310	0001.895
+00.4728	+00.1300	0001.896
+00.4692	+00.1297	0001.897
+00.4643	+00.1291	0001.898
+00.4597	+00.1288	0001.899
+00.4548	+00.1282	0001.900
+00.4506	+00.1276	0001.901
+00.4460	+00.1273	0001.902
+00.4420	+00.1267	0001.903
+00.4374	+00.1264	0001.904
+00.4329	+00.1258	0001.905
+00.4280	+00.1252	0001.906
+00.4240	+00.1249	0001.907
+00.4191	+00.1242	0001.908
+00.4142	+00.1236	0001.909
+00.4100	+00.1230	0001.910
+00.4060	+00.1227	0001.911
+00.4014	+00.1224	0001.912
+00.3965	+00.1218	0001.913
+00.3917	+00.1206	0001.914
+00.3868	+00.1206	0001.915
+00.3828	+00.1200	0001.916
+00.3788	+00.1191	0001.917
+00.3740	+00.1187	0001.918
+00.3697	+00.1181	0001.919
+00.3648	+00.1178	0001.920
+00.3602	+00.1172	0001.921
+00.3559	+00.1163	0001.922
+00.3517	+00.1157	0001.923
+00.3468	+00.1145	0001.924
+00.3428	+00.1145	0001.925
+00.3379	+00.1139	0001.926
+00.3334	+00.1133	0001.927
+00.3288	+00.1126	0001.928
+00.3245	+00.1120	0001.929
+00.3196	+00.1111	0001.930
+00.3157	+00.1111	0001.931
+00.3111	+00.1099	0001.932
+00.3062	+00.1093	0001.933
+00.3016	+00.1087	0001.934
+00.2974	+00.1081	0001.935
+00.2934	+00.1078	0001.936
+00.2882	+00.1072	0001.937
+00.2836	+00.1062	0001.938
+00.2793	+00.1053	0001.939
+00.2751	+00.1050	0001.940
+00.2699	+00.1047	0001.941
+00.2659	+00.1035	0001.942
+00.2613	+00.1026	0001.943
+00.2568	+00.1017	0001.944
+00.2522	+00.1010	0001.945
+00.2479	+00.1007	0001.946
+00.2436	+00.1001	0001.947
+00.2385	+00.0989	0001.948
+00.2339	+00.0986	0001.949
+00.2302	+00.0983	0001.950
+00.2253	+00.0965	0001.951
+00.2211	+00.0962	0001.952
+00.2159	+00.0956	0001.953
+00.2119	+00.0946	0001.954
+00.2076	+00.0937	0001.955
+00.2031	+00.0931	0001.956
+00.1979	+00.0922	0001.957
+00.1936	+00.0913	0001.958
+00.1893	+00.0907	0001.959
+00.1847	+00.0901	0001.960
+00.1796	+00.0885	0001.961
+00.1756	+00.0879	0001.962
+00.1713	+00.0870	0001.963
+00.1664	+00.0867	0001.964
+00.1616	+00.0852	0001.965
+00.1579	+00.0846	0001.966
+00.1536	+00.0837	0001.967
+00.1490	+00.0830	0001.968
+00.1445	+00.0821	0001.969
+00.1399	+00.0812	0001.970
+00.1353	+00.0803	0001.971
+00.1304	+00.0797	0001.972
+00.1262	+00.0788	0001.973
+00.1219	+00.0772	0001.974
+00.1173	+00.0769	0001.975
+00.1127	+00.0754	0001.976
+00.1075	+00.0748	0001.977
+00.1042	+00.0733	0001.978
+00.0990	+00.0730	0001.979
+00.0944	+00.0711	0001.980
+00.0898	+00.0711	0001.981
+00.0853	+00.0699	0001.982
+00.0810	+00.0684	0001.983
+00.0764	+00.0678	0001.984
+00.0715	+00.0669	0001.985
+00.0685	+00.0656	0001.986
+00.0636	+00.0644	0001.987
+00.0584	+00.0638	0001.988
+00.0538	+00.0623	0001.989
+00.0496	+00.0614	0001.990
+00.0447	+00.0602	0001.991
+00.0407	+00.0589	0001.992
+00.0361	+00.0580	0001.993
+00.0315	+00.0571	0001.994
+00.0273	+00.0556	0001.995
+00.0227	+00.0547	0001.996
+00.0178	+00.0534	0001.997
+00.0135	+00.0519	0001.998
+00.0090	+00.0510	0001.999
