R,Ohm	C,pF	Temp,C
0000000000	0000100000	+025.00
Ch1,V	Ch2,V	Time,s
+00.0001	-00.0012	0000.000
+00.0001	-00.0012	0000.001
-00.0039	-00.0009	0000.002
-00.0093	-00.0009	0000.003
-00.0133	-00.0012	0000.004
-00.0176	-00.0009	0000.005
-00.0225	-00.0018	0000.006
-00.0267	-00.0015	0000.007
-00.0319	-00.0015	0000.008
-00.0359	-00.0021	0000.009
-00.0405	-00.0018	0000.010
-00.0447	-00.0024	0000.011
-00.0496	-00.0027	0000.012
-00.0539	-00.0027	0000.013
-00.0588	-00.0033	0000.014
-00.0631	-00.0030	0000.015
-00.0676	-00.0036	0000.016
-00.0722	-00.0033	0000.017
-00.0765	-00.0036	0000.018
-00.0814	-00.0045	0000.019
-00.0856	-00.0048	0000.020
-00.0899	-00.0048	0000.021
-00.0945	-00.0058	0000.022
-00.0991	-00.0061	0000.023
-00.1040	-00.0067	0000.024
-00.1082	-00.0070	0000.025
-00.1122	-00.0076	0000.026
-00.1171	-00.0082	0000.027
-00.1220	-00.0091	0000.028
-00.1259	-00.0097	0000.029
-00.1308	-00.0106	0000.030
-00.1351	-00.0113	0000.031
-00.1400	-00.0119	0000.032
-00.1439	-00.0125	0000.033
-00.1485	-00.0137	0000.034
-00.1534	-00.0140	0000.035
-00.1580	-00.0155	0000.036
-00.1616	-00.0155	0000.037
-00.1665	-00.0174	0000.038
-00.1714	-00.0183	0000.039
-00.1757	-00.0192	0000.040
-00.1799	-00.0198	0000.041
-00.1842	-00.0207	0000.042
-00.1891	-00.0219	0000.043
-00.1940	-00.0232	0000.044
-00.1979	-00.0247	0000.045
-00.2028	-00.0253	0000.046
-00.2074	-00.0268	0000.047
-00.2117	-00.0277	0000.048
-00.2160	-00.0293	0000.049
-00.2205	-00.0308	0000.050
-00.2254	-00.0314	0000.051
-00.2297	-00.0326	0000.052
-00.2340	-00.0344	0000.053
-00.2388	-00.0357	0000.054
-00.2434	-00.0375	0000.055
-00.2477	-00.0381	0000.056
-00.2523	-00.0396	0000.057
-00.2568	-00.0412	0000.058
-00.2614	-00.0430	0000.059
-00.2663	-00.0442	0000.060
-00.2703	-00.0460	0000.061
-00.2742	-00.0476	0000.062
-00.2794	-00.0491	0000.063
-00.2834	-00.0506	0000.064
-00.2886	-00.0521	0000.065
-00.2929	-00.0537	0000.066
-00.2971	-00.0555	0000.067
-00.3017	-00.0570	0000.068
-00.3066	-00.0592	0000.069
-00.3109	-00.0607	0000.070
-00.3154	-00.0628	0000.071
-00.3197	-00.0647	0000.072
-00.3243	-00.0659	0000.073
-00.3292	-00.0683	0000.074
-00.3334	-00.0702	0000.075
-00.3380	-00.0720	0000.076
-00.3426	-00.0735	0000.077
-00.3466	-00.0760	0000.078
-00.3511	-00.0778	0000.079
-00.3566	-00.0793	0000.080
-00.3609	-00.0814	0000.081
-00.3646	-00.0833	0000.082
-00.3695	-00.0851	0000.083
-00.3740	-00.0879	0000.084
-00.3786	-00.0897	0000.085
-00.3829	-00.0921	0000.086
-00.3878	-00.0940	0000.087
-00.3920	-00.0961	0000.088
-00.3966	-00.0982	0000.089
-00.4006	-00.1004	0000.090
-00.4058	-00.1025	0000.091
-00.4097	-00.1049	0000.092
-00.4143	-00.1074	0000.093
-00.4189	-00.1095	0000.094
-00.4238	-00.1120	0000.095
-00.4280	-00.1144	0000.096
-00.4329	-00.1162	0000.097
-00.4369	-00.1187	0000.098
-00.4421	-00.1214	0000.099
-00.4457	-00.1236	0000.100
-00.4506	-00.1263	0000.101
-00.4549	-00.1291	0000.102
-00.4601	-00.1312	0000.103
-00.4638	-00.1333	0000.104
-00.4683	-00.1364	0000.105
-00.4732	-00.1388	0000.106
-00.4775	-00.1419	0000.107
-00.4821	-00.1443	0000.108
-00.4866	-00.1464	0000.109
-00.4912	-00.1492	0000.110
-00.4955	-00.1522	0000.111
-00.4995	-00.1547	0000.112
-00.5046	-00.1577	0000.113
-00.5089	-00.1602	0000.114
-00.5138	-00.1629	0000.115
-00.5181	-00.1657	0000.116
-00.5223	-00.1684	0000.117
-00.5272	-00.1712	0000.118
-00.5321	-00.1742	0000.119
-00.5358	-00.1773	0000.120
-00.5404	-00.1803	0000.121
-00.5449	-00.1831	0000.122
-00.5498	-00.1864	0000.123
-00.5544	-00.1889	0000.124
-00.5587	-00.1925	0000.125
-00.5632	-00.1959	0000.126
-00.5672	-00.1983	0000.127
-00.5724	-00.2017	0000.128
-00.5773	-00.2047	0000.129
-00.5812	-00.2078	0000.130
-00.5858	-00.2115	0000.131
-00.5898	-00.2145	0000.132
-00.5947	-00.2176	0000.133
-00.5993	-00.2212	0000.134
-00.6035	-00.2243	0000.135
-00.6081	-00.2276	0000.136
-00.6127	-00.2310	0000.137
-00.6173	-00.2343	0000.138
-00.6218	-00.2386	0000.139
-00.6258	-00.2414	0000.140
-00.6310	-00.2447	0000.141
-00.6353	-00.2481	0000.142
-00.6395	-00.2520	0000.143
-00.6441	-00.2557	0000.144
-00.6487	-00.2591	0000.145
-00.6533	-00.2630	0000.146
-00.6572	-00.2670	0000.147
-00.6621	-00.2703	0000.148
-00.6667	-00.2743	0000.149
-00.6710	-00.2780	0000.150
-00.6759	-00.2819	0000.151
-00.6801	-00.2856	0000.152
-00.6850	-00.2902	0000.153
-00.6890	-00.2938	0000.154
-00.6936	-00.2978	0000.155
-00.6984	-00.3024	0000.156
-00.7030	-00.3061	0000.157
-00.7076	-00.3100	0000.158
-00.7116	-00.3146	0000.159
-00.7167	-00.3189	0000.160
-00.7210	-00.3231	0000.161
-00.7259	-00.3274	0000.162
-00.7302	-00.3314	0000.163
-00.7344	-00.3357	0000.164
-00.7390	-00.3402	0000.165
-00.7433	-00.3442	0000.166
-00.7479	-00.3488	0000.167
-00.7528	-00.3531	0000.168
-00.7570	-00.3579	0000.169
-00.7619	-00.3616	0000.170
-00.7656	-00.3662	0000.171
-00.7705	-00.3711	0000.172
-00.7750	-00.3753	0000.173
-00.7793	-00.3802	0000.174
-00.7839	-00.3851	0000.175
-00.7888	-00.3894	0000.176
-00.7924	-00.3936	0000.177
-00.7976	-00.3985	0000.178
-00.8013	-00.4034	0000.179
-00.8062	-00.4080	0000.180
-00.8107	-00.4123	0000.181
-00.8159	-00.4171	0000.182
-00.8202	-00.4217	0000.183
-00.8245	-00.4263	0000.184
-00.8287	-00.4309	0000.185
-00.8333	-00.4364	0000.186
-00.8382	-00.4409	0000.187
-00.8425	-00.4455	0000.188
-00.8471	-00.4501	0000.189
-00.8513	-00.4550	0000.190
-00.8559	-00.4596	0000.191
-00.8608	-00.4641	0000.192
-00.8648	-00.4693	0000.193
-00.8693	-00.4739	0000.194
-00.8736	-00.4785	0000.195
-00.8788	-00.4834	0000.196
-00.8831	-00.4879	0000.197
-00.8876	-00.4925	0000.198
-00.8919	-00.4974	0000.199
-00.8968	-00.5020	0000.200
-00.9011	-00.5069	0000.201
-00.9053	-00.5114	0000.202
-00.9099	-00.5154	0000.203
-00.9142	-00.5200	0000.204
-00.9191	-00.5246	0000.205
-00.9233	-00.5291	0000.206
-00.9279	-00.5340	0000.207
-00.9328	-00.5383	0000.208
-00.9371	-00.5426	0000.209
-00.9414	-00.5468	0000.210
-00.9462	-00.5508	0000.211
-00.9505	-00.5554	0000.212
-00.9554	-00.5603	0000.213
-00.9594	-00.5645	0000.214
-00.9639	-00.5685	0000.215
-00.9691	-00.5728	0000.216
-00.9731	-00.5777	0000.217
-00.9777	-00.5813	0000.218
-00.9816	-00.5853	0000.219
-00.9874	-00.5896	0000.220
-00.9911	-00.5938	0000.221
-00.9954	-00.5978	0000.222
-00.9999	-00.6021	0000.223
-01.0048	-00.6063	0000.224
-01.0097	-00.6097	0000.225
-01.0137	-00.6140	0000.226
-01.0186	-00.6179	0000.227
-01.0225	-00.6216	0000.228
-01.0274	-00.6256	0000.229
-01.0314	-00.6292	0000.230
-01.0363	-00.6332	0000.231
-01.0408	-00.6369	0000.232
-01.0454	-00.6411	0000.233
-01.0497	-00.6442	0000.234
-01.0543	-00.6479	0000.235
-01.0592	-00.6515	0000.236
-01.0634	-00.6555	0000.237
-01.0683	-00.6591	0000.238
-01.0723	-00.6625	0000.239
-01.0769	-00.6659	0000.240
-01.0814	-00.6698	0000.241
-01.0857	-00.6735	0000.242
-01.0906	-00.6762	0000.243
-01.0952	-00.6799	0000.244
-01.0991	-00.6836	0000.245
-01.1037	-00.6869	0000.246
-01.1083	-00.6906	0000.247
-01.1129	-00.6939	0000.248
-01.1174	-00.6973	0000.249
-01.1223	-00.7003	0000.250
-01.1263	-00.7034	0000.251
-01.1309	-00.7071	0000.252
-01.1348	-00.7104	0000.253
-01.1400	-00.7132	0000.254
-01.1443	-00.7171	0000.255
-01.1489	-00.7202	0000.256
-01.1531	-00.7232	0000.257
-01.1580	-00.7266	0000.258
-01.1626	-00.7296	0000.259
-01.1666	-00.7327	0000.260
-01.1718	-00.7357	0000.261
-01.1757	-00.7391	0000.262
-01.1806	-00.7422	0000.263
-01.1846	-00.7452	0000.264
-01.1895	-00.7483	0000.265
-01.1940	-00.7513	0000.266
-01.1983	-00.7544	0000.267
-01.2032	-00.7571	0000.268
-01.2069	-00.7602	0000.269
-01.2117	-00.7632	0000.270
-01.2166	-00.7663	0000.271
-01.2206	-00.7684	0000.272
-01.2255	-00.7718	0000.273
-01.2300	-00.7748	0000.274
-01.2346	-00.7779	0000.275
-01.2386	-00.7803	0000.276
-01.2441	-00.7830	0000.277
-01.2481	-00.7864	0000.278
-01.2523	-00.7891	0000.279
-01.2569	-00.7916	0000.280
-01.2612	-00.7949	0000.281
-01.2661	-00.7974	0000.282
-01.2706	-00.8007	0000.283
-01.2749	-00.8026	0000.284
-01.2795	-00.8059	0000.285
-01.2838	-00.8084	0000.286
-01.2886	-00.8111	0000.287
-01.2929	-00.8136	0000.288
-01.2981	-00.8163	0000.289
-01.3021	-00.8191	0000.290
-01.3063	-00.8221	0000.291
-01.3112	-00.8242	0000.292
-01.3158	-00.8276	0000.293
-01.3195	-00.8294	0000.294
-01.3247	-00.8325	0000.295
-01.3295	-00.8349	0000.296
-01.3338	-00.8377	0000.297
-01.3384	-00.8401	0000.298
-01.3427	-00.8429	0000.299
-01.3472	-00.8453	0000.300
-01.3518	-00.8480	0000.301
-01.3564	-00.8502	0000.302
-01.3610	-00.8526	0000.303
-01.3655	-00.8551	0000.304
-01.3698	-00.8578	0000.305
-01.3747	-00.8603	0000.306
-01.3787	-00.8624	0000.307
-01.3839	-00.8651	0000.308
-01.3878	-00.8676	0000.309
-01.3924	-00.8700	0000.310
-01.3970	-00.8719	0000.311
-01.4016	-00.8746	0000.312
-01.4055	-00.8770	0000.313
-01.4101	-00.8801	0000.314
-01.4153	-00.8825	0000.315
-01.4186	-00.8844	0000.316
-01.4235	-00.8868	0000.317
-01.4287	-00.8886	0000.318
-01.4330	-00.8914	0000.319
-01.4376	-00.8935	0000.320
-01.4415	-00.8960	0000.321
-01.4464	-00.8978	0000.322
-01.4507	-00.9005	0000.323
-01.4547	-00.9027	0000.324
-01.4595	-00.9051	0000.325
-01.4644	-00.9073	0000.326
-01.4690	-00.9091	0000.327
-01.4733	-00.9112	0000.328
-01.4775	-00.9140	0000.329
-01.4827	-00.9155	0000.330
-01.4873	-00.9182	0000.331
-01.4913	-00.9204	0000.332
-01.4952	-00.9228	0000.333
-01.5001	-00.9250	0000.334
-01.5053	-00.9265	0000.335
-01.5090	-00.9295	0000.336
-01.5142	-00.9314	0000.337
-01.5184	-00.9335	0000.338
-01.5233	-00.9362	0000.339
-01.5273	-00.9381	0000.340
-01.5316	-00.9396	0000.341
-01.5364	-00.9420	0000.342
-01.5410	-00.9439	0000.343
-01.5453	-00.9463	0000.344
-01.5499	-00.9478	0000.345
-01.5545	-00.9503	0000.346
-01.5590	-00.9527	0000.347
-01.5633	-00.9546	0000.348
-01.5682	-00.9561	0000.349
-01.5728	-00.9585	0000.350
-01.5770	-00.9607	0000.351
-01.5816	-00.9628	0000.352
-01.5859	-00.9649	0000.353
-01.5911	-00.9668	0000.354
-01.5960	-00.9689	0000.355
-01.5993	-00.9710	0000.356
-01.6039	-00.9726	0000.357
-01.6088	-00.9747	0000.358
-01.6127	-00.9768	0000.359
-01.6176	-00.9790	0000.360
-01.6219	-00.9814	0000.361
-01.6268	-00.9832	0000.362
-01.6314	-00.9848	0000.363
-01.6356	-00.9869	0000.364
-01.6396	-00.9887	0000.365
-01.6448	-00.9903	0000.366
-01.6494	-00.9924	0000.367
-01.6536	-00.9945	0000.368
-01.6582	-00.9964	0000.369
-01.6628	-00.9982	0000.370
-01.6674	-01.0006	0000.371
-01.6716	-01.0019	0000.372
-01.6771	-01.0043	0000.373
-01.6811	-01.0064	0000.374
-01.6854	-01.0086	0000.375
-01.6896	-01.0101	0000.376
-01.6948	-01.0113	0000.377
-01.6991	-01.0135	0000.378
-01.7034	-01.0156	0000.379
-01.7073	-01.0177	0000.380
-01.7122	-01.0189	0000.381
-01.7171	-01.0211	0000.382
-01.7211	-01.0223	0000.383
-01.7254	-01.0247	0000.384
-01.7299	-01.0266	0000.385
-01.7351	-01.0281	0000.386
-01.7388	-01.0305	0000.387
-01.7440	-01.0318	0000.388
-01.7479	-01.0336	0000.389
-01.7528	-01.0354	0000.390
-01.7571	-01.0373	0000.391
-01.7617	-01.0391	0000.392
-01.7669	-01.0409	0000.393
-01.7708	-01.0431	0000.394
-01.7751	-01.0443	0000.395
-01.7794	-01.0464	0000.396
-01.7846	-01.0489	0000.397
-01.7891	-01.0495	0000.398
-01.7934	-01.0519	0000.399
-01.7983	-01.0534	0000.400
-01.8029	-01.0550	0000.401
-01.8071	-01.0568	0000.402
-01.8114	-01.0586	0000.403
-01.8160	-01.0604	0000.404
-01.8206	-01.0623	0000.405
-01.8251	-01.0635	0000.406
-01.8291	-01.0656	0000.407
-01.8334	-01.0672	0000.408
-01.8392	-01.0696	0000.409
-01.8428	-01.0708	0000.410
-01.8477	-01.0727	0000.411
-01.8520	-01.0742	0000.412
-01.8566	-01.0760	0000.413
-01.8612	-01.0778	0000.414
-01.8651	-01.0797	0000.415
-01.8700	-01.0812	0000.416
-01.8743	-01.0830	0000.417
-01.8789	-01.0846	0000.418
-01.8834	-01.0861	0000.419
-01.8880	-01.0882	0000.420
-01.8929	-01.0901	0000.421
-01.8975	-01.0910	0000.422
-01.9014	-01.0928	0000.423
-01.9063	-01.0946	0000.424
-01.9106	-01.0962	0000.425
-01.9152	-01.0974	0000.426
-01.9201	-01.0989	0000.427
-01.9243	-01.1010	0000.428
-01.9283	-01.1032	0000.429
-01.9338	-01.1047	0000.430
-01.9374	-01.1065	0000.431
-01.9420	-01.1081	0000.432
-01.9469	-01.1096	0000.433
-01.9515	-01.1111	0000.434
-01.9558	-01.1129	0000.435
-01.9600	-01.1142	0000.436
-01.9652	-01.1160	0000.437
-01.9695	-01.1178	0000.438
-01.9735	-01.1190	0000.439
-01.9783	-01.1203	0000.440
-01.9829	-01.1221	0000.441
-01.9875	-01.1236	0000.442
-01.9918	-01.1258	0000.443
-01.9960	-01.1273	0000.444
-02.0009	-01.1291	0000.445
-02.0052	-01.1300	0000.446
-02.0092	-01.1319	0000.447
-02.0140	-01.1334	0000.448
-02.0186	-01.1352	0000.449
-02.0235	-01.1367	0000.450
-02.0281	-01.1383	0000.451
-02.0327	-01.1401	0000.452
-02.0369	-01.1416	0000.453
-02.0412	-01.1432	0000.454
-02.0452	-01.1444	0000.455
-02.0498	-01.1462	0000.456
-02.0549	-01.1480	0000.457
-02.0592	-01.1493	0000.458
-02.0635	-01.1511	0000.459
-02.0681	-01.1532	0000.460
-02.0726	-01.1541	0000.461
-02.0769	-01.1560	0000.462
-02.0821	-01.1572	0000.463
-02.0867	-01.1587	0000.464
-02.0906	-01.1599	0000.465
-02.0949	-01.1618	0000.466
-02.0995	-01.1636	0000.467
-02.1041	-01.1651	0000.468
-02.1090	-01.1667	0000.469
-02.1135	-01.1679	0000.470
-02.1178	-01.1697	0000.471
-02.1224	-01.1709	0000.472
-02.1270	-01.1734	0000.473
-02.1309	-01.1737	0000.474
-02.1352	-01.1758	0000.475
-02.1404	-01.1776	0000.476
-02.1450	-01.1786	0000.477
-02.1498	-01.1807	0000.478
-02.1538	-01.1819	0000.479
-02.1584	-01.1837	0000.480
-02.1633	-01.1850	0000.481
-02.1679	-01.1865	0000.482
-02.1721	-01.1883	0000.483
-02.1767	-01.1895	0000.484
-02.1816	-01.1908	0000.485
-02.1849	-01.1923	0000.486
-02.1898	-01.1938	0000.487
-02.1944	-01.1956	0000.488
-02.1990	-01.1969	0000.489
-02.2033	-01.1984	0000.490
-02.2075	-01.2002	0000.491
-02.2121	-01.2014	0000.492
-02.2170	-01.2030	0000.493
-02.2210	-01.2045	0000.494
-02.2264	-01.2060	0000.495
-02.2310	-01.2078	0000.496
-02.2350	-01.2091	0000.497
-02.2396	-01.2103	0000.498
-02.2438	-01.2124	0000.499
-02.2490	-01.2130	0000.500
-02.2533	-01.2152	0000.501
-02.2579	-01.2167	0000.502
-02.2618	-01.2182	0000.503
-02.2667	-01.2198	0000.504
-02.2713	-01.2210	0000.505
-02.2753	-01.2222	0000.506
-02.2795	-01.2240	0000.507
-02.2847	-01.2255	0000.508
-02.2893	-01.2271	0000.509
-02.2933	-01.2286	0000.510
-02.2982	-01.2298	0000.511
-02.3030	-01.2310	0000.512
-02.3073	-01.2329	0000.513
-02.3119	-01.2344	0000.514
-02.3165	-01.2356	0000.515
-02.3207	-01.2371	0000.516
-02.3253	-01.2384	0000.517
-02.3296	-01.2402	0000.518
-02.3342	-01.2417	0000.519
-02.3391	-01.2432	0000.520
-02.3430	-01.2448	0000.521
-02.3473	-01.2460	0000.522
-02.3525	-01.2475	0000.523
-02.3568	-01.2490	0000.524
-02.3610	-01.2506	0000.525
-02.3653	-01.2521	0000.526
-02.3702	-01.2533	0000.527
-02.3748	-01.2548	0000.528
-02.3790	-01.2558	0000.529
-02.3836	-01.2576	0000.530
-02.3885	-01.2588	0000.531
-02.3925	-01.2606	0000.532
-02.3970	-01.2616	0000.533
-02.4013	-01.2637	0000.534
-02.4065	-01.2649	0000.535
-02.4111	-01.2664	0000.536
-02.4150	-01.2680	0000.537
-02.4199	-01.2692	0000.538
-02.4242	-01.2707	0000.539
-02.4288	-01.2719	0000.540
-02.4334	-01.2738	0000.541
-02.4379	-01.2750	0000.542
-02.4419	-01.2762	0000.543
-02.4468	-01.2777	0000.544
-02.4511	-01.2793	0000.545
-02.4556	-01.2805	0000.546
-02.4608	-01.2820	0000.547
-02.4654	-01.2838	0000.548
-02.4694	-01.2851	0000.549
-02.4739	-01.2866	0000.550
-02.4782	-01.2875	0000.551
-02.4831	-01.2893	0000.552
-02.4868	-01.2909	0000.553
-02.4916	-01.2924	0000.554
-02.4962	-01.2933	0000.555
-02.5011	-01.2945	0000.556
-02.5051	-01.2967	0000.557
-02.5103	-01.2979	0000.558
-02.5139	-01.2991	0000.559
-02.5191	-01.3003	0000.560
-02.5237	-01.3015	0000.561
-02.5280	-01.3034	0000.562
-02.5325	-01.3052	0000.563
-02.5365	-01.3061	0000.564
-02.5417	-01.3076	0000.565
-02.5457	-01.3095	0000.566
-02.5509	-01.3107	0000.567
-02.5548	-01.3116	0000.568
-02.5594	-01.3141	0000.569
-02.5637	-01.3153	0000.570
-02.5686	-01.3165	0000.571
-02.5728	-01.3180	0000.572
-02.5768	-01.3192	0000.573
-02.5820	-01.3205	0000.574
-02.5866	-01.3217	0000.575
-02.5908	-01.3232	0000.576
-02.5954	-01.3250	0000.577
-02.6009	-01.3263	0000.578
-02.6046	-01.3275	0000.579
-02.6091	-01.3287	0000.580
-02.6137	-01.3302	0000.581
-02.6180	-01.3318	0000.582
-02.6223	-01.3330	0000.583
-02.6271	-01.3348	0000.584
-02.6314	-01.3357	0000.585
-02.6366	-01.3369	0000.586
-02.6406	-01.3385	0000.587
-02.6455	-01.3400	0000.588
-02.6497	-01.3421	0000.589
-02.6543	-01.3424	0000.590
-02.6583	-01.3443	0000.591
-02.6625	-01.3455	0000.592
-02.6677	-01.3470	0000.593
-02.6717	-01.3479	0000.594
-02.6766	-01.3501	0000.595
-02.6812	-01.3510	0000.596
-02.6854	-01.3525	0000.597
-02.6900	-01.3540	0000.598
-02.6949	-01.3552	0000.599
-02.6992	-01.3568	0000.600
-02.7031	-01.3580	0000.601
-02.7077	-01.3592	0000.602
-02.7126	-01.3607	0000.603
-02.7172	-01.3620	0000.604
-02.7214	-01.3635	0000.605
-02.7263	-01.3650	0000.606
-02.7309	-01.3659	0000.607
-02.7355	-01.3675	0000.608
-02.7398	-01.3690	0000.609
-02.7443	-01.3702	0000.610
-02.7489	-01.3717	0000.611
-02.7529	-01.3726	0000.612
-02.7578	-01.3739	0000.613
-02.7626	-01.3757	0000.614
-02.7669	-01.3769	0000.615
-02.7712	-01.3787	0000.616
-02.7755	-01.3803	0000.617
-02.7797	-01.3806	0000.618
-02.7846	-01.3821	0000.619
-02.7889	-01.3839	0000.620
-02.7935	-01.3849	0000.621
-02.7980	-01.3867	0000.622
-02.8023	-01.3879	0000.623
-02.8075	-01.3894	0000.624
-02.8118	-01.3903	0000.625
-02.8164	-01.3919	0000.626
-02.8200	-01.3931	0000.627
-02.8255	-01.3946	0000.628
-02.8298	-01.3955	0000.629
-02.8350	-01.3971	0000.630
-02.8389	-01.3983	0000.631
-02.8441	-01.4001	0000.632
-02.8475	-01.4013	0000.633
-02.8521	-01.4026	0000.634
-02.8566	-01.4041	0000.635
-02.8612	-01.4050	0000.636
-02.8658	-01.4062	0000.637
-02.8704	-01.4080	0000.638
-02.8749	-01.4087	0000.639
-02.8792	-01.4108	0000.640
-02.8841	-01.4120	0000.641
-02.8881	-01.4126	0000.642
-02.8930	-01.4145	0000.643
-02.8969	-01.4157	0000.644
-02.9018	-01.4169	0000.645
-02.9064	-01.4181	0000.646
-02.9107	-01.4196	0000.647
-02.9152	-01.4206	0000.648
-02.9198	-01.4218	0000.649
-02.9250	-01.4233	0000.650
-02.9280	-01.4245	0000.651
-02.9335	-01.4260	0000.652
-02.9384	-01.4270	0000.653
-02.9430	-01.4282	0000.654
-02.9470	-01.4303	0000.655
-02.9512	-01.4309	0000.656
-02.9561	-01.4322	0000.657
-02.9604	-01.4337	0000.658
-02.9647	-01.4349	0000.659
-02.9696	-01.4358	0000.660
-02.9744	-01.4373	0000.661
-02.9787	-01.4389	0000.662
-02.9830	-01.4398	0000.663
-02.9873	-01.4413	0000.664
-02.9921	-01.4425	0000.665
-02.9970	-01.4434	0000.666
-03.0001	-01.4453	0000.667
-03.0050	-01.4462	0000.668
-03.0098	-01.4474	0000.669
-03.0144	-01.4480	0000.670
-03.0187	-01.4499	0000.671
-03.0239	-01.4511	0000.672
-03.0285	-01.4523	0000.673
-03.0324	-01.4535	0000.674
-03.0373	-01.4550	0000.675
-03.0419	-01.4560	0000.676
-03.0462	-01.4578	0000.677
-03.0504	-01.4587	0000.678
-03.0550	-01.4602	0000.679
-03.0596	-01.4615	0000.680
-03.0645	-01.4624	0000.681
-03.0687	-01.4636	0000.682
-03.0733	-01.4645	0000.683
-03.0773	-01.4660	0000.684
-03.0825	-01.4669	0000.685
-03.0867	-01.4688	0000.686
-03.0913	-01.4697	0000.687
-03.0950	-01.4712	0000.688
-03.0999	-01.4718	0000.689
-03.1050	-01.4734	0000.690
-03.1090	-01.4743	0000.691
-03.1139	-01.4758	0000.692
-03.1182	-01.4770	0000.693
-03.1221	-01.4782	0000.694
-03.1276	-01.4795	0000.695
-03.1313	-01.4807	0000.696
-03.1365	-01.4819	0000.697
-03.1401	-01.4831	0000.698
-03.1456	-01.4840	0000.699
-03.1496	-01.4859	0000.700
-03.1539	-01.4865	0000.701
-03.1585	-01.4880	0000.702
-03.1624	-01.4889	0000.703
-03.1676	-01.4901	0000.704
-03.1719	-01.4914	0000.705
-03.1762	-01.4926	0000.706
-03.1813	-01.4938	0000.707
-03.1859	-01.4950	0000.708
-03.1908	-01.4962	0000.709
-03.1936	-01.4978	0000.710
-03.1997	-01.4990	0000.711
-03.2036	-01.4996	0000.712
-03.2079	-01.5011	0000.713
-03.2128	-01.5020	0000.714
-03.2174	-01.5036	0000.715
-03.2216	-01.5048	0000.716
-03.2265	-01.5057	0000.717
-03.2302	-01.5072	0000.718
-03.2351	-01.5081	0000.719
-03.2399	-01.5094	0000.720
-03.2451	-01.5103	0000.721
-03.2488	-01.5118	0000.722
-03.2537	-01.5127	0000.723
-03.2579	-01.5133	0000.724
-03.2625	-01.5152	0000.725
-03.2668	-01.5158	0000.726
-03.2723	-01.5173	0000.727
-03.2759	-01.5185	0000.728
-03.2802	-01.5197	0000.729
-03.2845	-01.5207	0000.730
-03.2900	-01.5219	0000.731
-03.2940	-01.5228	0000.732
-03.2979	-01.5243	0000.733
-03.3025	-01.5252	0000.734
-03.3080	-01.5261	0000.735
-03.3120	-01.5274	0000.736
-03.3165	-01.5286	0000.737
-03.3211	-01.5295	0000.738
-03.3257	-01.5310	0000.739
-03.3300	-01.5323	0000.740
-03.3345	-01.5332	0000.741
-03.3385	-01.5344	0000.742
-03.3431	-01.5353	0000.743
-03.3483	-01.5365	0000.744
-03.3525	-01.5371	0000.745
-03.3568	-01.5384	0000.746
-03.3611	-01.5399	0000.747
-03.3660	-01.5408	0000.748
-03.3709	-01.5417	0000.749
-03.3745	-01.5432	0000.750
-03.3797	-01.5438	0000.751
-03.3846	-01.5454	0000.752
-03.3883	-01.5466	0000.753
-03.3931	-01.5475	0000.754
-03.3977	-01.5481	0000.755
-03.4026	-01.5496	0000.756
-03.4056	-01.5509	0000.757
-03.4114	-01.5521	0000.758
-03.4154	-01.5527	0000.759
-03.4200	-01.5542	0000.760
-03.4249	-01.5548	0000.761
-03.4288	-01.5564	0000.762
-03.4340	-01.5570	0000.763
-03.4383	-01.5582	0000.764
-03.4426	-01.5594	0000.765
-03.4472	-01.5600	0000.766
-03.4520	-01.5615	0000.767
-03.4557	-01.5628	0000.768
-03.4612	-01.5637	0000.769
-03.4652	-01.5649	0000.770
-03.4697	-01.5655	0000.771
-03.4743	-01.5670	0000.772
-03.4789	-01.5680	0000.773
-03.4832	-01.5692	0000.774
-03.4871	-01.5701	0000.775
-03.4926	-01.5707	0000.776
-03.4966	-01.5725	0000.777
-03.5009	-01.5728	0000.778
-03.5054	-01.5744	0000.779
-03.5109	-01.5750	0000.780
-03.5143	-01.5762	0000.781
-03.5192	-01.5768	0000.782
-03.5238	-01.5786	0000.783
-03.5283	-01.5792	0000.784
-03.5329	-01.5802	0000.785
-03.5369	-01.5811	0000.786
-03.5421	-01.5826	0000.787
-03.5466	-01.5832	0000.788
-03.5503	-01.5844	0000.789
-03.5552	-01.5854	0000.790
-03.5595	-01.5866	0000.791
-03.5646	-01.5872	0000.792
-03.5683	-01.5881	0000.793
-03.5729	-01.5893	0000.794
-03.5775	-01.5908	0000.795
-03.5826	-01.5915	0000.796
-03.5869	-01.5924	0000.797
-03.5918	-01.5933	0000.798
-03.5955	-01.5945	0000.799
-03.6007	-01.5954	0000.800
-03.6046	-01.5963	0000.801
-03.6095	-01.5973	0000.802
-03.6141	-01.5985	0000.803
-03.6187	-01.5988	0000.804
-03.6226	-01.5997	0000.805
-03.6272	-01.6012	0000.806
-03.6318	-01.6024	0000.807
-03.6364	-01.6027	0000.808
-03.6403	-01.6043	0000.809
-03.6452	-01.6046	0000.810
-03.6495	-01.6058	0000.811
-03.6547	-01.6067	0000.812
-03.6589	-01.6076	0000.813
-03.6635	-01.6089	0000.814
-03.6690	-01.6098	0000.815
-03.6721	-01.6104	0000.816
-03.6773	-01.6113	0000.817
-03.6809	-01.6122	0000.818
-03.6864	-01.6134	0000.819
-03.6901	-01.6143	0000.820
-03.6946	-01.6156	0000.821
-03.6998	-01.6162	0000.822
-03.7041	-01.6168	0000.823
-03.7084	-01.6177	0000.824
-03.7130	-01.6186	0000.825
-03.7178	-01.6198	0000.826
-03.7224	-01.6201	0000.827
-03.7258	-01.6214	0000.828
-03.7316	-01.6226	0000.829
-03.7352	-01.6232	0000.830
-03.7401	-01.6241	0000.831
-03.7453	-01.6250	0000.832
-03.7490	-01.6256	0000.833
-03.7542	-01.6266	0000.834
-03.7584	-01.6275	0000.835
-03.7627	-01.6281	0000.836
-03.7676	-01.6293	0000.837
-03.7719	-01.6296	0000.838
-03.7758	-01.6308	0000.839
-03.7807	-01.6320	0000.840
-03.7853	-01.6323	0000.841
-03.7896	-01.6333	0000.842
-03.7941	-01.6342	0000.843
-03.7987	-01.6351	0000.844
-03.8027	-01.6357	0000.845
-03.8088	-01.6369	0000.846
-03.8128	-01.6372	0000.847
-03.8170	-01.6381	0000.848
-03.8207	-01.6391	0000.849
-03.8253	-01.6397	0000.850
-03.8305	-01.6409	0000.851
-03.8344	-01.6418	0000.852
-03.8396	-01.6421	0000.853
-03.8442	-01.6430	0000.854
-03.8482	-01.6436	0000.855
-03.8530	-01.6446	0000.856
-03.8573	-01.6455	0000.857
-03.8619	-01.6458	0000.858
-03.8668	-01.6467	0000.859
-03.8707	-01.6476	0000.860
-03.8753	-01.6482	0000.861
-03.8808	-01.6491	0000.862
-03.8848	-01.6500	0000.863
-03.8887	-01.6510	0000.864
-03.8927	-01.6513	0000.865
-03.8979	-01.6525	0000.866
-03.9019	-01.6531	0000.867
-03.9061	-01.6531	0000.868
-03.9113	-01.6546	0000.869
-03.9159	-01.6546	0000.870
-03.9205	-01.6565	0000.871
-03.9248	-01.6571	0000.872
-03.9284	-01.6577	0000.873
-03.9339	-01.6580	0000.874
-03.9382	-01.6586	0000.875
-03.9428	-01.6595	0000.876
-03.9473	-01.6604	0000.877
-03.9519	-01.6610	0000.878
-03.9568	-01.6616	0000.879
-03.9602	-01.6620	0000.880
-03.9656	-01.6635	0000.881
-03.9702	-01.6638	0000.882
-03.9742	-01.6644	0000.883
-03.9785	-01.6653	0000.884
-03.9830	-01.6656	0000.885
-03.9879	-01.6665	0000.886
-03.9925	-01.6671	0000.887
-03.9971	-01.6674	0000.888
-04.0017	-01.6687	0000.889
-04.0059	-01.6690	0000.890
-04.0102	-01.6693	0000.891
-04.0154	-01.6705	0000.892
-04.0191	-01.6711	0000.893
-04.0242	-01.6720	0000.894
-04.0285	-01.6723	0000.895
-04.0322	-01.6729	0000.896
-04.0380	-01.6735	0000.897
-04.0422	-01.6745	0000.898
-04.0465	-01.6748	0000.899
-04.0517	-01.6751	0000.900
-04.0560	-01.6760	0000.901
-04.0593	-01.6766	0000.902
-04.0642	-01.6772	0000.903
-04.0685	-01.6775	0000.904
-04.0737	-01.6784	0000.905
-04.0780	-01.6793	0000.906
-04.0819	-01.6790	0000.907
-04.0874	-01.6806	0000.908
-04.0923	-01.6809	0000.909
-04.0960	-01.6815	0000.910
-04.1002	-01.6821	0000.911
-04.1051	-01.6824	0000.912
-04.1100	-01.6836	0000.913
-04.1149	-01.6833	0000.914
-04.1185	-01.6842	0000.915
-04.1234	-01.6848	0000.916
-04.1277	-01.6851	0000.917
-04.1329	-01.6861	0000.918
-04.1365	-01.6867	0000.919
-04.1405	-01.6867	0000.920
-04.1457	-01.6876	0000.921
-04.1503	-01.6879	0000.922
-04.1545	-01.6888	0000.923
-04.1591	-01.6897	0000.924
-04.1640	-01.6894	0000.925
-04.1686	-01.6903	0000.926
-04.1719	-01.6906	0000.927
-04.1774	-01.6909	0000.928
-04.1814	-01.6916	0000.929
-04.1863	-01.6922	0000.930
-04.1903	-01.6925	0000.931
-04.1951	-01.6931	0000.932
-04.1997	-01.6934	0000.933
-04.2049	-01.6943	0000.934
-04.2086	-01.6949	0000.935
-04.2141	-01.6955	0000.936
-04.2177	-01.6961	0000.937
-04.2229	-01.6961	0000.938
-04.2266	-01.6967	0000.939
-04.2305	-01.6970	0000.940
-04.2360	-01.6977	0000.941
-04.2397	-01.6983	0000.942
-04.2443	-01.6983	0000.943
-04.2492	-01.6989	0000.944
-04.2531	-01.6995	0000.945
-04.2580	-01.6995	0000.946
-04.2629	-01.7004	0000.947
-04.2678	-01.7007	0000.948
-04.2723	-01.7013	0000.949
-04.2757	-01.7016	0000.950
-04.2809	-01.7025	0000.951
-04.2855	-01.7028	0000.952
-04.2897	-01.7031	0000.953
-04.2943	-01.7038	0000.954
-04.2986	-01.7041	0000.955
-04.3041	-01.7044	0000.956
-04.3084	-01.7044	0000.957
-04.3123	-01.7053	0000.958
-04.3172	-01.7059	0000.959
-04.3212	-01.7059	0000.960
-04.3264	-01.7065	0000.961
-04.3300	-01.7071	0000.962
-04.3343	-01.7074	0000.963
-04.3401	-01.7077	0000.964
-04.3435	-01.7086	0000.965
-04.3486	-01.7086	0000.966
-04.3523	-01.7086	0000.967
-04.3581	-01.7093	0000.968
-04.3621	-01.7099	0000.969
-04.3666	-01.7105	0000.970
-04.3712	-01.7111	0000.971
-04.3758	-01.7108	0000.972
-04.3804	-01.7117	0000.973
-04.3843	-01.7117	0000.974
-04.3889	-01.7123	0000.975
-04.3932	-01.7126	0000.976
-04.3984	-01.7132	0000.977
-04.4027	-01.7135	0000.978
-04.4072	-01.7138	0000.979
-04.4109	-01.7144	0000.980
-04.4155	-01.7147	0000.981
-04.4204	-01.7151	0000.982
-04.4246	-01.7160	0000.983
-04.4301	-01.7160	0000.984
-04.4344	-01.7160	0000.985
-04.4384	-01.7166	0000.986
-04.4432	-01.7169	0000.987
-04.4475	-01.7175	0000.988
-04.4518	-01.7175	0000.989
-04.4564	-01.7181	0000.990
-04.4613	-01.7184	0000.991
-04.4664	-01.7190	0000.992
-04.4710	-01.7190	0000.993
-04.4756	-01.7196	0000.994
-04.4783	-01.7199	0000.995
-04.4841	-01.7199	0000.996
-04.4881	-01.7205	0000.997
-04.4930	-01.7208	0000.998
-04.4973	-01.7212	0000.999
-04.5021	-01.7215	0001.000
-04.5064	-01.7221	0001.001
-04.5021	-01.7218	0001.002
-04.4973	-01.7227	0001.003
-04.4930	-01.7227	0001.004
-04.4890	-01.7224	0001.005
-04.4841	-01.7230	0001.006
-04.4796	-01.7227	0001.007
-04.4759	-01.7230	0001.008
-04.4707	-01.7233	0001.009
-04.4664	-01.7230	0001.010
-04.4616	-01.7236	0001.011
-04.4570	-01.7236	0001.012
-04.4527	-01.7239	0001.013
-04.4484	-01.7236	0001.014
-04.4429	-01.7239	0001.015
-04.4393	-01.7236	0001.016
-04.4347	-01.7242	0001.017
-04.4301	-01.7245	0001.018
-04.4249	-01.7242	0001.019
-04.4207	-01.7245	0001.020
-04.4158	-01.7245	0001.021
-04.4124	-01.7245	0001.022
-04.4066	-01.7245	0001.023
-04.4027	-01.7248	0001.024
-04.3978	-01.7248	0001.025
-04.3950	-01.7251	0001.026
-04.3895	-01.7248	0001.027
-04.3843	-01.7251	0001.028
-04.3807	-01.7251	0001.029
-04.3755	-01.7251	0001.030
-04.3709	-01.7254	0001.031
-04.3660	-01.7251	0001.032
-04.3627	-01.7257	0001.033
-04.3581	-01.7254	0001.034
-04.3532	-01.7257	0001.035
-04.3483	-01.7251	0001.036
-04.3447	-01.7254	0001.037
-04.3398	-01.7257	0001.038
-04.3349	-01.7260	0001.039
-04.3300	-01.7257	0001.040
-04.3261	-01.7260	0001.041
-04.3212	-01.7257	0001.042
-04.3163	-01.7260	0001.043
-04.3126	-01.7260	0001.044
-04.3084	-01.7257	0001.045
-04.3032	-01.7260	0001.046
-04.2989	-01.7263	0001.047
-04.2946	-01.7260	0001.048
-04.2904	-01.7263	0001.049
-04.2858	-01.7263	0001.050
-04.2806	-01.7263	0001.051
-04.2772	-01.7260	0001.052
-04.2723	-01.7260	0001.053
-04.2675	-01.7263	0001.054
-04.2635	-01.7263	0001.055
-04.2589	-01.7263	0001.056
-04.2543	-01.7263	0001.057
-04.2492	-01.7263	0001.058
-04.2452	-01.7266	0001.059
-04.2403	-01.7263	0001.060
-04.2360	-01.7266	0001.061
-04.2315	-01.7263	0001.062
-04.2272	-01.7266	0001.063
-04.2229	-01.7263	0001.064
-04.2180	-01.7263	0001.065
-04.2138	-01.7263	0001.066
-04.2092	-01.7266	0001.067
-04.2049	-01.7266	0001.068
-04.2003	-01.7266	0001.069
-04.1954	-01.7266	0001.070
-04.1909	-01.7266	0001.071
-04.1869	-01.7270	0001.072
-04.1820	-01.7263	0001.073
-04.1774	-01.7266	0001.074
-04.1741	-01.7266	0001.075
-04.1689	-01.7266	0001.076
-04.1643	-01.7270	0001.077
-04.1597	-01.7266	0001.078
-04.1549	-01.7266	0001.079
-04.1506	-01.7266	0001.080
-04.1469	-01.7270	0001.081
-04.1414	-01.7266	0001.082
-04.1375	-01.7266	0001.083
-04.1326	-01.7266	0001.084
-04.1286	-01.7263	0001.085
-04.1237	-01.7266	0001.086
-04.1185	-01.7266	0001.087
-04.1140	-01.7266	0001.088
-04.1109	-01.7270	0001.089
-04.1057	-01.7266	0001.090
-04.1011	-01.7266	0001.091
-04.0969	-01.7266	0001.092
-04.0923	-01.7263	0001.093
-04.0874	-01.7266	0001.094
-04.0828	-01.7263	0001.095
-04.0786	-01.7263	0001.096
-04.0743	-01.7266	0001.097
-04.0691	-01.7266	0001.098
-04.0639	-01.7266	0001.099
-04.0602	-01.7270	0001.100
-04.0563	-01.7263	0001.101
-04.0514	-01.7263	0001.102
-04.0462	-01.7263	0001.103
-04.0425	-01.7263	0001.104
-04.0374	-01.7260	0001.105
-04.0328	-01.7266	0001.106
-04.0285	-01.7266	0001.107
-04.0236	-01.7260	0001.108
-04.0200	-01.7263	0001.109
-04.0154	-01.7263	0001.110
-04.0102	-01.7263	0001.111
-04.0056	-01.7260	0001.112
-04.0014	-01.7263	0001.113
-03.9974	-01.7263	0001.114
-03.9925	-01.7260	0001.115
-03.9879	-01.7260	0001.116
-03.9843	-01.7260	0001.117
-03.9794	-01.7260	0001.118
-03.9751	-01.7260	0001.119
-03.9705	-01.7257	0001.120
-03.9666	-01.7263	0001.121
-03.9614	-01.7257	0001.122
-03.9565	-01.7254	0001.123
-03.9525	-01.7260	0001.124
-03.9476	-01.7257	0001.125
-03.9425	-01.7257	0001.126
-03.9394	-01.7257	0001.127
-03.9345	-01.7254	0001.128
-03.9299	-01.7260	0001.129
-03.9248	-01.7260	0001.130
-03.9202	-01.7254	0001.131
-03.9162	-01.7257	0001.132
-03.9116	-01.7254	0001.133
-03.9074	-01.7254	0001.134
-03.9025	-01.7254	0001.135
-03.8982	-01.7251	0001.136
-03.8939	-01.7254	0001.137
-03.8894	-01.7257	0001.138
-03.8848	-01.7251	0001.139
-03.8796	-01.7257	0001.140
-03.8759	-01.7251	0001.141
-03.8707	-01.7254	0001.142
-03.8671	-01.7251	0001.143
-03.8622	-01.7254	0001.144
-03.8576	-01.7251	0001.145
-03.8530	-01.7248	0001.146
-03.8485	-01.7251	0001.147
-03.8442	-01.7248	0001.148
-03.8393	-01.7251	0001.149
-03.8350	-01.7248	0001.150
-03.8311	-01.7251	0001.151
-03.8259	-01.7242	0001.152
-03.8216	-01.7248	0001.153
-03.8170	-01.7245	0001.154
-03.8124	-01.7245	0001.155
-03.8088	-01.7248	0001.156
-03.8030	-01.7242	0001.157
-03.7990	-01.7245	0001.158
-03.7947	-01.7245	0001.159
-03.7905	-01.7242	0001.160
-03.7850	-01.7245	0001.161
-03.7810	-01.7239	0001.162
-03.7764	-01.7239	0001.163
-03.7722	-01.7239	0001.164
-03.7679	-01.7239	0001.165
-03.7630	-01.7236	0001.166
-03.7590	-01.7239	0001.167
-03.7542	-01.7236	0001.168
-03.7496	-01.7239	0001.169
-03.7447	-01.7236	0001.170
-03.7401	-01.7239	0001.171
-03.7352	-01.7236	0001.172
-03.7310	-01.7236	0001.173
-03.7267	-01.7236	0001.174
-03.7224	-01.7236	0001.175
-03.7178	-01.7236	0001.176
-03.7136	-01.7233	0001.177
-03.7087	-01.7230	0001.178
-03.7041	-01.7233	0001.179
-03.6992	-01.7230	0001.180
-03.6950	-01.7230	0001.181
-03.6901	-01.7227	0001.182
-03.6861	-01.7230	0001.183
-03.6815	-01.7227	0001.184
-03.6769	-01.7227	0001.185
-03.6727	-01.7224	0001.186
-03.6681	-01.7230	0001.187
-03.6638	-01.7227	0001.188
-03.6592	-01.7227	0001.189
-03.6550	-01.7224	0001.190
-03.6507	-01.7221	0001.191
-03.6461	-01.7227	0001.192
-03.6406	-01.7224	0001.193
-03.6373	-01.7227	0001.194
-03.6321	-01.7221	0001.195
-03.6278	-01.7221	0001.196
-03.6226	-01.7218	0001.197
-03.6187	-01.7218	0001.198
-03.6141	-01.7221	0001.199
-03.6092	-01.7218	0001.200
-03.6049	-01.7218	0001.201
-03.6010	-01.7221	0001.202
-03.5958	-01.7221	0001.203
-03.5921	-01.7212	0001.204
-03.5878	-01.7215	0001.205
-03.5839	-01.7212	0001.206
-03.5772	-01.7215	0001.207
-03.5741	-01.7208	0001.208
-03.5692	-01.7212	0001.209
-03.5649	-01.7208	0001.210
-03.5604	-01.7212	0001.211
-03.5558	-01.7208	0001.212
-03.5509	-01.7208	0001.213
-03.5469	-01.7208	0001.214
-03.5421	-01.7208	0001.215
-03.5378	-01.7208	0001.216
-03.5335	-01.7205	0001.217
-03.5286	-01.7205	0001.218
-03.5244	-01.7202	0001.219
-03.5195	-01.7205	0001.220
-03.5152	-01.7208	0001.221
-03.5097	-01.7205	0001.222
-03.5061	-01.7202	0001.223
-03.5009	-01.7202	0001.224
-03.4972	-01.7196	0001.225
-03.4926	-01.7199	0001.226
-03.4874	-01.7199	0001.227
-03.4841	-01.7199	0001.228
-03.4795	-01.7199	0001.229
-03.4746	-01.7193	0001.230
-03.4707	-01.7199	0001.231
-03.4652	-01.7199	0001.232
-03.4612	-01.7193	0001.233
-03.4563	-01.7193	0001.234
-03.4520	-01.7190	0001.235
-03.4472	-01.7190	0001.236
-03.4429	-01.7190	0001.237
-03.4383	-01.7190	0001.238
-03.4337	-01.7187	0001.239
-03.4298	-01.7193	0001.240
-03.4243	-01.7190	0001.241
-03.4200	-01.7187	0001.242
-03.4160	-01.7187	0001.243
-03.4108	-01.7184	0001.244
-03.4069	-01.7187	0001.245
-03.4023	-01.7184	0001.246
-03.3977	-01.7184	0001.247
-03.3928	-01.7184	0001.248
-03.3883	-01.7181	0001.249
-03.3846	-01.7181	0001.250
-03.3800	-01.7178	0001.251
-03.3751	-01.7178	0001.252
-03.3709	-01.7178	0001.253
-03.3663	-01.7178	0001.254
-03.3620	-01.7178	0001.255
-03.3568	-01.7175	0001.256
-03.3529	-01.7178	0001.257
-03.3486	-01.7172	0001.258
-03.3440	-01.7172	0001.259
-03.3388	-01.7172	0001.260
-03.3355	-01.7172	0001.261
-03.3303	-01.7169	0001.262
-03.3257	-01.7166	0001.263
-03.3214	-01.7169	0001.264
-03.3162	-01.7163	0001.265
-03.3117	-01.7166	0001.266
-03.3068	-01.7169	0001.267
-03.3031	-01.7166	0001.268
-03.2985	-01.7166	0001.269
-03.2940	-01.7163	0001.270
-03.2897	-01.7160	0001.271
-03.2851	-01.7160	0001.272
-03.2811	-01.7157	0001.273
-03.2759	-01.7160	0001.274
-03.2714	-01.7160	0001.275
-03.2668	-01.7157	0001.276
-03.2625	-01.7157	0001.277
-03.2582	-01.7163	0001.278
-03.2537	-01.7154	0001.279
-03.2491	-01.7157	0001.280
-03.2445	-01.7151	0001.281
-03.2399	-01.7154	0001.282
-03.2357	-01.7147	0001.283
-03.2308	-01.7151	0001.284
-03.2265	-01.7151	0001.285
-03.2222	-01.7144	0001.286
-03.2170	-01.7147	0001.287
-03.2128	-01.7144	0001.288
-03.2091	-01.7147	0001.289
-03.2039	-01.7144	0001.290
-03.1997	-01.7144	0001.291
-03.1951	-01.7141	0001.292
-03.1905	-01.7138	0001.293
-03.1862	-01.7141	0001.294
-03.1810	-01.7141	0001.295
-03.1765	-01.7138	0001.296
-03.1725	-01.7138	0001.297
-03.1679	-01.7141	0001.298
-03.1633	-01.7135	0001.299
-03.1585	-01.7132	0001.300
-03.1548	-01.7135	0001.301
-03.1502	-01.7135	0001.302
-03.1450	-01.7129	0001.303
-03.1405	-01.7129	0001.304
-03.1371	-01.7132	0001.305
-03.1316	-01.7126	0001.306
-03.1276	-01.7129	0001.307
-03.1237	-01.7132	0001.308
-03.1188	-01.7126	0001.309
-03.1142	-01.7126	0001.310
-03.1093	-01.7126	0001.311
-03.1047	-01.7123	0001.312
-03.1002	-01.7123	0001.313
-03.0959	-01.7120	0001.314
-03.0919	-01.7117	0001.315
-03.0867	-01.7120	0001.316
-03.0825	-01.7117	0001.317
-03.0782	-01.7117	0001.318
-03.0733	-01.7120	0001.319
-03.0687	-01.7117	0001.320
-03.0645	-01.7114	0001.321
-03.0599	-01.7114	0001.322
-03.0556	-01.7114	0001.323
-03.0510	-01.7111	0001.324
-03.0465	-01.7114	0001.325
-03.0422	-01.7111	0001.326
-03.0367	-01.7108	0001.327
-03.0333	-01.7108	0001.328
-03.0281	-01.7111	0001.329
-03.0239	-01.7105	0001.330
-03.0193	-01.7108	0001.331
-03.0147	-01.7102	0001.332
-03.0104	-01.7105	0001.333
-03.0053	-01.7102	0001.334
-03.0010	-01.7099	0001.335
-02.9970	-01.7099	0001.336
-02.9921	-01.7099	0001.337
-02.9879	-01.7096	0001.338
-02.9830	-01.7099	0001.339
-02.9790	-01.7096	0001.340
-02.9738	-01.7093	0001.341
-02.9696	-01.7093	0001.342
-02.9653	-01.7089	0001.343
-02.9610	-01.7093	0001.344
-02.9561	-01.7089	0001.345
-02.9522	-01.7089	0001.346
-02.9470	-01.7089	0001.347
-02.9430	-01.7083	0001.348
-02.9384	-01.7083	0001.349
-02.9332	-01.7083	0001.350
-02.9290	-01.7086	0001.351
-02.9241	-01.7083	0001.352
-02.9201	-01.7083	0001.353
-02.9152	-01.7077	0001.354
-02.9110	-01.7080	0001.355
-02.9073	-01.7074	0001.356
-02.9021	-01.7074	0001.357
-02.8981	-01.7074	0001.358
-02.8933	-01.7071	0001.359
-02.8887	-01.7074	0001.360
-02.8844	-01.7074	0001.361
-02.8795	-01.7071	0001.362
-02.8749	-01.7068	0001.363
-02.8707	-01.7071	0001.364
-02.8661	-01.7062	0001.365
-02.8615	-01.7065	0001.366
-02.8569	-01.7068	0001.367
-02.8527	-01.7065	0001.368
-02.8481	-01.7062	0001.369
-02.8435	-01.7062	0001.370
-02.8383	-01.7059	0001.371
-02.8350	-01.7056	0001.372
-02.8301	-01.7056	0001.373
-02.8258	-01.7056	0001.374
-02.8206	-01.7053	0001.375
-02.8170	-01.7053	0001.376
-02.8118	-01.7053	0001.377
-02.8072	-01.7056	0001.378
-02.8032	-01.7050	0001.379
-02.7987	-01.7050	0001.380
-02.7941	-01.7050	0001.381
-02.7898	-01.7044	0001.382
-02.7849	-01.7047	0001.383
-02.7806	-01.7044	0001.384
-02.7755	-01.7044	0001.385
-02.7715	-01.7044	0001.386
-02.7678	-01.7044	0001.387
-02.7626	-01.7038	0001.388
-02.7581	-01.7035	0001.389
-02.7532	-01.7041	0001.390
-02.7489	-01.7035	0001.391
-02.7446	-01.7031	0001.392
-02.7407	-01.7031	0001.393
-02.7355	-01.7035	0001.394
-02.7309	-01.7035	0001.395
-02.7266	-01.7035	0001.396
-02.7221	-01.7028	0001.397
-02.7172	-01.7031	0001.398
-02.7129	-01.7025	0001.399
-02.7086	-01.7025	0001.400
-02.7037	-01.7022	0001.401
-02.6989	-01.7028	0001.402
-02.6952	-01.7022	0001.403
-02.6906	-01.7019	0001.404
-02.6854	-01.7019	0001.405
-02.6812	-01.7013	0001.406
-02.6766	-01.7019	0001.407
-02.6726	-01.7016	0001.408
-02.6674	-01.7016	0001.409
-02.6632	-01.7013	0001.410
-02.6592	-01.7010	0001.411
-02.6546	-01.7013	0001.412
-02.6500	-01.7007	0001.413
-02.6451	-01.7007	0001.414
-02.6409	-01.7007	0001.415
-02.6363	-01.7004	0001.416
-02.6317	-01.7004	0001.417
-02.6271	-01.7001	0001.418
-02.6226	-01.7001	0001.419
-02.6180	-01.7001	0001.420
-02.6134	-01.6998	0001.421
-02.6085	-01.6998	0001.422
-02.6052	-01.6995	0001.423
-02.6006	-01.6995	0001.424
-02.5954	-01.6995	0001.425
-02.5914	-01.6995	0001.426
-02.5869	-01.6986	0001.427
-02.5823	-01.6989	0001.428
-02.5777	-01.6986	0001.429
-02.5731	-01.6986	0001.430
-02.5689	-01.6983	0001.431
-02.5643	-01.6986	0001.432
-02.5594	-01.6986	0001.433
-02.5551	-01.6983	0001.434
-02.5512	-01.6980	0001.435
-02.5466	-01.6980	0001.436
-02.5411	-01.6977	0001.437
-02.5371	-01.6974	0001.438
-02.5325	-01.6977	0001.439
-02.5283	-01.6974	0001.440
-02.5234	-01.6977	0001.441
-02.5191	-01.6970	0001.442
-02.5151	-01.6967	0001.443
-02.5100	-01.6970	0001.444
-02.5057	-01.6970	0001.445
-02.5011	-01.6964	0001.446
-02.4968	-01.6964	0001.447
-02.4913	-01.6964	0001.448
-02.4877	-01.6961	0001.449
-02.4831	-01.6964	0001.450
-02.4782	-01.6958	0001.451
-02.4743	-01.6958	0001.452
-02.4691	-01.6952	0001.453
-02.4657	-01.6958	0001.454
-02.4605	-01.6955	0001.455
-02.4562	-01.6955	0001.456
-02.4514	-01.6952	0001.457
-02.4465	-01.6952	0001.458
-02.4428	-01.6943	0001.459
-02.4376	-01.6946	0001.460
-02.4337	-01.6940	0001.461
-02.4294	-01.6943	0001.462
-02.4245	-01.6940	0001.463
-02.4205	-01.6937	0001.464
-02.4157	-01.6937	0001.465
-02.4108	-01.6940	0001.466
-02.4065	-01.6937	0001.467
-02.4019	-01.6934	0001.468
-02.3973	-01.6931	0001.469
-02.3928	-01.6928	0001.470
-02.3888	-01.6928	0001.471
-02.3839	-01.6931	0001.472
-02.3793	-01.6925	0001.473
-02.3754	-01.6925	0001.474
-02.3705	-01.6925	0001.475
-02.3656	-01.6922	0001.476
-02.3610	-01.6922	0001.477
-02.3571	-01.6919	0001.478
-02.3525	-01.6919	0001.479
-02.3482	-01.6916	0001.480
-02.3433	-01.6912	0001.481
-02.3391	-01.6912	0001.482
-02.3342	-01.6912	0001.483
-02.3299	-01.6909	0001.484
-02.3259	-01.6909	0001.485
-02.3217	-01.6906	0001.486
-02.3168	-01.6903	0001.487
-02.3119	-01.6903	0001.488
-02.3076	-01.6903	0001.489
-02.3030	-01.6900	0001.490
-02.2988	-01.6897	0001.491
-02.2936	-01.6897	0001.492
-02.2890	-01.6894	0001.493
-02.2853	-01.6897	0001.494
-02.2805	-01.6891	0001.495
-02.2759	-01.6888	0001.496
-02.2713	-01.6891	0001.497
-02.2670	-01.6888	0001.498
-02.2622	-01.6888	0001.499
-02.2573	-01.6885	0001.500
-02.2530	-01.6879	0001.501
-02.2487	-01.6879	0001.502
-02.2445	-01.6879	0001.503
-02.2399	-01.6879	0001.504
-02.2356	-01.6876	0001.505
-02.2310	-01.6873	0001.506
-02.2264	-01.6873	0001.507
-02.2216	-01.6873	0001.508
-02.2170	-01.6870	0001.509
-02.2127	-01.6867	0001.510
-02.2078	-01.6867	0001.511
-02.2036	-01.6864	0001.512
-02.1993	-01.6864	0001.513
-02.1950	-01.6867	0001.514
-02.1901	-01.6858	0001.515
-02.1862	-01.6858	0001.516
-02.1816	-01.6858	0001.517
-02.1761	-01.6854	0001.518
-02.1721	-01.6854	0001.519
-02.1672	-01.6848	0001.520
-02.1633	-01.6848	0001.521
-02.1587	-01.6848	0001.522
-02.1541	-01.6845	0001.523
-02.1502	-01.6842	0001.524
-02.1453	-01.6842	0001.525
-02.1410	-01.6839	0001.526
-02.1358	-01.6839	0001.527
-02.1312	-01.6836	0001.528
-02.1273	-01.6833	0001.529
-02.1230	-01.6833	0001.530
-02.1178	-01.6833	0001.531
-02.1132	-01.6833	0001.532
-02.1090	-01.6827	0001.533
-02.1044	-01.6824	0001.534
-02.1001	-01.6821	0001.535
-02.0952	-01.6818	0001.536
-02.0913	-01.6821	0001.537
-02.0870	-01.6818	0001.538
-02.0824	-01.6815	0001.539
-02.0769	-01.6815	0001.540
-02.0733	-01.6812	0001.541
-02.0684	-01.6809	0001.542
-02.0644	-01.6809	0001.543
-02.0595	-01.6809	0001.544
-02.0549	-01.6806	0001.545
-02.0507	-01.6800	0001.546
-02.0455	-01.6803	0001.547
-02.0412	-01.6797	0001.548
-02.0372	-01.6800	0001.549
-02.0327	-01.6797	0001.550
-02.0281	-01.6793	0001.551
-02.0232	-01.6793	0001.552
-02.0189	-01.6787	0001.553
-02.0137	-01.6787	0001.554
-02.0098	-01.6784	0001.555
-02.0055	-01.6784	0001.556
-02.0009	-01.6781	0001.557
-01.9967	-01.6778	0001.558
-01.9918	-01.6781	0001.559
-01.9869	-01.6772	0001.560
-01.9832	-01.6778	0001.561
-01.9790	-01.6772	0001.562
-01.9738	-01.6772	0001.563
-01.9698	-01.6772	0001.564
-01.9649	-01.6766	0001.565
-01.9606	-01.6766	0001.566
-01.9558	-01.6763	0001.567
-01.9515	-01.6760	0001.568
-01.9469	-01.6760	0001.569
-01.9426	-01.6754	0001.570
-01.9374	-01.6754	0001.571
-01.9332	-01.6754	0001.572
-01.9289	-01.6748	0001.573
-01.9243	-01.6748	0001.574
-01.9197	-01.6745	0001.575
-01.9155	-01.6742	0001.576
-01.9115	-01.6742	0001.577
-01.9066	-01.6739	0001.578
-01.9020	-01.6735	0001.579
-01.8972	-01.6735	0001.580
-01.8929	-01.6732	0001.581
-01.8886	-01.6729	0001.582
-01.8840	-01.6726	0001.583
-01.8795	-01.6726	0001.584
-01.8749	-01.6723	0001.585
-01.8703	-01.6723	0001.586
-01.8660	-01.6720	0001.587
-01.8618	-01.6720	0001.588
-01.8566	-01.6714	0001.589
-01.8520	-01.6714	0001.590
-01.8477	-01.6708	0001.591
-01.8435	-01.6705	0001.592
-01.8389	-01.6708	0001.593
-01.8343	-01.6702	0001.594
-01.8297	-01.6696	0001.595
-01.8254	-01.6699	0001.596
-01.8209	-01.6693	0001.597
-01.8160	-01.6693	0001.598
-01.8114	-01.6687	0001.599
-01.8068	-01.6693	0001.600
-01.8026	-01.6687	0001.601
-01.7980	-01.6684	0001.602
-01.7937	-01.6681	0001.603
-01.7897	-01.6681	0001.604
-01.7849	-01.6674	0001.605
-01.7800	-01.6677	0001.606
-01.7754	-01.6671	0001.607
-01.7711	-01.6665	0001.608
-01.7669	-01.6665	0001.609
-01.7623	-01.6665	0001.610
-01.7574	-01.6665	0001.611
-01.7531	-01.6659	0001.612
-01.7492	-01.6656	0001.613
-01.7443	-01.6653	0001.614
-01.7397	-01.6653	0001.615
-01.7354	-01.6650	0001.616
-01.7305	-01.6647	0001.617
-01.7260	-01.6644	0001.618
-01.7211	-01.6641	0001.619
-01.7171	-01.6638	0001.620
-01.7125	-01.6635	0001.621
-01.7080	-01.6635	0001.622
-01.7034	-01.6635	0001.623
-01.6991	-01.6632	0001.624
-01.6942	-01.6623	0001.625
-01.6899	-01.6623	0001.626
-01.6854	-01.6623	0001.627
-01.6811	-01.6616	0001.628
-01.6771	-01.6610	0001.629
-01.6716	-01.6613	0001.630
-01.6680	-01.6610	0001.631
-01.6634	-01.6610	0001.632
-01.6582	-01.6610	0001.633
-01.6542	-01.6604	0001.634
-01.6497	-01.6601	0001.635
-01.6451	-01.6598	0001.636
-01.6405	-01.6592	0001.637
-01.6356	-01.6595	0001.638
-01.6314	-01.6589	0001.639
-01.6268	-01.6586	0001.640
-01.6222	-01.6589	0001.641
-01.6182	-01.6580	0001.642
-01.6140	-01.6580	0001.643
-01.6088	-01.6574	0001.644
-01.6042	-01.6571	0001.645
-01.5993	-01.6571	0001.646
-01.5953	-01.6565	0001.647
-01.5911	-01.6565	0001.648
-01.5862	-01.6562	0001.649
-01.5816	-01.6562	0001.650
-01.5776	-01.6558	0001.651
-01.5731	-01.6552	0001.652
-01.5682	-01.6552	0001.653
-01.5636	-01.6546	0001.654
-01.5590	-01.6546	0001.655
-01.5551	-01.6540	0001.656
-01.5499	-01.6540	0001.657
-01.5456	-01.6534	0001.658
-01.5410	-01.6531	0001.659
-01.5371	-01.6531	0001.660
-01.5319	-01.6525	0001.661
-01.5279	-01.6528	0001.662
-01.5233	-01.6519	0001.663
-01.5187	-01.6519	0001.664
-01.5139	-01.6513	0001.665
-01.5102	-01.6513	0001.666
-01.5053	-01.6507	0001.667
-01.5004	-01.6504	0001.668
-01.4965	-01.6500	0001.669
-01.4913	-01.6497	0001.670
-01.4870	-01.6497	0001.671
-01.4830	-01.6488	0001.672
-01.4779	-01.6488	0001.673
-01.4739	-01.6482	0001.674
-01.4687	-01.6479	0001.675
-01.4650	-01.6482	0001.676
-01.4602	-01.6476	0001.677
-01.4553	-01.6470	0001.678
-01.4510	-01.6470	0001.679
-01.4467	-01.6467	0001.680
-01.4418	-01.6467	0001.681
-01.4373	-01.6458	0001.682
-01.4330	-01.6455	0001.683
-01.4287	-01.6455	0001.684
-01.4238	-01.6449	0001.685
-01.4190	-01.6443	0001.686
-01.4150	-01.6439	0001.687
-01.4107	-01.6439	0001.688
-01.4061	-01.6436	0001.689
-01.4019	-01.6430	0001.690
-01.3973	-01.6427	0001.691
-01.3927	-01.6427	0001.692
-01.3878	-01.6418	0001.693
-01.3836	-01.6415	0001.694
-01.3790	-01.6415	0001.695
-01.3747	-01.6412	0001.696
-01.3698	-01.6403	0001.697
-01.3655	-01.6403	0001.698
-01.3607	-01.6400	0001.699
-01.3564	-01.6397	0001.700
-01.3521	-01.6391	0001.701
-01.3475	-01.6388	0001.702
-01.3430	-01.6388	0001.703
-01.3387	-01.6378	0001.704
-01.3341	-01.6378	0001.705
-01.3295	-01.6372	0001.706
-01.3253	-01.6366	0001.707
-01.3207	-01.6366	0001.708
-01.3161	-01.6363	0001.709
-01.3115	-01.6357	0001.710
-01.3070	-01.6357	0001.711
-01.3027	-01.6354	0001.712
-01.2978	-01.6348	0001.713
-01.2938	-01.6342	0001.714
-01.2889	-01.6336	0001.715
-01.2841	-01.6336	0001.716
-01.2801	-01.6330	0001.717
-01.2755	-01.6323	0001.718
-01.2706	-01.6320	0001.719
-01.2664	-01.6317	0001.720
-01.2618	-01.6314	0001.721
-01.2578	-01.6308	0001.722
-01.2532	-01.6308	0001.723
-01.2484	-01.6305	0001.724
-01.2438	-01.6299	0001.725
-01.2395	-01.6296	0001.726
-01.2343	-01.6290	0001.727
-01.2300	-01.6284	0001.728
-01.2258	-01.6284	0001.729
-01.2212	-01.6275	0001.730
-01.2169	-01.6272	0001.731
-01.2117	-01.6269	0001.732
-01.2081	-01.6266	0001.733
-01.2038	-01.6256	0001.734
-01.1986	-01.6256	0001.735
-01.1940	-01.6253	0001.736
-01.1898	-01.6250	0001.737
-01.1855	-01.6244	0001.738
-01.1809	-01.6238	0001.739
-01.1754	-01.6238	0001.740
-01.1718	-01.6229	0001.741
-01.1669	-01.6223	0001.742
-01.1626	-01.6220	0001.743
-01.1577	-01.6214	0001.744
-01.1531	-01.6214	0001.745
-01.1495	-01.6208	0001.746
-01.1449	-01.6204	0001.747
-01.1400	-01.6198	0001.748
-01.1358	-01.6189	0001.749
-01.1309	-01.6186	0001.750
-01.1266	-01.6183	0001.751
-01.1223	-01.6180	0001.752
-01.1181	-01.6174	0001.753
-01.1135	-01.6171	0001.754
-01.1083	-01.6162	0001.755
-01.1040	-01.6159	0001.756
-01.0997	-01.6156	0001.757
-01.0955	-01.6153	0001.758
-01.0912	-01.6146	0001.759
-01.0857	-01.6140	0001.760
-01.0814	-01.6137	0001.761
-01.0769	-01.6128	0001.762
-01.0726	-01.6125	0001.763
-01.0677	-01.6128	0001.764
-01.0637	-01.6116	0001.765
-01.0595	-01.6110	0001.766
-01.0549	-01.6107	0001.767
-01.0503	-01.6101	0001.768
-01.0457	-01.6098	0001.769
-01.0411	-01.6092	0001.770
-01.0366	-01.6085	0001.771
-01.0320	-01.6079	0001.772
-01.0277	-01.6076	0001.773
-01.0231	-01.6073	0001.774
-01.0183	-01.6067	0001.775
-01.0143	-01.6061	0001.776
-01.0097	-01.6055	0001.777
-01.0051	-01.6049	0001.778
-00.9999	-01.6043	0001.779
-00.9960	-01.6037	0001.780
-00.9914	-01.6031	0001.781
-00.9871	-01.6024	0001.782
-00.9826	-01.6024	0001.783
-00.9786	-01.6015	0001.784
-00.9737	-01.6009	0001.785
-00.9688	-01.6006	0001.786
-00.9645	-01.5997	0001.787
-00.9597	-01.5997	0001.788
-00.9557	-01.5988	0001.789
-00.9511	-01.5985	0001.790
-00.9468	-01.5979	0001.791
-00.9417	-01.5973	0001.792
-00.9374	-01.5963	0001.793
-00.9328	-01.5957	0001.794
-00.9285	-01.5954	0001.795
-00.9237	-01.5951	0001.796
-00.9194	-01.5945	0001.797
-00.9151	-01.5936	0001.798
-00.9105	-01.5933	0001.799
-00.9053	-01.5921	0001.800
-00.9020	-01.5921	0001.801
-00.8971	-01.5915	0001.802
-00.8925	-01.5908	0001.803
-00.8879	-01.5902	0001.804
-00.8834	-01.5896	0001.805
-00.8788	-01.5890	0001.806
-00.8742	-01.5881	0001.807
-00.8693	-01.5878	0001.808
-00.8657	-01.5869	0001.809
-00.8608	-01.5866	0001.810
-00.8565	-01.5863	0001.811
-00.8516	-01.5854	0001.812
-00.8474	-01.5847	0001.813
-00.8428	-01.5838	0001.814
-00.8382	-01.5838	0001.815
-00.8336	-01.5826	0001.816
-00.8290	-01.5823	0001.817
-00.8248	-01.5814	0001.818
-00.8202	-01.5808	0001.819
-00.8156	-01.5802	0001.820
-00.8113	-01.5796	0001.821
-00.8068	-01.5789	0001.822
-00.8025	-01.5780	0001.823
-00.7982	-01.5774	0001.824
-00.7936	-01.5771	0001.825
-00.7885	-01.5762	0001.826
-00.7839	-01.5756	0001.827
-00.7802	-01.5750	0001.828
-00.7750	-01.5744	0001.829
-00.7711	-01.5738	0001.830
-00.7662	-01.5728	0001.831
-00.7616	-01.5722	0001.832
-00.7573	-01.5716	0001.833
-00.7524	-01.5707	0001.834
-00.7482	-01.5701	0001.835
-00.7433	-01.5698	0001.836
-00.7393	-01.5686	0001.837
-00.7344	-01.5680	0001.838
-00.7299	-01.5673	0001.839
-00.7259	-01.5664	0001.840
-00.7210	-01.5661	0001.841
-00.7167	-01.5655	0001.842
-00.7119	-01.5646	0001.843
-00.7076	-01.5637	0001.844
-00.7033	-01.5628	0001.845
-00.6990	-01.5622	0001.846
-00.6942	-01.5612	0001.847
-00.6902	-01.5606	0001.848
-00.6850	-01.5603	0001.849
-00.6804	-01.5591	0001.850
-00.6759	-01.5585	0001.851
-00.6716	-01.5579	0001.852
-00.6670	-01.5570	0001.853
-00.6624	-01.5561	0001.854
-00.6582	-01.5554	0001.855
-00.6536	-01.5548	0001.856
-00.6493	-01.5539	0001.857
-00.6441	-01.5533	0001.858
-00.6401	-01.5524	0001.859
-00.6353	-01.5512	0001.860
-00.6307	-01.5512	0001.861
-00.6264	-01.5496	0001.862
-00.6221	-01.5493	0001.863
-00.6173	-01.5481	0001.864
-00.6127	-01.5475	0001.865
-00.6084	-01.5466	0001.866
-00.6038	-01.5463	0001.867
-00.5993	-01.5451	0001.868
-00.5950	-01.5448	0001.869
-00.5907	-01.5435	0001.870
-00.5858	-01.5432	0001.871
-00.5819	-01.5420	0001.872
-00.5773	-01.5411	0001.873
-00.5724	-01.5405	0001.874
-00.5678	-01.5399	0001.875
-00.5635	-01.5387	0001.876
-00.5590	-01.5380	0001.877
-00.5544	-01.5368	0001.878
-00.5501	-01.5365	0001.879
-00.5452	-01.5353	0001.880
-00.5407	-01.5344	0001.881
-00.5361	-01.5335	0001.882
-00.5321	-01.5326	0001.883
-00.5275	-01.5319	0001.884
-00.5230	-01.5310	0001.885
-00.5184	-01.5304	0001.886
-00.5141	-01.5295	0001.887
-00.5095	-01.5283	0001.888
-00.5050	-01.5277	0001.889
-00.5001	-01.5268	0001.890
-00.4964	-01.5255	0001.891
-00.4915	-01.5246	0001.892
-00.4869	-01.5237	0001.893
-00.4824	-01.5228	0001.894
-00.4778	-01.5219	0001.895
-00.4735	-01.5207	0001.896
-00.4689	-01.5207	0001.897
-00.4647	-01.5194	0001.898
-00.4601	-01.5182	0001.899
-00.4555	-01.5170	0001.900
-00.4512	-01.5164	0001.901
-00.4461	-01.5155	0001.902
-00.4415	-01.5149	0001.903
-00.4372	-01.5133	0001.904
-00.4326	-01.5127	0001.905
-00.4280	-01.5112	0001.906
-00.4241	-01.5106	0001.907
-00.4192	-01.5097	0001.908
-00.4149	-01.5088	0001.909
-00.4103	-01.5075	0001.910
-00.4061	-01.5066	0001.911
-00.4012	-01.5054	0001.912
-00.3969	-01.5048	0001.913
-00.3917	-01.5036	0001.914
-00.3878	-01.5026	0001.915
-00.3835	-01.5017	0001.916
-00.3786	-01.5008	0001.917
-00.3740	-01.4993	0001.918
-00.3698	-01.4987	0001.919
-00.3649	-01.4972	0001.920
-00.3609	-01.4962	0001.921
-00.3560	-01.4953	0001.922
-00.3514	-01.4944	0001.923
-00.3472	-01.4935	0001.924
-00.3429	-01.4926	0001.925
-00.3380	-01.4911	0001.926
-00.3337	-01.4901	0001.927
-00.3292	-01.4889	0001.928
-00.3243	-01.4883	0001.929
-00.3203	-01.4868	0001.930
-00.3154	-01.4859	0001.931
-00.3112	-01.4843	0001.932
-00.3066	-01.4843	0001.933
-00.3020	-01.4828	0001.934
-00.2977	-01.4816	0001.935
-00.2929	-01.4804	0001.936
-00.2886	-01.4798	0001.937
-00.2840	-01.4779	0001.938
-00.2797	-01.4770	0001.939
-00.2748	-01.4758	0001.940
-00.2709	-01.4746	0001.941
-00.2663	-01.4737	0001.942
-00.2614	-01.4721	0001.943
-00.2571	-01.4712	0001.944
-00.2523	-01.4700	0001.945
-00.2480	-01.4682	0001.946
-00.2434	-01.4676	0001.947
-00.2391	-01.4660	0001.948
-00.2340	-01.4654	0001.949
-00.2303	-01.4645	0001.950
-00.2254	-01.4630	0001.951
-00.2211	-01.4615	0001.952
-00.2163	-01.4602	0001.953
-00.2123	-01.4593	0001.954
-00.2071	-01.4581	0001.955
-00.2028	-01.4572	0001.956
-00.1983	-01.4553	0001.957
-00.1940	-01.4544	0001.958
-00.1897	-01.4529	0001.959
-00.1848	-01.4517	0001.960
-00.1796	-01.4508	0001.961
-00.1760	-01.4495	0001.962
-00.1714	-01.4480	0001.963
-00.1668	-01.4468	0001.964
-00.1625	-01.4456	0001.965
-00.1580	-01.4444	0001.966
-00.1534	-01.4431	0001.967
-00.1491	-01.4419	0001.968
-00.1442	-01.4404	0001.969
-00.1403	-01.4392	0001.970
-00.1351	-01.4380	0001.971
-00.1308	-01.4364	0001.972
-00.1259	-01.4352	0001.973
-00.1220	-01.4337	0001.974
-00.1177	-01.4325	0001.975
-00.1125	-01.4309	0001.976
-00.1079	-01.4297	0001.977
-00.1040	-01.4279	0001.978
-00.0997	-01.4270	0001.979
-00.0945	-01.4257	0001.980
-00.0902	-01.4245	0001.981
-00.0863	-01.4227	0001.982
-00.0817	-01.4215	0001.983
-00.0765	-01.4203	0001.984
-00.0722	-01.4187	0001.985
-00.0676	-01.4175	0001.986
-00.0631	-01.4160	0001.987
-00.0585	-01.4138	0001.988
-00.0542	-01.4126	0001.989
-00.0499	-01.4114	0001.990
-00.0454	-01.4099	0001.991
-00.0405	-01.4087	0001.992
-00.0359	-01.4071	0001.993
-00.0313	-01.4053	0001.994
-00.0270	-01.4047	0001.995
-00.0228	-01.4022	0001.996
-00.0176	-01.4013	0001.997
-00.0139	-01.3998	0001.998
-00.0093	-01.3983	0001.999
