R,Ohm	C,pF	Temp,C
0000000000	0000100000	+025.00
Ch1,V	Ch2,V	Time,s
-00.0002	-00.0012	0000.000
+00.0004	-00.0015	0000.001
+00.0041	-00.0009	0000.002
+00.0090	-00.0003	0000.003
+00.0132	-00.0003	0000.004
+00.0178	-00.0009	0000.005
+00.0221	-00.0006	0000.006
+00.0270	-00.0003	0000.007
+00.0312	+00.0000	0000.008
+00.0355	-00.0003	0000.009
+00.0401	+00.0000	0000.010
+00.0444	+00.0003	0000.011
+00.0496	+00.0003	0000.012
+00.0535	+00.0003	0000.013
+00.0581	+00.0006	0000.014
+00.0627	+00.0006	0000.015
+00.0669	+00.0010	0000.016
+00.0718	+00.0013	0000.017
+00.0758	+00.0013	0000.018
+00.0807	+00.0013	0000.019
+00.0856	+00.0016	0000.020
+00.0895	+00.0016	0000.021
+00.0941	+00.0019	0000.022
+00.0987	+00.0019	0000.023
+00.1033	+00.0025	0000.024
+00.1078	+00.0022	0000.025
+00.1124	+00.0028	0000.026
+00.1170	+00.0028	0000.027
+00.1213	+00.0034	0000.028
+00.1255	+00.0034	0000.029
+00.1301	+00.0037	0000.030
+00.1350	+00.0040	0000.031
+00.1390	+00.0043	0000.032
+00.1442	+00.0046	0000.033
+00.1481	+00.0049	0000.034
+00.1530	+00.0052	0000.035
+00.1573	+00.0055	0000.036
+00.1616	+00.0055	0000.037
+00.1664	+00.0061	0000.038
+00.1707	+00.0064	0000.039
+00.1756	+00.0068	0000.040
+00.1799	+00.0071	0000.041
+00.1841	+00.0077	0000.042
+00.1884	+00.0083	0000.043
+00.1936	+00.0083	0000.044
+00.1979	+00.0092	0000.045
+00.2028	+00.0092	0000.046
+00.2073	+00.0095	0000.047
+00.2116	+00.0107	0000.048
+00.2159	+00.0104	0000.049
+00.2205	+00.0110	0000.050
+00.2250	+00.0116	0000.051
+00.2296	+00.0119	0000.052
+00.2336	+00.0125	0000.053
+00.2385	+00.0132	0000.054
+00.2427	+00.0138	0000.055
+00.2476	+00.0141	0000.056
+00.2519	+00.0144	0000.057
+00.2565	+00.0156	0000.058
+00.2613	+00.0159	0000.059
+00.2662	+00.0168	0000.060
+00.2702	+00.0168	0000.061
+00.2739	+00.0174	0000.062
+00.2793	+00.0180	0000.063
+00.2836	+00.0183	0000.064
+00.2879	+00.0190	0000.065
+00.2925	+00.0199	0000.066
+00.2974	+00.0205	0000.067
+00.3013	+00.0208	0000.068
+00.3062	+00.0211	0000.069
+00.3105	+00.0223	0000.070
+00.3154	+00.0226	0000.071
+00.3190	+00.0232	0000.072
+00.3239	+00.0235	0000.073
+00.3288	+00.0248	0000.074
+00.3334	+00.0254	0000.075
+00.3373	+00.0260	0000.076
+00.3425	+00.0266	0000.077
+00.3465	+00.0272	0000.078
+00.3517	+00.0281	0000.079
+00.3556	+00.0287	0000.080
+00.3602	+00.0296	0000.081
+00.3645	+00.0302	0000.082
+00.3694	+00.0309	0000.083
+00.3736	+00.0318	0000.084
+00.3779	+00.0324	0000.085
+00.3831	+00.0330	0000.086
+00.3874	+00.0339	0000.087
+00.3920	+00.0345	0000.088
+00.3962	+00.0351	0000.089
+00.4008	+00.0357	0000.090
+00.4054	+00.0367	0000.091
+00.4094	+00.0373	0000.092
+00.4139	+00.0379	0000.093
+00.4191	+00.0388	0000.094
+00.4234	+00.0394	0000.095
+00.4277	+00.0403	0000.096
+00.4322	+00.0412	0000.097
+00.4368	+00.0425	0000.098
+00.4411	+00.0428	0000.099
+00.4460	+00.0437	0000.100
+00.4506	+00.0446	0000.101
+00.4551	+00.0449	0000.102
+00.4594	+00.0458	0000.103
+00.4637	+00.0470	0000.104
+00.4679	+00.0473	0000.105
+00.4725	+00.0483	0000.106
+00.4777	+00.0489	0000.107
+00.4817	+00.0498	0000.108
+00.4863	+00.0504	0000.109
+00.4905	+00.0516	0000.110
+00.4951	+00.0525	0000.111
+00.4997	+00.0531	0000.112
+00.5046	+00.0537	0000.113
+00.5088	+00.0547	0000.114
+00.5134	+00.0559	0000.115
+00.5177	+00.0565	0000.116
+00.5226	+00.0574	0000.117
+00.5275	+00.0586	0000.118
+00.5314	+00.0595	0000.119
+00.5357	+00.0605	0000.120
+00.5406	+00.0602	0000.121
+00.5452	+00.0620	0000.122
+00.5497	+00.0626	0000.123
+00.5534	+00.0635	0000.124
+00.5586	+00.0641	0000.125
+00.5632	+00.0644	0000.126
+00.5671	+00.0656	0000.127
+00.5720	+00.0672	0000.128
+00.5766	+00.0675	0000.129
+00.5809	+00.0681	0000.130
+00.5851	+00.0693	0000.131
+00.5897	+00.0699	0000.132
+00.5949	+00.0714	0000.133
+00.5995	+00.0727	0000.134
+00.6031	+00.0730	0000.135
+00.6080	+00.0736	0000.136
+00.6129	+00.0745	0000.137
+00.6172	+00.0760	0000.138
+00.6218	+00.0766	0000.139
+00.6257	+00.0776	0000.140
+00.6306	+00.0785	0000.141
+00.6358	+00.0791	0000.142
+00.6395	+00.0797	0000.143
+00.6440	+00.0809	0000.144
+00.6489	+00.0818	0000.145
+00.6529	+00.0827	0000.146
+00.6575	+00.0840	0000.147
+00.6620	+00.0846	0000.148
+00.6666	+00.0855	0000.149
+00.6712	+00.0864	0000.150
+00.6755	+00.0873	0000.151
+00.6800	+00.0879	0000.152
+00.6846	+00.0888	0000.153
+00.6892	+00.0895	0000.154
+00.6938	+00.0913	0000.155
+00.6977	+00.0916	0000.156
+00.7026	+00.0928	0000.157
+00.7075	+00.0934	0000.158
+00.7115	+00.0943	0000.159
+00.7161	+00.0956	0000.160
+00.7209	+00.0962	0000.161
+00.7255	+00.0968	0000.162
+00.7295	+00.0980	0000.163
+00.7341	+00.0986	0000.164
+00.7389	+00.0998	0000.165
+00.7429	+00.1010	0000.166
+00.7475	+00.1017	0000.167
+00.7521	+00.1026	0000.168
+00.7573	+00.1032	0000.169
+00.7615	+00.1041	0000.170
+00.7655	+00.1053	0000.171
+00.7701	+00.1059	0000.172
+00.7750	+00.1068	0000.173
+00.7792	+00.1075	0000.174
+00.7835	+00.1084	0000.175
+00.7878	+00.1093	0000.176
+00.7927	+00.1102	0000.177
+00.7975	+00.1108	0000.178
+00.8015	+00.1120	0000.179
+00.8061	+00.1126	0000.180
+00.8107	+00.1136	0000.181
+00.8158	+00.1145	0000.182
+00.8198	+00.1151	0000.183
+00.8244	+00.1163	0000.184
+00.8287	+00.1172	0000.185
+00.8335	+00.1178	0000.186
+00.8372	+00.1187	0000.187
+00.8421	+00.1197	0000.188
+00.8470	+00.1203	0000.189
+00.8512	+00.1215	0000.190
+00.8558	+00.1221	0000.191
+00.8604	+00.1230	0000.192
+00.8647	+00.1236	0000.193
+00.8693	+00.1242	0000.194
+00.8735	+00.1255	0000.195
+00.8787	+00.1261	0000.196
+00.8833	+00.1270	0000.197
+00.8873	+00.1279	0000.198
+00.8918	+00.1285	0000.199
+00.8961	+00.1297	0000.200
+00.9010	+00.1300	0000.201
+00.9050	+00.1310	0000.202
+00.9098	+00.1316	0000.203
+00.9141	+00.1325	0000.204
+00.9190	+00.1331	0000.205
+00.9236	+00.1343	0000.206
+00.9282	+00.1343	0000.207
+00.9330	+00.1358	0000.208
+00.9370	+00.1365	0000.209
+00.9416	+00.1374	0000.210
+00.9455	+00.1383	0000.211
+00.9507	+00.1389	0000.212
+00.9547	+00.1398	0000.213
+00.9596	+00.1404	0000.214
+00.9642	+00.1407	0000.215
+00.9678	+00.1416	0000.216
+00.9730	+00.1426	0000.217
+00.9773	+00.1435	0000.218
+00.9819	+00.1438	0000.219
+00.9867	+00.1444	0000.220
+00.9910	+00.1456	0000.221
+00.9953	+00.1462	0000.222
+00.9996	+00.1468	0000.223
+01.0044	+00.1477	0000.224
+01.0093	+00.1477	0000.225
+01.0133	+00.1493	0000.226
+01.0179	+00.1496	0000.227
+01.0228	+00.1502	0000.228
+01.0276	+00.1508	0000.229
+01.0313	+00.1517	0000.230
+01.0359	+00.1523	0000.231
+01.0408	+00.1526	0000.232
+01.0460	+00.1542	0000.233
+01.0490	+00.1542	0000.234
+01.0539	+00.1551	0000.235
+01.0588	+00.1554	0000.236
+01.0633	+00.1563	0000.237
+01.0679	+00.1569	0000.238
+01.0722	+00.1575	0000.239
+01.0768	+00.1581	0000.240
+01.0810	+00.1590	0000.241
+01.0853	+00.1593	0000.242
+01.0902	+00.1603	0000.243
+01.0951	+00.1609	0000.244
+01.0994	+00.1615	0000.245
+01.1039	+00.1621	0000.246
+01.1079	+00.1627	0000.247
+01.1128	+00.1633	0000.248
+01.1174	+00.1639	0000.249
+01.1216	+00.1642	0000.250
+01.1262	+00.1651	0000.251
+01.1311	+00.1657	0000.252
+01.1351	+00.1661	0000.253
+01.1399	+00.1670	0000.254
+01.1442	+00.1676	0000.255
+01.1488	+00.1682	0000.256
+01.1531	+00.1685	0000.257
+01.1576	+00.1688	0000.258
+01.1619	+00.1697	0000.259
+01.1665	+00.1706	0000.260
+01.1711	+00.1709	0000.261
+01.1757	+00.1712	0000.262
+01.1802	+00.1715	0000.263
+01.1851	+00.1728	0000.264
+01.1894	+00.1728	0000.265
+01.1937	+00.1740	0000.266
+01.1985	+00.1743	0000.267
+01.2025	+00.1749	0000.268
+01.2071	+00.1752	0000.269
+01.2123	+00.1755	0000.270
+01.2165	+00.1764	0000.271
+01.2208	+00.1767	0000.272
+01.2254	+00.1773	0000.273
+01.2297	+00.1780	0000.274
+01.2345	+00.1783	0000.275
+01.2391	+00.1789	0000.276
+01.2431	+00.1792	0000.277
+01.2480	+00.1804	0000.278
+01.2523	+00.1807	0000.279
+01.2571	+00.1807	0000.280
+01.2614	+00.1816	0000.281
+01.2660	+00.1816	0000.282
+01.2706	+00.1825	0000.283
+01.2748	+00.1831	0000.284
+01.2797	+00.1834	0000.285
+01.2840	+00.1841	0000.286
+01.2889	+00.1847	0000.287
+01.2925	+00.1850	0000.288
+01.2974	+00.1853	0000.289
+01.3014	+00.1862	0000.290
+01.3066	+00.1862	0000.291
+01.3108	+00.1868	0000.292
+01.3154	+00.1871	0000.293
+01.3200	+00.1877	0000.294
+01.3243	+00.1880	0000.295
+01.3292	+00.1886	0000.296
+01.3334	+00.1889	0000.297
+01.3383	+00.1899	0000.298
+01.3426	+00.1899	0000.299
+01.3469	+00.1905	0000.300
+01.3517	+00.1908	0000.301
+01.3557	+00.1911	0000.302
+01.3606	+00.1917	0000.303
+01.3649	+00.1923	0000.304
+01.3697	+00.1929	0000.305
+01.3740	+00.1932	0000.306
+01.3786	+00.1935	0000.307
+01.3829	+00.1938	0000.308
+01.3877	+00.1947	0000.309
+01.3917	+00.1950	0000.310
+01.3972	+00.1957	0000.311
+01.4012	+00.1957	0000.312
+01.4058	+00.1963	0000.313
+01.4100	+00.1966	0000.314
+01.4143	+00.1969	0000.315
+01.4192	+00.1969	0000.316
+01.4238	+00.1981	0000.317
+01.4283	+00.1981	0000.318
+01.4326	+00.1987	0000.319
+01.4369	+00.1990	0000.320
+01.4418	+00.1993	0000.321
+01.4457	+00.1999	0000.322
+01.4506	+00.2002	0000.323
+01.4549	+00.2011	0000.324
+01.4595	+00.2011	0000.325
+01.4640	+00.2015	0000.326
+01.4686	+00.2018	0000.327
+01.4729	+00.2021	0000.328
+01.4775	+00.2021	0000.329
+01.4820	+00.2030	0000.330
+01.4869	+00.2033	0000.331
+01.4912	+00.2036	0000.332
+01.4958	+00.2042	0000.333
+01.5004	+00.2045	0000.334
+01.5052	+00.2054	0000.335
+01.5086	+00.2051	0000.336
+01.5138	+00.2057	0000.337
+01.5184	+00.2060	0000.338
+01.5226	+00.2063	0000.339
+01.5269	+00.2066	0000.340
+01.5312	+00.2069	0000.341
+01.5364	+00.2079	0000.342
+01.5409	+00.2082	0000.343
+01.5449	+00.2082	0000.344
+01.5498	+00.2085	0000.345
+01.5547	+00.2091	0000.346
+01.5583	+00.2091	0000.347
+01.5632	+00.2097	0000.348
+01.5681	+00.2100	0000.349
+01.5724	+00.2109	0000.350
+01.5773	+00.2106	0000.351
+01.5806	+00.2106	0000.352
+01.5861	+00.2115	0000.353
+01.5904	+00.2121	0000.354
+01.5947	+00.2121	0000.355
+01.5995	+00.2121	0000.356
+01.6038	+00.2127	0000.357
+01.6087	+00.2130	0000.358
+01.6127	+00.2137	0000.359
+01.6172	+00.2134	0000.360
+01.6218	+00.2140	0000.361
+01.6264	+00.2146	0000.362
+01.6313	+00.2149	0000.363
+01.6356	+00.2149	0000.364
+01.6398	+00.2155	0000.365
+01.6441	+00.2158	0000.366
+01.6490	+00.2161	0000.367
+01.6536	+00.2164	0000.368
+01.6581	+00.2173	0000.369
+01.6627	+00.2170	0000.370
+01.6670	+00.2176	0000.371
+01.6716	+00.2179	0000.372
+01.6758	+00.2179	0000.373
+01.6807	+00.2185	0000.374
+01.6856	+00.2188	0000.375
+01.6899	+00.2192	0000.376
+01.6941	+00.2192	0000.377
+01.6984	+00.2195	0000.378
+01.7030	+00.2201	0000.379
+01.7073	+00.2201	0000.380
+01.7121	+00.2210	0000.381
+01.7167	+00.2207	0000.382
+01.7207	+00.2213	0000.383
+01.7253	+00.2216	0000.384
+01.7299	+00.2219	0000.385
+01.7341	+00.2222	0000.386
+01.7393	+00.2222	0000.387
+01.7436	+00.2228	0000.388
+01.7479	+00.2234	0000.389
+01.7527	+00.2234	0000.390
+01.7570	+00.2237	0000.391
+01.7616	+00.2243	0000.392
+01.7662	+00.2243	0000.393
+01.7704	+00.2250	0000.394
+01.7750	+00.2250	0000.395
+01.7790	+00.2253	0000.396
+01.7842	+00.2259	0000.397
+01.7884	+00.2256	0000.398
+01.7933	+00.2262	0000.399
+01.7979	+00.2268	0000.400
+01.8022	+00.2271	0000.401
+01.8068	+00.2268	0000.402
+01.8110	+00.2277	0000.403
+01.8156	+00.2274	0000.404
+01.8202	+00.2277	0000.405
+01.8251	+00.2283	0000.406
+01.8290	+00.2283	0000.407
+01.8333	+00.2283	0000.408
+01.8379	+00.2292	0000.409
+01.8428	+00.2292	0000.410
+01.8473	+00.2292	0000.411
+01.8522	+00.2295	0000.412
+01.8565	+00.2298	0000.413
+01.8605	+00.2304	0000.414
+01.8647	+00.2307	0000.415
+01.8696	+00.2311	0000.416
+01.8745	+00.2314	0000.417
+01.8788	+00.2317	0000.418
+01.8834	+00.2317	0000.419
+01.8876	+00.2323	0000.420
+01.8922	+00.2320	0000.421
+01.8965	+00.2329	0000.422
+01.9017	+00.2329	0000.423
+01.9053	+00.2332	0000.424
+01.9102	+00.2335	0000.425
+01.9151	+00.2332	0000.426
+01.9191	+00.2344	0000.427
+01.9239	+00.2341	0000.428
+01.9285	+00.2344	0000.429
+01.9328	+00.2347	0000.430
+01.9374	+00.2353	0000.431
+01.9416	+00.2356	0000.432
+01.9462	+00.2353	0000.433
+01.9511	+00.2356	0000.434
+01.9551	+00.2359	0000.435
+01.9593	+00.2362	0000.436
+01.9642	+00.2369	0000.437
+01.9694	+00.2362	0000.438
+01.9737	+00.2372	0000.439
+01.9777	+00.2378	0000.440
+01.9822	+00.2375	0000.441
+01.9868	+00.2378	0000.442
+01.9914	+00.2381	0000.443
+01.9960	+00.2384	0000.444
+02.0005	+00.2387	0000.445
+02.0045	+00.2387	0000.446
+02.0094	+00.2390	0000.447
+02.0143	+00.2390	0000.448
+02.0185	+00.2396	0000.449
+02.0225	+00.2399	0000.450
+02.0274	+00.2402	0000.451
+02.0317	+00.2399	0000.452
+02.0359	+00.2399	0000.453
+02.0405	+00.2408	0000.454
+02.0454	+00.2411	0000.455
+02.0500	+00.2411	0000.456
+02.0539	+00.2417	0000.457
+02.0591	+00.2411	0000.458
+02.0631	+00.2420	0000.459
+02.0677	+00.2420	0000.460
+02.0726	+00.2423	0000.461
+02.0765	+00.2423	0000.462
+02.0814	+00.2430	0000.463
+02.0860	+00.2430	0000.464
+02.0906	+00.2433	0000.465
+02.0951	+00.2436	0000.466
+02.1000	+00.2439	0000.467
+02.1043	+00.2442	0000.468
+02.1083	+00.2445	0000.469
+02.1128	+00.2445	0000.470
+02.1174	+00.2451	0000.471
+02.1217	+00.2451	0000.472
+02.1263	+00.2451	0000.473
+02.1309	+00.2454	0000.474
+02.1354	+00.2454	0000.475
+02.1397	+00.2463	0000.476
+02.1449	+00.2463	0000.477
+02.1489	+00.2463	0000.478
+02.1534	+00.2466	0000.479
+02.1583	+00.2469	0000.480
+02.1626	+00.2475	0000.481
+02.1669	+00.2475	0000.482
+02.1714	+00.2475	0000.483
+02.1763	+00.2481	0000.484
+02.1806	+00.2484	0000.485
+02.1849	+00.2484	0000.486
+02.1891	+00.2484	0000.487
+02.1943	+00.2488	0000.488
+02.1983	+00.2491	0000.489
+02.2026	+00.2491	0000.490
+02.2071	+00.2497	0000.491
+02.2120	+00.2497	0000.492
+02.2172	+00.2500	0000.493
+02.2212	+00.2500	0000.494
+02.2255	+00.2506	0000.495
+02.2303	+00.2506	0000.496
+02.2343	+00.2506	0000.497
+02.2389	+00.2512	0000.498
+02.2435	+00.2512	0000.499
+02.2483	+00.2518	0000.500
+02.2523	+00.2515	0000.501
+02.2578	+00.2521	0000.502
+02.2618	+00.2518	0000.503
+02.2667	+00.2524	0000.504
+02.2703	+00.2524	0000.505
+02.2749	+00.2527	0000.506
+02.2798	+00.2530	0000.507
+02.2847	+00.2533	0000.508
+02.2883	+00.2530	0000.509
+02.2932	+00.2536	0000.510
+02.2975	+00.2539	0000.511
+02.3021	+00.2539	0000.512
+02.3072	+00.2542	0000.513
+02.3106	+00.2546	0000.514
+02.3149	+00.2539	0000.515
+02.3204	+00.2549	0000.516
+02.3249	+00.2552	0000.517
+02.3292	+00.2552	0000.518
+02.3338	+00.2552	0000.519
+02.3381	+00.2558	0000.520
+02.3426	+00.2558	0000.521
+02.3469	+00.2564	0000.522
+02.3521	+00.2561	0000.523
+02.3564	+00.2567	0000.524
+02.3603	+00.2564	0000.525
+02.3652	+00.2570	0000.526
+02.3698	+00.2570	0000.527
+02.3750	+00.2573	0000.528
+02.3787	+00.2579	0000.529
+02.3835	+00.2579	0000.530
+02.3878	+00.2579	0000.531
+02.3924	+00.2582	0000.532
+02.3970	+00.2585	0000.533
+02.4015	+00.2585	0000.534
+02.4061	+00.2591	0000.535
+02.4107	+00.2588	0000.536
+02.4147	+00.2594	0000.537
+02.4189	+00.2594	0000.538
+02.4241	+00.2594	0000.539
+02.4284	+00.2594	0000.540
+02.4327	+00.2600	0000.541
+02.4372	+00.2604	0000.542
+02.4421	+00.2600	0000.543
+02.4464	+00.2604	0000.544
+02.4510	+00.2607	0000.545
+02.4556	+00.2613	0000.546
+02.4601	+00.2610	0000.547
+02.4644	+00.2613	0000.548
+02.4693	+00.2613	0000.549
+02.4730	+00.2619	0000.550
+02.4778	+00.2619	0000.551
+02.4824	+00.2622	0000.552
+02.4867	+00.2622	0000.553
+02.4916	+00.2625	0000.554
+02.4961	+00.2628	0000.555
+02.5004	+00.2631	0000.556
+02.5050	+00.2628	0000.557
+02.5099	+00.2634	0000.558
+02.5138	+00.2634	0000.559
+02.5187	+00.2634	0000.560
+02.5227	+00.2637	0000.561
+02.5276	+00.2640	0000.562
+02.5319	+00.2643	0000.563
+02.5361	+00.2643	0000.564
+02.5407	+00.2643	0000.565
+02.5453	+00.2646	0000.566
+02.5502	+00.2649	0000.567
+02.5541	+00.2649	0000.568
+02.5593	+00.2655	0000.569
+02.5636	+00.2655	0000.570
+02.5676	+00.2652	0000.571
+02.5724	+00.2661	0000.572
+02.5773	+00.2661	0000.573
+02.5816	+00.2661	0000.574
+02.5862	+00.2665	0000.575
+02.5904	+00.2668	0000.576
+02.5953	+00.2665	0000.577
+02.5999	+00.2671	0000.578
+02.6039	+00.2671	0000.579
+02.6091	+00.2677	0000.580
+02.6130	+00.2677	0000.581
+02.6176	+00.2674	0000.582
+02.6225	+00.2674	0000.583
+02.6271	+00.2686	0000.584
+02.6310	+00.2683	0000.585
+02.6353	+00.2686	0000.586
+02.6402	+00.2686	0000.587
+02.6448	+00.2686	0000.588
+02.6493	+00.2689	0000.589
+02.6539	+00.2695	0000.590
+02.6582	+00.2695	0000.591
+02.6625	+00.2695	0000.592
+02.6677	+00.2695	0000.593
+02.6713	+00.2701	0000.594
+02.6762	+00.2701	0000.595
+02.6808	+00.2707	0000.596
+02.6847	+00.2701	0000.597
+02.6896	+00.2701	0000.598
+02.6948	+00.2707	0000.599
+02.6985	+00.2710	0000.600
+02.7034	+00.2710	0000.601
+02.7079	+00.2713	0000.602
+02.7122	+00.2713	0000.603
+02.7159	+00.2716	0000.604
+02.7214	+00.2716	0000.605
+02.7253	+00.2719	0000.606
+02.7302	+00.2723	0000.607
+02.7351	+00.2723	0000.608
+02.7394	+00.2726	0000.609
+02.7439	+00.2726	0000.610
+02.7485	+00.2729	0000.611
+02.7531	+00.2729	0000.612
+02.7568	+00.2735	0000.613
+02.7620	+00.2732	0000.614
+02.7665	+00.2738	0000.615
+02.7711	+00.2735	0000.616
+02.7754	+00.2741	0000.617
+02.7800	+00.2741	0000.618
+02.7851	+00.2741	0000.619
+02.7885	+00.2744	0000.620
+02.7934	+00.2744	0000.621
+02.7980	+00.2747	0000.622
+02.8025	+00.2747	0000.623
+02.8071	+00.2753	0000.624
+02.8114	+00.2750	0000.625
+02.8160	+00.2753	0000.626
+02.8202	+00.2753	0000.627
+02.8248	+00.2756	0000.628
+02.8297	+00.2759	0000.629
+02.8349	+00.2756	0000.630
+02.8382	+00.2762	0000.631
+02.8434	+00.2762	0000.632
+02.8471	+00.2765	0000.633
+02.8523	+00.2768	0000.634
+02.8566	+00.2765	0000.635
+02.8614	+00.2771	0000.636
+02.8657	+00.2768	0000.637
+02.8709	+00.2774	0000.638
+02.8752	+00.2777	0000.639
+02.8791	+00.2777	0000.640
+02.8840	+00.2777	0000.641
+02.8883	+00.2781	0000.642
+02.8926	+00.2777	0000.643
+02.8978	+00.2787	0000.644
+02.9017	+00.2784	0000.645
+02.9066	+00.2790	0000.646
+02.9109	+00.2790	0000.647
+02.9142	+00.2793	0000.648
+02.9200	+00.2790	0000.649
+02.9249	+00.2793	0000.650
+02.9286	+00.2796	0000.651
+02.9335	+00.2799	0000.652
+02.9377	+00.2799	0000.653
+02.9423	+00.2796	0000.654
+02.9466	+00.2799	0000.655
+02.9512	+00.2808	0000.656
+02.9560	+00.2805	0000.657
+02.9606	+00.2805	0000.658
+02.9652	+00.2811	0000.659
+02.9689	+00.2811	0000.660
+02.9741	+00.2811	0000.661
+02.9783	+00.2811	0000.662
+02.9823	+00.2817	0000.663
+02.9872	+00.2817	0000.664
+02.9914	+00.2820	0000.665
+02.9966	+00.2817	0000.666
+03.0009	+00.2820	0000.667
+03.0055	+00.2826	0000.668
+03.0104	+00.2823	0000.669
+03.0146	+00.2829	0000.670
+03.0186	+00.2826	0000.671
+03.0238	+00.2832	0000.672
+03.0281	+00.2829	0000.673
+03.0326	+00.2835	0000.674
+03.0366	+00.2835	0000.675
+03.0415	+00.2839	0000.676
+03.0461	+00.2839	0000.677
+03.0497	+00.2835	0000.678
+03.0546	+00.2839	0000.679
+03.0598	+00.2842	0000.680
+03.0647	+00.2845	0000.681
+03.0687	+00.2842	0000.682
+03.0729	+00.2845	0000.683
+03.0775	+00.2851	0000.684
+03.0818	+00.2848	0000.685
+03.0873	+00.2848	0000.686
+03.0912	+00.2854	0000.687
+03.0955	+00.2851	0000.688
+03.1004	+00.2854	0000.689
+03.1041	+00.2860	0000.690
+03.1095	+00.2857	0000.691
+03.1132	+00.2857	0000.692
+03.1184	+00.2863	0000.693
+03.1227	+00.2866	0000.694
+03.1269	+00.2863	0000.695
+03.1315	+00.2866	0000.696
+03.1361	+00.2872	0000.697
+03.1404	+00.2869	0000.698
+03.1446	+00.2869	0000.699
+03.1495	+00.2872	0000.700
+03.1535	+00.2872	0000.701
+03.1587	+00.2875	0000.702
+03.1630	+00.2884	0000.703
+03.1675	+00.2875	0000.704
+03.1727	+00.2875	0000.705
+03.1764	+00.2881	0000.706
+03.1810	+00.2884	0000.707
+03.1858	+00.2884	0000.708
+03.1898	+00.2884	0000.709
+03.1947	+00.2887	0000.710
+03.1984	+00.2890	0000.711
+03.2035	+00.2890	0000.712
+03.2078	+00.2893	0000.713
+03.2124	+00.2893	0000.714
+03.2176	+00.2890	0000.715
+03.2212	+00.2896	0000.716
+03.2261	+00.2900	0000.717
+03.2307	+00.2903	0000.718
+03.2344	+00.2903	0000.719
+03.2399	+00.2903	0000.720
+03.2438	+00.2906	0000.721
+03.2487	+00.2906	0000.722
+03.2530	+00.2903	0000.723
+03.2576	+00.2912	0000.724
+03.2624	+00.2912	0000.725
+03.2670	+00.2909	0000.726
+03.2716	+00.2909	0000.727
+03.2762	+00.2912	0000.728
+03.2798	+00.2915	0000.729
+03.2847	+00.2915	0000.730
+03.2887	+00.2918	0000.731
+03.2939	+00.2918	0000.732
+03.2981	+00.2921	0000.733
+03.3021	+00.2927	0000.734
+03.3073	+00.2927	0000.735
+03.3119	+00.2927	0000.736
+03.3165	+00.2927	0000.737
+03.3207	+00.2927	0000.738
+03.3253	+00.2930	0000.739
+03.3293	+00.2933	0000.740
+03.3339	+00.2933	0000.741
+03.3384	+00.2933	0000.742
+03.3430	+00.2939	0000.743
+03.3476	+00.2939	0000.744
+03.3522	+00.2939	0000.745
+03.3567	+00.2936	0000.746
+03.3610	+00.2939	0000.747
+03.3653	+00.2942	0000.748
+03.3702	+00.2945	0000.749
+03.3741	+00.2945	0000.750
+03.3793	+00.2945	0000.751
+03.3839	+00.2948	0000.752
+03.3885	+00.2948	0000.753
+03.3918	+00.2951	0000.754
+03.3973	+00.2948	0000.755
+03.4022	+00.2951	0000.756
+03.4059	+00.2954	0000.757
+03.4111	+00.2958	0000.758
+03.4150	+00.2958	0000.759
+03.4196	+00.2961	0000.760
+03.4236	+00.2964	0000.761
+03.4291	+00.2964	0000.762
+03.4333	+00.2964	0000.763
+03.4376	+00.2964	0000.764
+03.4425	+00.2970	0000.765
+03.4471	+00.2970	0000.766
+03.4513	+00.2970	0000.767
+03.4562	+00.2970	0000.768
+03.4605	+00.2976	0000.769
+03.4648	+00.2970	0000.770
+03.4690	+00.2976	0000.771
+03.4739	+00.2976	0000.772
+03.4779	+00.2976	0000.773
+03.4822	+00.2979	0000.774
+03.4874	+00.2982	0000.775
+03.4919	+00.2985	0000.776
+03.4965	+00.2982	0000.777
+03.5011	+00.2985	0000.778
+03.5051	+00.2985	0000.779
+03.5099	+00.2991	0000.780
+03.5145	+00.2985	0000.781
+03.5191	+00.2991	0000.782
+03.5228	+00.2991	0000.783
+03.5283	+00.2991	0000.784
+03.5328	+00.2991	0000.785
+03.5371	+00.2997	0000.786
+03.5417	+00.2991	0000.787
+03.5456	+00.2997	0000.788
+03.5505	+00.3000	0000.789
+03.5554	+00.3003	0000.790
+03.5594	+00.3000	0000.791
+03.5637	+00.3009	0000.792
+03.5685	+00.3000	0000.793
+03.5731	+00.3006	0000.794
+03.5774	+00.3006	0000.795
+03.5823	+00.3009	0000.796
+03.5865	+00.3009	0000.797
+03.5917	+00.3012	0000.798
+03.5957	+00.3012	0000.799
+03.6000	+00.3012	0000.800
+03.6042	+00.3016	0000.801
+03.6094	+00.3012	0000.802
+03.6131	+00.3022	0000.803
+03.6183	+00.3022	0000.804
+03.6229	+00.3019	0000.805
+03.6265	+00.3028	0000.806
+03.6308	+00.3025	0000.807
+03.6366	+00.3025	0000.808
+03.6406	+00.3025	0000.809
+03.6451	+00.3028	0000.810
+03.6497	+00.3025	0000.811
+03.6540	+00.3034	0000.812
+03.6586	+00.3031	0000.813
+03.6631	+00.3034	0000.814
+03.6668	+00.3034	0000.815
+03.6723	+00.3037	0000.816
+03.6775	+00.3034	0000.817
+03.6811	+00.3034	0000.818
+03.6854	+00.3043	0000.819
+03.6903	+00.3040	0000.820
+03.6946	+00.3049	0000.821
+03.6991	+00.3043	0000.822
+03.7028	+00.3043	0000.823
+03.7077	+00.3049	0000.824
+03.7129	+00.3049	0000.825
+03.7175	+00.3049	0000.826
+03.7214	+00.3049	0000.827
+03.7263	+00.3049	0000.828
+03.7309	+00.3055	0000.829
+03.7349	+00.3052	0000.830
+03.7400	+00.3052	0000.831
+03.7446	+00.3055	0000.832
+03.7486	+00.3058	0000.833
+03.7535	+00.3061	0000.834
+03.7580	+00.3058	0000.835
+03.7620	+00.3058	0000.836
+03.7672	+00.3061	0000.837
+03.7706	+00.3064	0000.838
+03.7757	+00.3064	0000.839
+03.7797	+00.3070	0000.840
+03.7843	+00.3067	0000.841
+03.7895	+00.3070	0000.842
+03.7941	+00.3073	0000.843
+03.7980	+00.3070	0000.844
+03.8023	+00.3073	0000.845
+03.8069	+00.3070	0000.846
+03.8115	+00.3073	0000.847
+03.8160	+00.3077	0000.848
+03.8203	+00.3077	0000.849
+03.8255	+00.3080	0000.850
+03.8301	+00.3086	0000.851
+03.8346	+00.3080	0000.852
+03.8389	+00.3083	0000.853
+03.8435	+00.3086	0000.854
+03.8481	+00.3083	0000.855
+03.8523	+00.3089	0000.856
+03.8569	+00.3089	0000.857
+03.8612	+00.3089	0000.858
+03.8661	+00.3089	0000.859
+03.8700	+00.3092	0000.860
+03.8746	+00.3092	0000.861
+03.8795	+00.3098	0000.862
+03.8844	+00.3095	0000.863
+03.8887	+00.3098	0000.864
+03.8929	+00.3101	0000.865
+03.8969	+00.3098	0000.866
+03.9021	+00.3104	0000.867
+03.9064	+00.3101	0000.868
+03.9109	+00.3104	0000.869
+03.9155	+00.3104	0000.870
+03.9201	+00.3101	0000.871
+03.9238	+00.3104	0000.872
+03.9286	+00.3107	0000.873
+03.9332	+00.3110	0000.874
+03.9387	+00.3110	0000.875
+03.9427	+00.3116	0000.876
+03.9463	+00.3113	0000.877
+03.9521	+00.3110	0000.878
+03.9564	+00.3119	0000.879
+03.9601	+00.3116	0000.880
+03.9662	+00.3122	0000.881
+03.9698	+00.3119	0000.882
+03.9738	+00.3119	0000.883
+03.9784	+00.3122	0000.884
+03.9833	+00.3122	0000.885
+03.9875	+00.3122	0000.886
+03.9927	+00.3125	0000.887
+03.9964	+00.3125	0000.888
+04.0013	+00.3125	0000.889
+04.0055	+00.3131	0000.890
+04.0098	+00.3131	0000.891
+04.0141	+00.3131	0000.892
+04.0190	+00.3125	0000.893
+04.0236	+00.3138	0000.894
+04.0278	+00.3138	0000.895
+04.0330	+00.3135	0000.896
+04.0370	+00.3141	0000.897
+04.0428	+00.3138	0000.898
+04.0455	+00.3141	0000.899
+04.0519	+00.3141	0000.900
+04.0547	+00.3144	0000.901
+04.0593	+00.3144	0000.902
+04.0635	+00.3144	0000.903
+04.0681	+00.3144	0000.904
+04.0730	+00.3147	0000.905
+04.0779	+00.3153	0000.906
+04.0815	+00.3153	0000.907
+04.0864	+00.3153	0000.908
+04.0913	+00.3153	0000.909
+04.0962	+00.3153	0000.910
+04.1008	+00.3153	0000.911
+04.1050	+00.3156	0000.912
+04.1093	+00.3156	0000.913
+04.1133	+00.3159	0000.914
+04.1179	+00.3159	0000.915
+04.1221	+00.3159	0000.916
+04.1276	+00.3165	0000.917
+04.1322	+00.3162	0000.918
+04.1362	+00.3165	0000.919
+04.1413	+00.3165	0000.920
+04.1456	+00.3165	0000.921
+04.1496	+00.3174	0000.922
+04.1545	+00.3168	0000.923
+04.1587	+00.3171	0000.924
+04.1633	+00.3171	0000.925
+04.1676	+00.3171	0000.926
+04.1725	+00.3174	0000.927
+04.1767	+00.3174	0000.928
+04.1816	+00.3177	0000.929
+04.1868	+00.3177	0000.930
+04.1896	+00.3177	0000.931
+04.1948	+00.3180	0000.932
+04.1990	+00.3180	0000.933
+04.2036	+00.3180	0000.934
+04.2076	+00.3177	0000.935
+04.2131	+00.3183	0000.936
+04.2179	+00.3186	0000.937
+04.2222	+00.3186	0000.938
+04.2268	+00.3186	0000.939
+04.2311	+00.3186	0000.940
+04.2356	+00.3189	0000.941
+04.2396	+00.3189	0000.942
+04.2448	+00.3193	0000.943
+04.2488	+00.3193	0000.944
+04.2533	+00.3196	0000.945
+04.2585	+00.3193	0000.946
+04.2622	+00.3199	0000.947
+04.2668	+00.3202	0000.948
+04.2720	+00.3205	0000.949
+04.2759	+00.3199	0000.950
+04.2799	+00.3202	0000.951
+04.2851	+00.3208	0000.952
+04.2900	+00.3202	0000.953
+04.2945	+00.3205	0000.954
+04.2985	+00.3205	0000.955
+04.3031	+00.3205	0000.956
+04.3074	+00.3208	0000.957
+04.3126	+00.3208	0000.958
+04.3162	+00.3214	0000.959
+04.3208	+00.3214	0000.960
+04.3254	+00.3217	0000.961
+04.3299	+00.3214	0000.962
+04.3345	+00.3214	0000.963
+04.3400	+00.3220	0000.964
+04.3431	+00.3220	0000.965
+04.3480	+00.3220	0000.966
+04.3525	+00.3220	0000.967
+04.3577	+00.3223	0000.968
+04.3623	+00.3220	0000.969
+04.3660	+00.3226	0000.970
+04.3705	+00.3226	0000.971
+04.3742	+00.3226	0000.972
+04.3791	+00.3229	0000.973
+04.3843	+00.3229	0000.974
+04.3888	+00.3229	0000.975
+04.3928	+00.3232	0000.976
+04.3980	+00.3226	0000.977
+04.4023	+00.3232	0000.978
+04.4065	+00.3235	0000.979
+04.4111	+00.3232	0000.980
+04.4157	+00.3235	0000.981
+04.4200	+00.3232	0000.982
+04.4249	+00.3235	0000.983
+04.4294	+00.3241	0000.984
+04.4337	+00.3238	0000.985
+04.4383	+00.3244	0000.986
+04.4423	+00.3244	0000.987
+04.4468	+00.3241	0000.988
+04.4514	+00.3247	0000.989
+04.4560	+00.3244	0000.990
+04.4596	+00.3247	0000.991
+04.4648	+00.3247	0000.992
+04.4697	+00.3250	0000.993
+04.4737	+00.3250	0000.994
+04.4786	+00.3254	0000.995
+04.4841	+00.3250	0000.996
+04.4880	+00.3250	0000.997
+04.4920	+00.3257	0000.998
+04.4975	+00.3260	0000.999
+04.5015	+00.3263	0001.000
+04.5051	+00.3260	0001.001
+04.5021	+00.3257	0001.002
+04.4981	+00.3263	0001.003
+04.4926	+00.3263	0001.004
+04.4877	+00.3263	0001.005
+04.4835	+00.3257	0001.006
+04.4792	+00.3257	0001.007
+04.4740	+00.3250	0001.008
+04.4703	+00.3257	0001.009
+04.4651	+00.3257	0001.010
+04.4612	+00.3257	0001.011
+04.4572	+00.3254	0001.012
+04.4520	+00.3254	0001.013
+04.4471	+00.3257	0001.014
+04.4423	+00.3257	0001.015
+04.4383	+00.3250	0001.016
+04.4343	+00.3250	0001.017
+04.4294	+00.3254	0001.018
+04.4242	+00.3254	0001.019
+04.4200	+00.3247	0001.020
+04.4160	+00.3247	0001.021
+04.4123	+00.3250	0001.022
+04.4065	+00.3250	0001.023
+04.4026	+00.3247	0001.024
+04.3980	+00.3247	0001.025
+04.3940	+00.3244	0001.026
+04.3885	+00.3247	0001.027
+04.3846	+00.3247	0001.028
+04.3797	+00.3241	0001.029
+04.3751	+00.3247	0001.030
+04.3711	+00.3241	0001.031
+04.3653	+00.3244	0001.032
+04.3620	+00.3244	0001.033
+04.3574	+00.3241	0001.034
+04.3528	+00.3244	0001.035
+04.3480	+00.3241	0001.036
+04.3443	+00.3241	0001.037
+04.3394	+00.3238	0001.038
+04.3339	+00.3241	0001.039
+04.3306	+00.3241	0001.040
+04.3260	+00.3235	0001.041
+04.3208	+00.3238	0001.042
+04.3168	+00.3235	0001.043
+04.3122	+00.3235	0001.044
+04.3071	+00.3235	0001.045
+04.3028	+00.3232	0001.046
+04.2985	+00.3232	0001.047
+04.2933	+00.3235	0001.048
+04.2900	+00.3232	0001.049
+04.2848	+00.3235	0001.050
+04.2811	+00.3229	0001.051
+04.2756	+00.3235	0001.052
+04.2723	+00.3229	0001.053
+04.2674	+00.3229	0001.054
+04.2628	+00.3229	0001.055
+04.2582	+00.3226	0001.056
+04.2533	+00.3226	0001.057
+04.2491	+00.3226	0001.058
+04.2454	+00.3226	0001.059
+04.2402	+00.3226	0001.060
+04.2350	+00.3223	0001.061
+04.2314	+00.3223	0001.062
+04.2268	+00.3220	0001.063
+04.2225	+00.3220	0001.064
+04.2183	+00.3220	0001.065
+04.2128	+00.3220	0001.066
+04.2088	+00.3220	0001.067
+04.2045	+00.3217	0001.068
+04.2002	+00.3217	0001.069
+04.1954	+00.3217	0001.070
+04.1896	+00.3217	0001.071
+04.1868	+00.3214	0001.072
+04.1813	+00.3214	0001.073
+04.1771	+00.3214	0001.074
+04.1722	+00.3214	0001.075
+04.1685	+00.3211	0001.076
+04.1636	+00.3214	0001.077
+04.1587	+00.3214	0001.078
+04.1548	+00.3211	0001.079
+04.1508	+00.3208	0001.080
+04.1456	+00.3208	0001.081
+04.1417	+00.3205	0001.082
+04.1368	+00.3208	0001.083
+04.1322	+00.3208	0001.084
+04.1273	+00.3208	0001.085
+04.1221	+00.3205	0001.086
+04.1194	+00.3205	0001.087
+04.1142	+00.3202	0001.088
+04.1102	+00.3205	0001.089
+04.1059	+00.3202	0001.090
+04.1005	+00.3202	0001.091
+04.0956	+00.3202	0001.092
+04.0916	+00.3202	0001.093
+04.0864	+00.3202	0001.094
+04.0818	+00.3196	0001.095
+04.0779	+00.3196	0001.096
+04.0736	+00.3196	0001.097
+04.0684	+00.3193	0001.098
+04.0648	+00.3193	0001.099
+04.0605	+00.3196	0001.100
+04.0556	+00.3196	0001.101
+04.0510	+00.3193	0001.102
+04.0458	+00.3189	0001.103
+04.0419	+00.3189	0001.104
+04.0376	+00.3186	0001.105
+04.0327	+00.3193	0001.106
+04.0281	+00.3183	0001.107
+04.0236	+00.3189	0001.108
+04.0193	+00.3183	0001.109
+04.0147	+00.3183	0001.110
+04.0098	+00.3183	0001.111
+04.0052	+00.3183	0001.112
+04.0013	+00.3180	0001.113
+03.9964	+00.3180	0001.114
+03.9918	+00.3183	0001.115
+03.9875	+00.3180	0001.116
+03.9836	+00.3177	0001.117
+03.9784	+00.3177	0001.118
+03.9738	+00.3180	0001.119
+03.9695	+00.3174	0001.120
+03.9650	+00.3177	0001.121
+03.9613	+00.3174	0001.122
+03.9561	+00.3174	0001.123
+03.9518	+00.3174	0001.124
+03.9476	+00.3168	0001.125
+03.9424	+00.3171	0001.126
+03.9381	+00.3171	0001.127
+03.9338	+00.3171	0001.128
+03.9293	+00.3171	0001.129
+03.9250	+00.3168	0001.130
+03.9198	+00.3162	0001.131
+03.9158	+00.3165	0001.132
+03.9112	+00.3165	0001.133
+03.9067	+00.3165	0001.134
+03.9018	+00.3162	0001.135
+03.8978	+00.3165	0001.136
+03.8932	+00.3159	0001.137
+03.8890	+00.3156	0001.138
+03.8841	+00.3162	0001.139
+03.8798	+00.3159	0001.140
+03.8746	+00.3159	0001.141
+03.8707	+00.3159	0001.142
+03.8664	+00.3159	0001.143
+03.8615	+00.3156	0001.144
+03.8569	+00.3153	0001.145
+03.8520	+00.3153	0001.146
+03.8478	+00.3153	0001.147
+03.8444	+00.3150	0001.148
+03.8395	+00.3150	0001.149
+03.8350	+00.3150	0001.150
+03.8298	+00.3147	0001.151
+03.8249	+00.3147	0001.152
+03.8209	+00.3150	0001.153
+03.8163	+00.3150	0001.154
+03.8124	+00.3147	0001.155
+03.8072	+00.3147	0001.156
+03.8029	+00.3141	0001.157
+03.7986	+00.3147	0001.158
+03.7944	+00.3144	0001.159
+03.7901	+00.3144	0001.160
+03.7852	+00.3138	0001.161
+03.7800	+00.3141	0001.162
+03.7770	+00.3138	0001.163
+03.7718	+00.3135	0001.164
+03.7663	+00.3138	0001.165
+03.7626	+00.3135	0001.166
+03.7580	+00.3138	0001.167
+03.7538	+00.3131	0001.168
+03.7489	+00.3138	0001.169
+03.7446	+00.3131	0001.170
+03.7400	+00.3135	0001.171
+03.7355	+00.3131	0001.172
+03.7312	+00.3131	0001.173
+03.7263	+00.3122	0001.174
+03.7217	+00.3128	0001.175
+03.7175	+00.3135	0001.176
+03.7129	+00.3125	0001.177
+03.7083	+00.3125	0001.178
+03.7040	+00.3122	0001.179
+03.6998	+00.3119	0001.180
+03.6952	+00.3122	0001.181
+03.6903	+00.3116	0001.182
+03.6866	+00.3125	0001.183
+03.6814	+00.3119	0001.184
+03.6769	+00.3119	0001.185
+03.6729	+00.3119	0001.186
+03.6680	+00.3113	0001.187
+03.6631	+00.3113	0001.188
+03.6586	+00.3110	0001.189
+03.6540	+00.3110	0001.190
+03.6494	+00.3110	0001.191
+03.6448	+00.3113	0001.192
+03.6406	+00.3110	0001.193
+03.6366	+00.3107	0001.194
+03.6320	+00.3104	0001.195
+03.6268	+00.3107	0001.196
+03.6229	+00.3104	0001.197
+03.6186	+00.3107	0001.198
+03.6137	+00.3107	0001.199
+03.6085	+00.3104	0001.200
+03.6045	+00.3104	0001.201
+03.6003	+00.3101	0001.202
+03.5960	+00.3101	0001.203
+03.5911	+00.3095	0001.204
+03.5875	+00.3098	0001.205
+03.5826	+00.3098	0001.206
+03.5777	+00.3098	0001.207
+03.5734	+00.3098	0001.208
+03.5685	+00.3098	0001.209
+03.5646	+00.3098	0001.210
+03.5594	+00.3092	0001.211
+03.5551	+00.3089	0001.212
+03.5505	+00.3092	0001.213
+03.5469	+00.3092	0001.214
+03.5417	+00.3089	0001.215
+03.5371	+00.3086	0001.216
+03.5322	+00.3089	0001.217
+03.5292	+00.3086	0001.218
+03.5234	+00.3086	0001.219
+03.5197	+00.3083	0001.220
+03.5145	+00.3083	0001.221
+03.5109	+00.3080	0001.222
+03.5060	+00.3083	0001.223
+03.5008	+00.3080	0001.224
+03.4965	+00.3080	0001.225
+03.4925	+00.3080	0001.226
+03.4880	+00.3077	0001.227
+03.4837	+00.3077	0001.228
+03.4782	+00.3073	0001.229
+03.4742	+00.3073	0001.230
+03.4700	+00.3073	0001.231
+03.4654	+00.3070	0001.232
+03.4602	+00.3073	0001.233
+03.4562	+00.3070	0001.234
+03.4513	+00.3070	0001.235
+03.4468	+00.3070	0001.236
+03.4425	+00.3067	0001.237
+03.4385	+00.3067	0001.238
+03.4330	+00.3064	0001.239
+03.4294	+00.3058	0001.240
+03.4245	+00.3064	0001.241
+03.4202	+00.3061	0001.242
+03.4156	+00.3061	0001.243
+03.4108	+00.3058	0001.244
+03.4059	+00.3058	0001.245
+03.4025	+00.3055	0001.246
+03.3976	+00.3058	0001.247
+03.3928	+00.3052	0001.248
+03.3888	+00.3058	0001.249
+03.3842	+00.3052	0001.250
+03.3790	+00.3052	0001.251
+03.3757	+00.3046	0001.252
+03.3711	+00.3055	0001.253
+03.3665	+00.3046	0001.254
+03.3610	+00.3049	0001.255
+03.3570	+00.3049	0001.256
+03.3531	+00.3046	0001.257
+03.3479	+00.3043	0001.258
+03.3439	+00.3043	0001.259
+03.3387	+00.3043	0001.260
+03.3345	+00.3043	0001.261
+03.3293	+00.3043	0001.262
+03.3259	+00.3040	0001.263
+03.3207	+00.3040	0001.264
+03.3165	+00.3034	0001.265
+03.3113	+00.3037	0001.266
+03.3076	+00.3037	0001.267
+03.3030	+00.3031	0001.268
+03.2981	+00.3034	0001.269
+03.2939	+00.3031	0001.270
+03.2890	+00.3031	0001.271
+03.2844	+00.3031	0001.272
+03.2808	+00.3034	0001.273
+03.2762	+00.3028	0001.274
+03.2713	+00.3025	0001.275
+03.2670	+00.3022	0001.276
+03.2621	+00.3025	0001.277
+03.2579	+00.3019	0001.278
+03.2536	+00.3025	0001.279
+03.2487	+00.3019	0001.280
+03.2441	+00.3019	0001.281
+03.2392	+00.3019	0001.282
+03.2353	+00.3019	0001.283
+03.2304	+00.3016	0001.284
+03.2261	+00.3012	0001.285
+03.2215	+00.3012	0001.286
+03.2173	+00.3012	0001.287
+03.2127	+00.3012	0001.288
+03.2084	+00.3009	0001.289
+03.2032	+00.3012	0001.290
+03.1993	+00.3006	0001.291
+03.1950	+00.3006	0001.292
+03.1895	+00.3006	0001.293
+03.1858	+00.3006	0001.294
+03.1813	+00.3006	0001.295
+03.1764	+00.3003	0001.296
+03.1727	+00.3003	0001.297
+03.1681	+00.3003	0001.298
+03.1636	+00.3003	0001.299
+03.1590	+00.2997	0001.300
+03.1541	+00.2997	0001.301
+03.1492	+00.2991	0001.302
+03.1450	+00.2997	0001.303
+03.1410	+00.2991	0001.304
+03.1364	+00.2991	0001.305
+03.1318	+00.2991	0001.306
+03.1276	+00.2988	0001.307
+03.1230	+00.2985	0001.308
+03.1184	+00.2988	0001.309
+03.1132	+00.2988	0001.310
+03.1086	+00.2988	0001.311
+03.1053	+00.2988	0001.312
+03.1004	+00.2988	0001.313
+03.0952	+00.2985	0001.314
+03.0909	+00.2979	0001.315
+03.0870	+00.2982	0001.316
+03.0824	+00.2979	0001.317
+03.0775	+00.2979	0001.318
+03.0732	+00.2979	0001.319
+03.0680	+00.2976	0001.320
+03.0641	+00.2976	0001.321
+03.0592	+00.2973	0001.322
+03.0552	+00.2970	0001.323
+03.0507	+00.2973	0001.324
+03.0461	+00.2967	0001.325
+03.0418	+00.2967	0001.326
+03.0372	+00.2970	0001.327
+03.0326	+00.2970	0001.328
+03.0284	+00.2967	0001.329
+03.0238	+00.2964	0001.330
+03.0189	+00.2964	0001.331
+03.0153	+00.2961	0001.332
+03.0098	+00.2961	0001.333
+03.0055	+00.2958	0001.334
+03.0012	+00.2958	0001.335
+02.9972	+00.2958	0001.336
+02.9918	+00.2954	0001.337
+02.9878	+00.2958	0001.338
+02.9829	+00.2958	0001.339
+02.9792	+00.2951	0001.340
+02.9744	+00.2951	0001.341
+02.9695	+00.2948	0001.342
+02.9655	+00.2945	0001.343
+02.9606	+00.2948	0001.344
+02.9557	+00.2945	0001.345
+02.9515	+00.2942	0001.346
+02.9472	+00.2942	0001.347
+02.9426	+00.2942	0001.348
+02.9380	+00.2939	0001.349
+02.9335	+00.2939	0001.350
+02.9289	+00.2939	0001.351
+02.9249	+00.2942	0001.352
+02.9200	+00.2936	0001.353
+02.9161	+00.2930	0001.354
+02.9109	+00.2933	0001.355
+02.9069	+00.2930	0001.356
+02.9020	+00.2930	0001.357
+02.8968	+00.2930	0001.358
+02.8926	+00.2933	0001.359
+02.8886	+00.2930	0001.360
+02.8834	+00.2927	0001.361
+02.8798	+00.2924	0001.362
+02.8749	+00.2927	0001.363
+02.8709	+00.2921	0001.364
+02.8666	+00.2921	0001.365
+02.8617	+00.2918	0001.366
+02.8563	+00.2918	0001.367
+02.8523	+00.2924	0001.368
+02.8474	+00.2918	0001.369
+02.8431	+00.2918	0001.370
+02.8386	+00.2915	0001.371
+02.8343	+00.2912	0001.372
+02.8300	+00.2909	0001.373
+02.8254	+00.2912	0001.374
+02.8212	+00.2909	0001.375
+02.8166	+00.2909	0001.376
+02.8117	+00.2906	0001.377
+02.8074	+00.2900	0001.378
+02.8032	+00.2903	0001.379
+02.7983	+00.2903	0001.380
+02.7940	+00.2900	0001.381
+02.7891	+00.2903	0001.382
+02.7848	+00.2896	0001.383
+02.7812	+00.2900	0001.384
+02.7757	+00.2893	0001.385
+02.7711	+00.2893	0001.386
+02.7662	+00.2893	0001.387
+02.7623	+00.2887	0001.388
+02.7571	+00.2890	0001.389
+02.7531	+00.2887	0001.390
+02.7494	+00.2887	0001.391
+02.7439	+00.2887	0001.392
+02.7400	+00.2884	0001.393
+02.7345	+00.2884	0001.394
+02.7311	+00.2887	0001.395
+02.7262	+00.2881	0001.396
+02.7211	+00.2881	0001.397
+02.7168	+00.2878	0001.398
+02.7125	+00.2878	0001.399
+02.7082	+00.2878	0001.400
+02.7028	+00.2875	0001.401
+02.6988	+00.2869	0001.402
+02.6951	+00.2872	0001.403
+02.6899	+00.2875	0001.404
+02.6857	+00.2872	0001.405
+02.6814	+00.2869	0001.406
+02.6768	+00.2866	0001.407
+02.6722	+00.2863	0001.408
+02.6677	+00.2860	0001.409
+02.6628	+00.2866	0001.410
+02.6591	+00.2863	0001.411
+02.6542	+00.2860	0001.412
+02.6500	+00.2860	0001.413
+02.6448	+00.2860	0001.414
+02.6408	+00.2860	0001.415
+02.6359	+00.2857	0001.416
+02.6304	+00.2851	0001.417
+02.6271	+00.2857	0001.418
+02.6228	+00.2854	0001.419
+02.6179	+00.2854	0001.420
+02.6136	+00.2851	0001.421
+02.6091	+00.2848	0001.422
+02.6045	+00.2842	0001.423
+02.5999	+00.2842	0001.424
+02.5950	+00.2845	0001.425
+02.5908	+00.2839	0001.426
+02.5868	+00.2839	0001.427
+02.5819	+00.2839	0001.428
+02.5776	+00.2835	0001.429
+02.5721	+00.2835	0001.430
+02.5688	+00.2835	0001.431
+02.5642	+00.2826	0001.432
+02.5596	+00.2832	0001.433
+02.5550	+00.2829	0001.434
+02.5511	+00.2826	0001.435
+02.5462	+00.2829	0001.436
+02.5413	+00.2826	0001.437
+02.5367	+00.2829	0001.438
+02.5322	+00.2823	0001.439
+02.5276	+00.2820	0001.440
+02.5227	+00.2820	0001.441
+02.5187	+00.2820	0001.442
+02.5145	+00.2814	0001.443
+02.5096	+00.2817	0001.444
+02.5050	+00.2814	0001.445
+02.5007	+00.2817	0001.446
+02.4965	+00.2811	0001.447
+02.4919	+00.2811	0001.448
+02.4876	+00.2811	0001.449
+02.4827	+00.2808	0001.450
+02.4784	+00.2805	0001.451
+02.4736	+00.2808	0001.452
+02.4696	+00.2808	0001.453
+02.4650	+00.2799	0001.454
+02.4601	+00.2802	0001.455
+02.4556	+00.2799	0001.456
+02.4510	+00.2793	0001.457
+02.4470	+00.2793	0001.458
+02.4424	+00.2799	0001.459
+02.4376	+00.2793	0001.460
+02.4330	+00.2796	0001.461
+02.4284	+00.2790	0001.462
+02.4244	+00.2790	0001.463
+02.4199	+00.2787	0001.464
+02.4153	+00.2787	0001.465
+02.4113	+00.2787	0001.466
+02.4061	+00.2787	0001.467
+02.4015	+00.2784	0001.468
+02.3973	+00.2774	0001.469
+02.3927	+00.2777	0001.470
+02.3878	+00.2777	0001.471
+02.3838	+00.2774	0001.472
+02.3787	+00.2774	0001.473
+02.3747	+00.2777	0001.474
+02.3698	+00.2768	0001.475
+02.3649	+00.2771	0001.476
+02.3610	+00.2768	0001.477
+02.3567	+00.2765	0001.478
+02.3521	+00.2765	0001.479
+02.3472	+00.2762	0001.480
+02.3436	+00.2762	0001.481
+02.3381	+00.2759	0001.482
+02.3338	+00.2756	0001.483
+02.3295	+00.2759	0001.484
+02.3252	+00.2753	0001.485
+02.3204	+00.2753	0001.486
+02.3155	+00.2756	0001.487
+02.3118	+00.2756	0001.488
+02.3072	+00.2750	0001.489
+02.3030	+00.2747	0001.490
+02.2981	+00.2744	0001.491
+02.2932	+00.2747	0001.492
+02.2892	+00.2744	0001.493
+02.2850	+00.2741	0001.494
+02.2804	+00.2741	0001.495
+02.2752	+00.2738	0001.496
+02.2706	+00.2738	0001.497
+02.2670	+00.2732	0001.498
+02.2621	+00.2738	0001.499
+02.2575	+00.2732	0001.500
+02.2529	+00.2732	0001.501
+02.2490	+00.2735	0001.502
+02.2438	+00.2729	0001.503
+02.2395	+00.2726	0001.504
+02.2352	+00.2729	0001.505
+02.2303	+00.2726	0001.506
+02.2264	+00.2719	0001.507
+02.2215	+00.2723	0001.508
+02.2169	+00.2719	0001.509
+02.2126	+00.2719	0001.510
+02.2081	+00.2719	0001.511
+02.2035	+00.2713	0001.512
+02.1989	+00.2707	0001.513
+02.1946	+00.2713	0001.514
+02.1898	+00.2710	0001.515
+02.1858	+00.2707	0001.516
+02.1806	+00.2710	0001.517
+02.1763	+00.2704	0001.518
+02.1717	+00.2707	0001.519
+02.1678	+00.2701	0001.520
+02.1629	+00.2701	0001.521
+02.1580	+00.2701	0001.522
+02.1537	+00.2695	0001.523
+02.1492	+00.2692	0001.524
+02.1449	+00.2695	0001.525
+02.1403	+00.2695	0001.526
+02.1354	+00.2689	0001.527
+02.1309	+00.2689	0001.528
+02.1266	+00.2689	0001.529
+02.1223	+00.2683	0001.530
+02.1180	+00.2686	0001.531
+02.1135	+00.2680	0001.532
+02.1086	+00.2680	0001.533
+02.1040	+00.2680	0001.534
+02.0997	+00.2680	0001.535
+02.0945	+00.2674	0001.536
+02.0912	+00.2674	0001.537
+02.0857	+00.2674	0001.538
+02.0817	+00.2671	0001.539
+02.0771	+00.2671	0001.540
+02.0729	+00.2668	0001.541
+02.0686	+00.2665	0001.542
+02.0640	+00.2661	0001.543
+02.0588	+00.2668	0001.544
+02.0546	+00.2658	0001.545
+02.0506	+00.2658	0001.546
+02.0454	+00.2658	0001.547
+02.0411	+00.2652	0001.548
+02.0362	+00.2652	0001.549
+02.0329	+00.2652	0001.550
+02.0277	+00.2649	0001.551
+02.0231	+00.2646	0001.552
+02.0189	+00.2646	0001.553
+02.0143	+00.2643	0001.554
+02.0097	+00.2643	0001.555
+02.0048	+00.2640	0001.556
+02.0002	+00.2640	0001.557
+01.9963	+00.2637	0001.558
+01.9911	+00.2640	0001.559
+01.9877	+00.2634	0001.560
+01.9831	+00.2631	0001.561
+01.9783	+00.2634	0001.562
+01.9728	+00.2628	0001.563
+01.9694	+00.2628	0001.564
+01.9651	+00.2625	0001.565
+01.9603	+00.2628	0001.566
+01.9560	+00.2622	0001.567
+01.9511	+00.2622	0001.568
+01.9471	+00.2619	0001.569
+01.9423	+00.2613	0001.570
+01.9380	+00.2619	0001.571
+01.9328	+00.2616	0001.572
+01.9285	+00.2613	0001.573
+01.9239	+00.2613	0001.574
+01.9197	+00.2607	0001.575
+01.9154	+00.2607	0001.576
+01.9105	+00.2604	0001.577
+01.9062	+00.2607	0001.578
+01.9017	+00.2604	0001.579
+01.8968	+00.2600	0001.580
+01.8925	+00.2594	0001.581
+01.8882	+00.2597	0001.582
+01.8830	+00.2594	0001.583
+01.8797	+00.2591	0001.584
+01.8742	+00.2588	0001.585
+01.8699	+00.2591	0001.586
+01.8653	+00.2588	0001.587
+01.8611	+00.2585	0001.588
+01.8571	+00.2585	0001.589
+01.8516	+00.2582	0001.590
+01.8467	+00.2579	0001.591
+01.8428	+00.2576	0001.592
+01.8382	+00.2573	0001.593
+01.8345	+00.2573	0001.594
+01.8293	+00.2573	0001.595
+01.8248	+00.2570	0001.596
+01.8205	+00.2570	0001.597
+01.8156	+00.2567	0001.598
+01.8119	+00.2564	0001.599
+01.8074	+00.2564	0001.600
+01.8031	+00.2561	0001.601
+01.7979	+00.2558	0001.602
+01.7936	+00.2555	0001.603
+01.7891	+00.2555	0001.604
+01.7845	+00.2555	0001.605
+01.7802	+00.2555	0001.606
+01.7750	+00.2552	0001.607
+01.7710	+00.2549	0001.608
+01.7665	+00.2546	0001.609
+01.7622	+00.2542	0001.610
+01.7573	+00.2542	0001.611
+01.7524	+00.2542	0001.612
+01.7485	+00.2536	0001.613
+01.7436	+00.2536	0001.614
+01.7390	+00.2533	0001.615
+01.7350	+00.2533	0001.616
+01.7305	+00.2530	0001.617
+01.7256	+00.2527	0001.618
+01.7213	+00.2527	0001.619
+01.7170	+00.2524	0001.620
+01.7125	+00.2524	0001.621
+01.7073	+00.2518	0001.622
+01.7033	+00.2518	0001.623
+01.6987	+00.2515	0001.624
+01.6944	+00.2518	0001.625
+01.6899	+00.2512	0001.626
+01.6853	+00.2512	0001.627
+01.6810	+00.2509	0001.628
+01.6758	+00.2506	0001.629
+01.6716	+00.2506	0001.630
+01.6676	+00.2506	0001.631
+01.6630	+00.2500	0001.632
+01.6584	+00.2503	0001.633
+01.6536	+00.2494	0001.634
+01.6499	+00.2494	0001.635
+01.6450	+00.2497	0001.636
+01.6404	+00.2491	0001.637
+01.6356	+00.2488	0001.638
+01.6310	+00.2481	0001.639
+01.6270	+00.2488	0001.640
+01.6224	+00.2488	0001.641
+01.6175	+00.2481	0001.642
+01.6136	+00.2478	0001.643
+01.6087	+00.2472	0001.644
+01.6041	+00.2475	0001.645
+01.5995	+00.2472	0001.646
+01.5956	+00.2469	0001.647
+01.5907	+00.2466	0001.648
+01.5861	+00.2466	0001.649
+01.5818	+00.2463	0001.650
+01.5776	+00.2463	0001.651
+01.5727	+00.2457	0001.652
+01.5681	+00.2457	0001.653
+01.5635	+00.2454	0001.654
+01.5590	+00.2451	0001.655
+01.5547	+00.2457	0001.656
+01.5504	+00.2448	0001.657
+01.5455	+00.2448	0001.658
+01.5413	+00.2445	0001.659
+01.5367	+00.2442	0001.660
+01.5321	+00.2439	0001.661
+01.5272	+00.2439	0001.662
+01.5232	+00.2439	0001.663
+01.5190	+00.2436	0001.664
+01.5138	+00.2433	0001.665
+01.5092	+00.2433	0001.666
+01.5055	+00.2427	0001.667
+01.5007	+00.2427	0001.668
+01.4958	+00.2420	0001.669
+01.4915	+00.2420	0001.670
+01.4875	+00.2420	0001.671
+01.4820	+00.2420	0001.672
+01.4784	+00.2417	0001.673
+01.4732	+00.2408	0001.674
+01.4689	+00.2408	0001.675
+01.4647	+00.2405	0001.676
+01.4598	+00.2399	0001.677
+01.4555	+00.2402	0001.678
+01.4506	+00.2402	0001.679
+01.4460	+00.2396	0001.680
+01.4421	+00.2399	0001.681
+01.4372	+00.2393	0001.682
+01.4329	+00.2390	0001.683
+01.4280	+00.2393	0001.684
+01.4238	+00.2384	0001.685
+01.4195	+00.2384	0001.686
+01.4146	+00.2384	0001.687
+01.4103	+00.2384	0001.688
+01.4058	+00.2375	0001.689
+01.4018	+00.2378	0001.690
+01.3969	+00.2372	0001.691
+01.3926	+00.2372	0001.692
+01.3877	+00.2372	0001.693
+01.3832	+00.2362	0001.694
+01.3789	+00.2369	0001.695
+01.3743	+00.2359	0001.696
+01.3697	+00.2356	0001.697
+01.3658	+00.2353	0001.698
+01.3612	+00.2353	0001.699
+01.3563	+00.2350	0001.700
+01.3514	+00.2350	0001.701
+01.3472	+00.2350	0001.702
+01.3429	+00.2341	0001.703
+01.3386	+00.2344	0001.704
+01.3340	+00.2338	0001.705
+01.3292	+00.2338	0001.706
+01.3249	+00.2332	0001.707
+01.3200	+00.2326	0001.708
+01.3157	+00.2329	0001.709
+01.3115	+00.2326	0001.710
+01.3072	+00.2326	0001.711
+01.3026	+00.2323	0001.712
+01.2971	+00.2317	0001.713
+01.2931	+00.2317	0001.714
+01.2889	+00.2314	0001.715
+01.2843	+00.2314	0001.716
+01.2794	+00.2317	0001.717
+01.2754	+00.2311	0001.718
+01.2706	+00.2304	0001.719
+01.2666	+00.2307	0001.720
+01.2617	+00.2301	0001.721
+01.2571	+00.2301	0001.722
+01.2526	+00.2295	0001.723
+01.2483	+00.2292	0001.724
+01.2440	+00.2292	0001.725
+01.2397	+00.2289	0001.726
+01.2345	+00.2283	0001.727
+01.2303	+00.2286	0001.728
+01.2257	+00.2283	0001.729
+01.2211	+00.2277	0001.730
+01.2168	+00.2271	0001.731
+01.2120	+00.2268	0001.732
+01.2077	+00.2268	0001.733
+01.2031	+00.2268	0001.734
+01.1988	+00.2265	0001.735
+01.1943	+00.2262	0001.736
+01.1894	+00.2256	0001.737
+01.1848	+00.2256	0001.738
+01.1805	+00.2253	0001.739
+01.1760	+00.2250	0001.740
+01.1714	+00.2250	0001.741
+01.1674	+00.2246	0001.742
+01.1622	+00.2240	0001.743
+01.1580	+00.2240	0001.744
+01.1537	+00.2240	0001.745
+01.1491	+00.2234	0001.746
+01.1445	+00.2231	0001.747
+01.1396	+00.2231	0001.748
+01.1357	+00.2228	0001.749
+01.1311	+00.2222	0001.750
+01.1265	+00.2222	0001.751
+01.1216	+00.2216	0001.752
+01.1180	+00.2219	0001.753
+01.1134	+00.2213	0001.754
+01.1085	+00.2213	0001.755
+01.1039	+00.2207	0001.756
+01.0997	+00.2204	0001.757
+01.0951	+00.2204	0001.758
+01.0908	+00.2198	0001.759
+01.0859	+00.2195	0001.760
+01.0817	+00.2195	0001.761
+01.0774	+00.2192	0001.762
+01.0728	+00.2182	0001.763
+01.0676	+00.2185	0001.764
+01.0637	+00.2176	0001.765
+01.0588	+00.2179	0001.766
+01.0539	+00.2176	0001.767
+01.0499	+00.2173	0001.768
+01.0456	+00.2170	0001.769
+01.0411	+00.2167	0001.770
+01.0362	+00.2158	0001.771
+01.0325	+00.2164	0001.772
+01.0270	+00.2158	0001.773
+01.0231	+00.2152	0001.774
+01.0185	+00.2152	0001.775
+01.0139	+00.2146	0001.776
+01.0096	+00.2146	0001.777
+01.0054	+00.2143	0001.778
+01.0002	+00.2140	0001.779
+00.9956	+00.2137	0001.780
+00.9913	+00.2130	0001.781
+00.9874	+00.2130	0001.782
+00.9822	+00.2127	0001.783
+00.9773	+00.2124	0001.784
+00.9733	+00.2118	0001.785
+00.9684	+00.2112	0001.786
+00.9645	+00.2109	0001.787
+00.9596	+00.2112	0001.788
+00.9556	+00.2106	0001.789
+00.9507	+00.2103	0001.790
+00.9459	+00.2100	0001.791
+00.9416	+00.2097	0001.792
+00.9376	+00.2094	0001.793
+00.9324	+00.2091	0001.794
+00.9282	+00.2088	0001.795
+00.9236	+00.2088	0001.796
+00.9193	+00.2082	0001.797
+00.9144	+00.2079	0001.798
+00.9101	+00.2073	0001.799
+00.9056	+00.2069	0001.800
+00.9016	+00.2069	0001.801
+00.8967	+00.2063	0001.802
+00.8921	+00.2060	0001.803
+00.8873	+00.2057	0001.804
+00.8830	+00.2051	0001.805
+00.8787	+00.2051	0001.806
+00.8744	+00.2045	0001.807
+00.8696	+00.2042	0001.808
+00.8650	+00.2039	0001.809
+00.8610	+00.2030	0001.810
+00.8561	+00.2036	0001.811
+00.8516	+00.2033	0001.812
+00.8473	+00.2027	0001.813
+00.8421	+00.2024	0001.814
+00.8378	+00.2021	0001.815
+00.8335	+00.2015	0001.816
+00.8287	+00.2008	0001.817
+00.8244	+00.2005	0001.818
+00.8201	+00.2008	0001.819
+00.8158	+00.2002	0001.820
+00.8107	+00.1996	0001.821
+00.8067	+00.1993	0001.822
+00.8018	+00.1987	0001.823
+00.7978	+00.1987	0001.824
+00.7930	+00.1984	0001.825
+00.7887	+00.1984	0001.826
+00.7835	+00.1975	0001.827
+00.7795	+00.1975	0001.828
+00.7750	+00.1969	0001.829
+00.7707	+00.1963	0001.830
+00.7664	+00.1957	0001.831
+00.7615	+00.1957	0001.832
+00.7573	+00.1953	0001.833
+00.7524	+00.1944	0001.834
+00.7478	+00.1944	0001.835
+00.7435	+00.1941	0001.836
+00.7392	+00.1938	0001.837
+00.7344	+00.1932	0001.838
+00.7301	+00.1926	0001.839
+00.7255	+00.1920	0001.840
+00.7209	+00.1923	0001.841
+00.7167	+00.1920	0001.842
+00.7121	+00.1911	0001.843
+00.7072	+00.1905	0001.844
+00.7029	+00.1905	0001.845
+00.6987	+00.1902	0001.846
+00.6935	+00.1892	0001.847
+00.6895	+00.1889	0001.848
+00.6849	+00.1892	0001.849
+00.6800	+00.1880	0001.850
+00.6758	+00.1877	0001.851
+00.6715	+00.1871	0001.852
+00.6672	+00.1868	0001.853
+00.6623	+00.1865	0001.854
+00.6584	+00.1859	0001.855
+00.6529	+00.1853	0001.856
+00.6489	+00.1853	0001.857
+00.6446	+00.1844	0001.858
+00.6398	+00.1844	0001.859
+00.6355	+00.1841	0001.860
+00.6309	+00.1834	0001.861
+00.6260	+00.1828	0001.862
+00.6218	+00.1822	0001.863
+00.6175	+00.1822	0001.864
+00.6129	+00.1816	0001.865
+00.6080	+00.1810	0001.866
+00.6034	+00.1807	0001.867
+00.5992	+00.1798	0001.868
+00.5952	+00.1798	0001.869
+00.5903	+00.1795	0001.870
+00.5861	+00.1789	0001.871
+00.5815	+00.1776	0001.872
+00.5766	+00.1773	0001.873
+00.5720	+00.1770	0001.874
+00.5680	+00.1767	0001.875
+00.5632	+00.1761	0001.876
+00.5589	+00.1758	0001.877
+00.5543	+00.1755	0001.878
+00.5497	+00.1746	0001.879
+00.5449	+00.1740	0001.880
+00.5406	+00.1740	0001.881
+00.5360	+00.1731	0001.882
+00.5320	+00.1731	0001.883
+00.5275	+00.1722	0001.884
+00.5229	+00.1719	0001.885
+00.5177	+00.1712	0001.886
+00.5137	+00.1709	0001.887
+00.5091	+00.1700	0001.888
+00.5049	+00.1697	0001.889
+00.5006	+00.1688	0001.890
+00.4960	+00.1682	0001.891
+00.4908	+00.1685	0001.892
+00.4869	+00.1673	0001.893
+00.4820	+00.1667	0001.894
+00.4777	+00.1664	0001.895
+00.4731	+00.1654	0001.896
+00.4686	+00.1645	0001.897
+00.4643	+00.1645	0001.898
+00.4597	+00.1642	0001.899
+00.4551	+00.1633	0001.900
+00.4502	+00.1627	0001.901
+00.4454	+00.1624	0001.902
+00.4417	+00.1612	0001.903
+00.4374	+00.1612	0001.904
+00.4322	+00.1603	0001.905
+00.4280	+00.1596	0001.906
+00.4240	+00.1593	0001.907
+00.4185	+00.1581	0001.908
+00.4148	+00.1578	0001.909
+00.4100	+00.1572	0001.910
+00.4057	+00.1569	0001.911
+00.4014	+00.1563	0001.912
+00.3965	+00.1554	0001.913
+00.3920	+00.1548	0001.914
+00.3877	+00.1542	0001.915
+00.3831	+00.1535	0001.916
+00.3785	+00.1529	0001.917
+00.3736	+00.1520	0001.918
+00.3697	+00.1511	0001.919
+00.3648	+00.1505	0001.920
+00.3602	+00.1499	0001.921
+00.3559	+00.1493	0001.922
+00.3517	+00.1487	0001.923
+00.3471	+00.1480	0001.924
+00.3425	+00.1474	0001.925
+00.3379	+00.1462	0001.926
+00.3334	+00.1456	0001.927
+00.3291	+00.1447	0001.928
+00.3245	+00.1444	0001.929
+00.3196	+00.1432	0001.930
+00.3154	+00.1432	0001.931
+00.3108	+00.1422	0001.932
+00.3065	+00.1413	0001.933
+00.3019	+00.1407	0001.934
+00.2977	+00.1395	0001.935
+00.2931	+00.1389	0001.936
+00.2882	+00.1383	0001.937
+00.2842	+00.1374	0001.938
+00.2793	+00.1368	0001.939
+00.2745	+00.1361	0001.940
+00.2699	+00.1349	0001.941
+00.2659	+00.1346	0001.942
+00.2610	+00.1331	0001.943
+00.2568	+00.1328	0001.944
+00.2522	+00.1322	0001.945
+00.2482	+00.1310	0001.946
+00.2433	+00.1300	0001.947
+00.2388	+00.1291	0001.948
+00.2342	+00.1285	0001.949
+00.2296	+00.1276	0001.950
+00.2253	+00.1270	0001.951
+00.2208	+00.1258	0001.952
+00.2159	+00.1242	0001.953
+00.2116	+00.1242	0001.954
+00.2073	+00.1230	0001.955
+00.2028	+00.1221	0001.956
+00.1979	+00.1212	0001.957
+00.1936	+00.1203	0001.958
+00.1893	+00.1194	0001.959
+00.1851	+00.1184	0001.960
+00.1796	+00.1172	0001.961
+00.1759	+00.1163	0001.962
+00.1710	+00.1160	0001.963
+00.1667	+00.1145	0001.964
+00.1625	+00.1136	0001.965
+00.1576	+00.1123	0001.966
+00.1533	+00.1117	0001.967
+00.1487	+00.1102	0001.968
+00.1442	+00.1093	0001.969
+00.1399	+00.1084	0001.970
+00.1353	+00.1072	0001.971
+00.1307	+00.1062	0001.972
+00.1262	+00.1047	0001.973
+00.1219	+00.1038	0001.974
+00.1173	+00.1029	0001.975
+00.1127	+00.1020	0001.976
+00.1081	+00.1007	0001.977
+00.1036	+00.0998	0001.978
+00.0987	+00.0986	0001.979
+00.0947	+00.0974	0001.980
+00.0898	+00.0962	0001.981
+00.0856	+00.0949	0001.982
+00.0810	+00.0937	0001.983
+00.0767	+00.0928	0001.984
+00.0715	+00.0916	0001.985
+00.0679	+00.0904	0001.986
+00.0630	+00.0888	0001.987
+00.0587	+00.0876	0001.988
+00.0538	+00.0867	0001.989
+00.0499	+00.0852	0001.990
+00.0453	+00.0843	0001.991
+00.0401	+00.0827	0001.992
+00.0358	+00.0815	0001.993
+00.0315	+00.0806	0001.994
+00.0270	+00.0791	0001.995
+00.0224	+00.0772	0001.996
+00.0178	+00.0760	0001.997
+00.0132	+00.0748	0001.998
+00.0093	+00.0739	0001.999
