R,Ohm	C,pF	Temp,C
0000000000	0000100000	+025.00
Ch1,V	Ch2,V	Time,s
-00.0002	-00.0012	0000.000
-00.0002	-00.0006	0000.001
+00.0041	-00.0006	0000.002
+00.0087	-00.0009	0000.003
+00.0132	-00.0012	0000.004
+00.0172	-00.0003	0000.005
+00.0224	-00.0006	0000.006
+00.0267	-00.0003	0000.007
+00.0312	-00.0003	0000.008
+00.0352	+00.0000	0000.009
+00.0401	+00.0000	0000.010
+00.0444	+00.0003	0000.011
+00.0499	+00.0003	0000.012
+00.0535	+00.0010	0000.013
+00.0584	+00.0006	0000.014
+00.0624	+00.0013	0000.015
+00.0676	+00.0010	0000.016
+00.0718	+00.0006	0000.017
+00.0761	+00.0010	0000.018
+00.0810	+00.0016	0000.019
+00.0856	+00.0016	0000.020
+00.0895	+00.0019	0000.021
+00.0944	+00.0013	0000.022
+00.0990	+00.0025	0000.023
+00.1033	+00.0019	0000.024
+00.1072	+00.0025	0000.025
+00.1124	+00.0025	0000.026
+00.1173	+00.0025	0000.027
+00.1216	+00.0031	0000.028
+00.1258	+00.0034	0000.029
+00.1304	+00.0034	0000.030
+00.1350	+00.0034	0000.031
+00.1396	+00.0043	0000.032
+00.1435	+00.0046	0000.033
+00.1484	+00.0049	0000.034
+00.1533	+00.0049	0000.035
+00.1576	+00.0052	0000.036
+00.1622	+00.0055	0000.037
+00.1667	+00.0055	0000.038
+00.1707	+00.0058	0000.039
+00.1753	+00.0064	0000.040
+00.1799	+00.0071	0000.041
+00.1844	+00.0074	0000.042
+00.1887	+00.0077	0000.043
+00.1936	+00.0080	0000.044
+00.1976	+00.0086	0000.045
+00.2024	+00.0089	0000.046
+00.2070	+00.0092	0000.047
+00.2116	+00.0104	0000.048
+00.2156	+00.0104	0000.049
+00.2205	+00.0104	0000.050
+00.2250	+00.0107	0000.051
+00.2296	+00.0119	0000.052
+00.2339	+00.0119	0000.053
+00.2388	+00.0125	0000.054
+00.2427	+00.0125	0000.055
+00.2476	+00.0135	0000.056
+00.2522	+00.0141	0000.057
+00.2568	+00.0147	0000.058
+00.2613	+00.0147	0000.059
+00.2653	+00.0156	0000.060
+00.2702	+00.0159	0000.061
+00.2742	+00.0168	0000.062
+00.2787	+00.0168	0000.063
+00.2833	+00.0177	0000.064
+00.2879	+00.0183	0000.065
+00.2925	+00.0190	0000.066
+00.2974	+00.0193	0000.067
+00.3010	+00.0199	0000.068
+00.3053	+00.0205	0000.069
+00.3105	+00.0211	0000.070
+00.3151	+00.0217	0000.071
+00.3196	+00.0223	0000.072
+00.3236	+00.0226	0000.073
+00.3288	+00.0229	0000.074
+00.3328	+00.0238	0000.075
+00.3373	+00.0248	0000.076
+00.3419	+00.0254	0000.077
+00.3474	+00.0260	0000.078
+00.3514	+00.0269	0000.079
+00.3553	+00.0272	0000.080
+00.3599	+00.0278	0000.081
+00.3642	+00.0287	0000.082
+00.3694	+00.0290	0000.083
+00.3730	+00.0302	0000.084
+00.3782	+00.0299	0000.085
+00.3825	+00.0312	0000.086
+00.3871	+00.0315	0000.087
+00.3917	+00.0324	0000.088
+00.3962	+00.0333	0000.089
+00.4008	+00.0339	0000.090
+00.4054	+00.0345	0000.091
+00.4094	+00.0351	0000.092
+00.4139	+00.0357	0000.093
+00.4188	+00.0370	0000.094
+00.4234	+00.0373	0000.095
+00.4277	+00.0379	0000.096
+00.4319	+00.0388	0000.097
+00.4368	+00.0394	0000.098
+00.4408	+00.0403	0000.099
+00.4460	+00.0409	0000.100
+00.4506	+00.0418	0000.101
+00.4545	+00.0422	0000.102
+00.4594	+00.0431	0000.103
+00.4637	+00.0434	0000.104
+00.4686	+00.0446	0000.105
+00.4728	+00.0449	0000.106
+00.4771	+00.0461	0000.107
+00.4820	+00.0467	0000.108
+00.4863	+00.0473	0000.109
+00.4911	+00.0483	0000.110
+00.4954	+00.0486	0000.111
+00.5000	+00.0498	0000.112
+00.5046	+00.0504	0000.113
+00.5091	+00.0513	0000.114
+00.5137	+00.0519	0000.115
+00.5174	+00.0525	0000.116
+00.5223	+00.0537	0000.117
+00.5272	+00.0541	0000.118
+00.5311	+00.0553	0000.119
+00.5357	+00.0559	0000.120
+00.5400	+00.0565	0000.121
+00.5449	+00.0574	0000.122
+00.5497	+00.0577	0000.123
+00.5540	+00.0586	0000.124
+00.5583	+00.0595	0000.125
+00.5629	+00.0605	0000.126
+00.5668	+00.0611	0000.127
+00.5720	+00.0620	0000.128
+00.5766	+00.0629	0000.129
+00.5809	+00.0635	0000.130
+00.5848	+00.0644	0000.131
+00.5900	+00.0656	0000.132
+00.5946	+00.0660	0000.133
+00.5989	+00.0669	0000.134
+00.6031	+00.0675	0000.135
+00.6080	+00.0681	0000.136
+00.6129	+00.0696	0000.137
+00.6169	+00.0696	0000.138
+00.6215	+00.0708	0000.139
+00.6257	+00.0714	0000.140
+00.6309	+00.0721	0000.141
+00.6349	+00.0733	0000.142
+00.6395	+00.0739	0000.143
+00.6440	+00.0748	0000.144
+00.6489	+00.0754	0000.145
+00.6529	+00.0763	0000.146
+00.6572	+00.0769	0000.147
+00.6623	+00.0779	0000.148
+00.6666	+00.0791	0000.149
+00.6715	+00.0794	0000.150
+00.6755	+00.0806	0000.151
+00.6797	+00.0806	0000.152
+00.6846	+00.0818	0000.153
+00.6895	+00.0824	0000.154
+00.6935	+00.0833	0000.155
+00.6987	+00.0843	0000.156
+00.7026	+00.0852	0000.157
+00.7072	+00.0861	0000.158
+00.7115	+00.0864	0000.159
+00.7161	+00.0870	0000.160
+00.7206	+00.0882	0000.161
+00.7255	+00.0888	0000.162
+00.7295	+00.0901	0000.163
+00.7341	+00.0904	0000.164
+00.7386	+00.0910	0000.165
+00.7429	+00.0916	0000.166
+00.7475	+00.0928	0000.167
+00.7518	+00.0931	0000.168
+00.7569	+00.0940	0000.169
+00.7612	+00.0953	0000.170
+00.7652	+00.0962	0000.171
+00.7701	+00.0962	0000.172
+00.7746	+00.0980	0000.173
+00.7795	+00.0980	0000.174
+00.7835	+00.0992	0000.175
+00.7881	+00.0998	0000.176
+00.7927	+00.1001	0000.177
+00.7969	+00.1007	0000.178
+00.8021	+00.1017	0000.179
+00.8064	+00.1023	0000.180
+00.8113	+00.1032	0000.181
+00.8152	+00.1038	0000.182
+00.8195	+00.1044	0000.183
+00.8247	+00.1053	0000.184
+00.8290	+00.1065	0000.185
+00.8332	+00.1075	0000.186
+00.8381	+00.1078	0000.187
+00.8421	+00.1084	0000.188
+00.8467	+00.1090	0000.189
+00.8512	+00.1096	0000.190
+00.8555	+00.1105	0000.191
+00.8601	+00.1114	0000.192
+00.8647	+00.1117	0000.193
+00.8693	+00.1126	0000.194
+00.8738	+00.1130	0000.195
+00.8784	+00.1142	0000.196
+00.8827	+00.1145	0000.197
+00.8870	+00.1154	0000.198
+00.8921	+00.1157	0000.199
+00.8961	+00.1166	0000.200
+00.9010	+00.1172	0000.201
+00.9053	+00.1178	0000.202
+00.9098	+00.1187	0000.203
+00.9141	+00.1194	0000.204
+00.9196	+00.1197	0000.205
+00.9236	+00.1209	0000.206
+00.9275	+00.1212	0000.207
+00.9327	+00.1218	0000.208
+00.9370	+00.1227	0000.209
+00.9413	+00.1236	0000.210
+00.9459	+00.1236	0000.211
+00.9504	+00.1242	0000.212
+00.9553	+00.1252	0000.213
+00.9596	+00.1255	0000.214
+00.9642	+00.1261	0000.215
+00.9681	+00.1273	0000.216
+00.9730	+00.1276	0000.217
+00.9776	+00.1279	0000.218
+00.9819	+00.1288	0000.219
+00.9864	+00.1297	0000.220
+00.9907	+00.1297	0000.221
+00.9953	+00.1307	0000.222
+00.9999	+00.1313	0000.223
+01.0051	+00.1316	0000.224
+01.0093	+00.1322	0000.225
+01.0136	+00.1325	0000.226
+01.0182	+00.1334	0000.227
+01.0228	+00.1343	0000.228
+01.0273	+00.1346	0000.229
+01.0319	+00.1352	0000.230
+01.0359	+00.1358	0000.231
+01.0405	+00.1365	0000.232
+01.0447	+00.1371	0000.233
+01.0496	+00.1377	0000.234
+01.0542	+00.1377	0000.235
+01.0588	+00.1386	0000.236
+01.0630	+00.1389	0000.237
+01.0676	+00.1398	0000.238
+01.0725	+00.1401	0000.239
+01.0771	+00.1407	0000.240
+01.0817	+00.1410	0000.241
+01.0856	+00.1419	0000.242
+01.0902	+00.1429	0000.243
+01.0948	+00.1429	0000.244
+01.0994	+00.1435	0000.245
+01.1036	+00.1438	0000.246
+01.1079	+00.1444	0000.247
+01.1128	+00.1450	0000.248
+01.1174	+00.1450	0000.249
+01.1219	+00.1462	0000.250
+01.1265	+00.1465	0000.251
+01.1308	+00.1465	0000.252
+01.1351	+00.1474	0000.253
+01.1393	+00.1480	0000.254
+01.1445	+00.1484	0000.255
+01.1491	+00.1493	0000.256
+01.1531	+00.1493	0000.257
+01.1573	+00.1505	0000.258
+01.1625	+00.1502	0000.259
+01.1665	+00.1511	0000.260
+01.1711	+00.1514	0000.261
+01.1757	+00.1520	0000.262
+01.1802	+00.1523	0000.263
+01.1851	+00.1529	0000.264
+01.1891	+00.1532	0000.265
+01.1937	+00.1538	0000.266
+01.1982	+00.1545	0000.267
+01.2031	+00.1545	0000.268
+01.2068	+00.1551	0000.269
+01.2114	+00.1551	0000.270
+01.2165	+00.1563	0000.271
+01.2211	+00.1563	0000.272
+01.2251	+00.1572	0000.273
+01.2297	+00.1575	0000.274
+01.2345	+00.1575	0000.275
+01.2391	+00.1581	0000.276
+01.2431	+00.1584	0000.277
+01.2474	+00.1593	0000.278
+01.2523	+00.1593	0000.279
+01.2565	+00.1599	0000.280
+01.2614	+00.1609	0000.281
+01.2657	+00.1609	0000.282
+01.2706	+00.1612	0000.283
+01.2748	+00.1615	0000.284
+01.2791	+00.1618	0000.285
+01.2837	+00.1624	0000.286
+01.2886	+00.1630	0000.287
+01.2925	+00.1630	0000.288
+01.2971	+00.1639	0000.289
+01.3020	+00.1639	0000.290
+01.3066	+00.1645	0000.291
+01.3111	+00.1651	0000.292
+01.3151	+00.1651	0000.293
+01.3200	+00.1657	0000.294
+01.3243	+00.1661	0000.295
+01.3285	+00.1661	0000.296
+01.3337	+00.1673	0000.297
+01.3380	+00.1673	0000.298
+01.3423	+00.1673	0000.299
+01.3472	+00.1682	0000.300
+01.3517	+00.1682	0000.301
+01.3563	+00.1688	0000.302
+01.3606	+00.1694	0000.303
+01.3652	+00.1697	0000.304
+01.3697	+00.1700	0000.305
+01.3737	+00.1703	0000.306
+01.3789	+00.1712	0000.307
+01.3835	+00.1709	0000.308
+01.3874	+00.1715	0000.309
+01.3917	+00.1719	0000.310
+01.3972	+00.1722	0000.311
+01.4015	+00.1725	0000.312
+01.4054	+00.1731	0000.313
+01.4100	+00.1731	0000.314
+01.4149	+00.1734	0000.315
+01.4192	+00.1743	0000.316
+01.4231	+00.1743	0000.317
+01.4280	+00.1749	0000.318
+01.4329	+00.1746	0000.319
+01.4369	+00.1755	0000.320
+01.4415	+00.1758	0000.321
+01.4460	+00.1761	0000.322
+01.4506	+00.1767	0000.323
+01.4549	+00.1767	0000.324
+01.4595	+00.1773	0000.325
+01.4640	+00.1776	0000.326
+01.4686	+00.1780	0000.327
+01.4726	+00.1776	0000.328
+01.4775	+00.1783	0000.329
+01.4820	+00.1786	0000.330
+01.4872	+00.1792	0000.331
+01.4912	+00.1795	0000.332
+01.4958	+00.1795	0000.333
+01.5001	+00.1804	0000.334
+01.5046	+00.1807	0000.335
+01.5092	+00.1810	0000.336
+01.5135	+00.1810	0000.337
+01.5187	+00.1816	0000.338
+01.5226	+00.1822	0000.339
+01.5269	+00.1822	0000.340
+01.5315	+00.1822	0000.341
+01.5364	+00.1828	0000.342
+01.5413	+00.1831	0000.343
+01.5452	+00.1834	0000.344
+01.5498	+00.1844	0000.345
+01.5541	+00.1841	0000.346
+01.5590	+00.1844	0000.347
+01.5629	+00.1844	0000.348
+01.5675	+00.1856	0000.349
+01.5724	+00.1850	0000.350
+01.5773	+00.1859	0000.351
+01.5815	+00.1859	0000.352
+01.5858	+00.1862	0000.353
+01.5904	+00.1862	0000.354
+01.5950	+00.1868	0000.355
+01.5992	+00.1868	0000.356
+01.6044	+00.1874	0000.357
+01.6087	+00.1877	0000.358
+01.6124	+00.1877	0000.359
+01.6175	+00.1886	0000.360
+01.6221	+00.1886	0000.361
+01.6261	+00.1889	0000.362
+01.6310	+00.1892	0000.363
+01.6352	+00.1892	0000.364
+01.6401	+00.1899	0000.365
+01.6447	+00.1902	0000.366
+01.6490	+00.1905	0000.367
+01.6536	+00.1914	0000.368
+01.6578	+00.1911	0000.369
+01.6624	+00.1911	0000.370
+01.6670	+00.1917	0000.371
+01.6713	+00.1920	0000.372
+01.6764	+00.1923	0000.373
+01.6807	+00.1923	0000.374
+01.6853	+00.1926	0000.375
+01.6896	+00.1929	0000.376
+01.6941	+00.1932	0000.377
+01.6987	+00.1935	0000.378
+01.7033	+00.1935	0000.379
+01.7073	+00.1938	0000.380
+01.7115	+00.1944	0000.381
+01.7164	+00.1947	0000.382
+01.7207	+00.1950	0000.383
+01.7253	+00.1950	0000.384
+01.7305	+00.1953	0000.385
+01.7344	+00.1953	0000.386
+01.7387	+00.1957	0000.387
+01.7433	+00.1963	0000.388
+01.7479	+00.1969	0000.389
+01.7530	+00.1966	0000.390
+01.7570	+00.1966	0000.391
+01.7616	+00.1975	0000.392
+01.7662	+00.1978	0000.393
+01.7707	+00.1981	0000.394
+01.7753	+00.1981	0000.395
+01.7799	+00.1984	0000.396
+01.7839	+00.1987	0000.397
+01.7884	+00.1990	0000.398
+01.7930	+00.1990	0000.399
+01.7973	+00.1990	0000.400
+01.8019	+00.1999	0000.401
+01.8064	+00.1999	0000.402
+01.8113	+00.2002	0000.403
+01.8153	+00.2011	0000.404
+01.8202	+00.2008	0000.405
+01.8248	+00.2008	0000.406
+01.8293	+00.2015	0000.407
+01.8339	+00.2011	0000.408
+01.8385	+00.2021	0000.409
+01.8431	+00.2018	0000.410
+01.8467	+00.2021	0000.411
+01.8513	+00.2024	0000.412
+01.8562	+00.2024	0000.413
+01.8608	+00.2033	0000.414
+01.8653	+00.2033	0000.415
+01.8696	+00.2030	0000.416
+01.8742	+00.2042	0000.417
+01.8788	+00.2042	0000.418
+01.8834	+00.2042	0000.419
+01.8876	+00.2045	0000.420
+01.8922	+00.2045	0000.421
+01.8968	+00.2048	0000.422
+01.9007	+00.2054	0000.423
+01.9056	+00.2054	0000.424
+01.9105	+00.2054	0000.425
+01.9148	+00.2060	0000.426
+01.9194	+00.2063	0000.427
+01.9233	+00.2063	0000.428
+01.9285	+00.2066	0000.429
+01.9328	+00.2069	0000.430
+01.9377	+00.2069	0000.431
+01.9416	+00.2076	0000.432
+01.9462	+00.2073	0000.433
+01.9508	+00.2079	0000.434
+01.9551	+00.2082	0000.435
+01.9596	+00.2085	0000.436
+01.9636	+00.2088	0000.437
+01.9694	+00.2088	0000.438
+01.9737	+00.2091	0000.439
+01.9780	+00.2091	0000.440
+01.9825	+00.2094	0000.441
+01.9871	+00.2094	0000.442
+01.9911	+00.2100	0000.443
+01.9963	+00.2103	0000.444
+02.0002	+00.2097	0000.445
+02.0045	+00.2106	0000.446
+02.0094	+00.2109	0000.447
+02.0140	+00.2112	0000.448
+02.0185	+00.2112	0000.449
+02.0228	+00.2115	0000.450
+02.0274	+00.2118	0000.451
+02.0314	+00.2121	0000.452
+02.0366	+00.2118	0000.453
+02.0402	+00.2127	0000.454
+02.0448	+00.2127	0000.455
+02.0500	+00.2127	0000.456
+02.0549	+00.2134	0000.457
+02.0588	+00.2130	0000.458
+02.0634	+00.2137	0000.459
+02.0680	+00.2140	0000.460
+02.0729	+00.2134	0000.461
+02.0765	+00.2137	0000.462
+02.0814	+00.2143	0000.463
+02.0863	+00.2149	0000.464
+02.0909	+00.2146	0000.465
+02.0945	+00.2152	0000.466
+02.0991	+00.2149	0000.467
+02.1043	+00.2152	0000.468
+02.1086	+00.2161	0000.469
+02.1125	+00.2158	0000.470
+02.1168	+00.2158	0000.471
+02.1226	+00.2164	0000.472
+02.1266	+00.2164	0000.473
+02.1309	+00.2167	0000.474
+02.1351	+00.2167	0000.475
+02.1400	+00.2176	0000.476
+02.1449	+00.2170	0000.477
+02.1492	+00.2176	0000.478
+02.1534	+00.2176	0000.479
+02.1583	+00.2179	0000.480
+02.1629	+00.2182	0000.481
+02.1672	+00.2185	0000.482
+02.1711	+00.2182	0000.483
+02.1760	+00.2188	0000.484
+02.1806	+00.2188	0000.485
+02.1849	+00.2188	0000.486
+02.1891	+00.2201	0000.487
+02.1940	+00.2195	0000.488
+02.1992	+00.2195	0000.489
+02.2029	+00.2204	0000.490
+02.2081	+00.2201	0000.491
+02.2123	+00.2204	0000.492
+02.2169	+00.2207	0000.493
+02.2209	+00.2207	0000.494
+02.2258	+00.2210	0000.495
+02.2303	+00.2213	0000.496
+02.2346	+00.2219	0000.497
+02.2392	+00.2213	0000.498
+02.2438	+00.2219	0000.499
+02.2483	+00.2222	0000.500
+02.2526	+00.2216	0000.501
+02.2575	+00.2225	0000.502
+02.2618	+00.2228	0000.503
+02.2657	+00.2231	0000.504
+02.2706	+00.2228	0000.505
+02.2746	+00.2231	0000.506
+02.2798	+00.2234	0000.507
+02.2847	+00.2237	0000.508
+02.2883	+00.2237	0000.509
+02.2935	+00.2237	0000.510
+02.2978	+00.2240	0000.511
+02.3027	+00.2237	0000.512
+02.3066	+00.2243	0000.513
+02.3109	+00.2246	0000.514
+02.3161	+00.2246	0000.515
+02.3204	+00.2253	0000.516
+02.3249	+00.2250	0000.517
+02.3295	+00.2259	0000.518
+02.3338	+00.2253	0000.519
+02.3387	+00.2256	0000.520
+02.3423	+00.2262	0000.521
+02.3469	+00.2262	0000.522
+02.3521	+00.2265	0000.523
+02.3564	+00.2262	0000.524
+02.3606	+00.2271	0000.525
+02.3649	+00.2265	0000.526
+02.3701	+00.2277	0000.527
+02.3747	+00.2277	0000.528
+02.3790	+00.2274	0000.529
+02.3838	+00.2277	0000.530
+02.3878	+00.2280	0000.531
+02.3924	+00.2283	0000.532
+02.3970	+00.2283	0000.533
+02.4015	+00.2286	0000.534
+02.4058	+00.2283	0000.535
+02.4107	+00.2286	0000.536
+02.4147	+00.2292	0000.537
+02.4195	+00.2289	0000.538
+02.4241	+00.2295	0000.539
+02.4284	+00.2295	0000.540
+02.4327	+00.2295	0000.541
+02.4372	+00.2298	0000.542
+02.4424	+00.2298	0000.543
+02.4464	+00.2301	0000.544
+02.4507	+00.2307	0000.545
+02.4556	+00.2311	0000.546
+02.4595	+00.2311	0000.547
+02.4650	+00.2311	0000.548
+02.4687	+00.2317	0000.549
+02.4730	+00.2317	0000.550
+02.4781	+00.2317	0000.551
+02.4830	+00.2320	0000.552
+02.4867	+00.2320	0000.553
+02.4913	+00.2320	0000.554
+02.4961	+00.2320	0000.555
+02.5007	+00.2326	0000.556
+02.5047	+00.2326	0000.557
+02.5096	+00.2323	0000.558
+02.5142	+00.2332	0000.559
+02.5187	+00.2335	0000.560
+02.5224	+00.2332	0000.561
+02.5279	+00.2332	0000.562
+02.5315	+00.2338	0000.563
+02.5364	+00.2335	0000.564
+02.5407	+00.2341	0000.565
+02.5459	+00.2344	0000.566
+02.5499	+00.2347	0000.567
+02.5544	+00.2350	0000.568
+02.5590	+00.2344	0000.569
+02.5642	+00.2350	0000.570
+02.5682	+00.2353	0000.571
+02.5721	+00.2350	0000.572
+02.5770	+00.2356	0000.573
+02.5816	+00.2359	0000.574
+02.5862	+00.2359	0000.575
+02.5901	+00.2356	0000.576
+02.5947	+00.2362	0000.577
+02.5996	+00.2359	0000.578
+02.6045	+00.2365	0000.579
+02.6085	+00.2369	0000.580
+02.6133	+00.2365	0000.581
+02.6179	+00.2372	0000.582
+02.6222	+00.2365	0000.583
+02.6262	+00.2375	0000.584
+02.6307	+00.2375	0000.585
+02.6350	+00.2378	0000.586
+02.6402	+00.2381	0000.587
+02.6445	+00.2378	0000.588
+02.6490	+00.2384	0000.589
+02.6542	+00.2384	0000.590
+02.6591	+00.2387	0000.591
+02.6625	+00.2384	0000.592
+02.6677	+00.2390	0000.593
+02.6722	+00.2390	0000.594
+02.6765	+00.2390	0000.595
+02.6802	+00.2396	0000.596
+02.6851	+00.2393	0000.597
+02.6899	+00.2399	0000.598
+02.6942	+00.2399	0000.599
+02.6991	+00.2399	0000.600
+02.7034	+00.2402	0000.601
+02.7070	+00.2402	0000.602
+02.7128	+00.2402	0000.603
+02.7168	+00.2405	0000.604
+02.7211	+00.2408	0000.605
+02.7266	+00.2408	0000.606
+02.7305	+00.2411	0000.607
+02.7351	+00.2414	0000.608
+02.7394	+00.2414	0000.609
+02.7443	+00.2414	0000.610
+02.7485	+00.2417	0000.611
+02.7528	+00.2420	0000.612
+02.7574	+00.2420	0000.613
+02.7616	+00.2420	0000.614
+02.7662	+00.2427	0000.615
+02.7705	+00.2427	0000.616
+02.7751	+00.2427	0000.617
+02.7797	+00.2433	0000.618
+02.7845	+00.2433	0000.619
+02.7888	+00.2436	0000.620
+02.7928	+00.2433	0000.621
+02.7986	+00.2436	0000.622
+02.8025	+00.2439	0000.623
+02.8071	+00.2439	0000.624
+02.8114	+00.2439	0000.625
+02.8160	+00.2442	0000.626
+02.8199	+00.2439	0000.627
+02.8254	+00.2442	0000.628
+02.8294	+00.2448	0000.629
+02.8346	+00.2448	0000.630
+02.8389	+00.2448	0000.631
+02.8431	+00.2454	0000.632
+02.8477	+00.2448	0000.633
+02.8523	+00.2457	0000.634
+02.8563	+00.2454	0000.635
+02.8608	+00.2457	0000.636
+02.8660	+00.2460	0000.637
+02.8700	+00.2463	0000.638
+02.8746	+00.2460	0000.639
+02.8794	+00.2460	0000.640
+02.8831	+00.2463	0000.641
+02.8880	+00.2463	0000.642
+02.8923	+00.2466	0000.643
+02.8971	+00.2463	0000.644
+02.9014	+00.2475	0000.645
+02.9063	+00.2472	0000.646
+02.9106	+00.2472	0000.647
+02.9148	+00.2472	0000.648
+02.9197	+00.2475	0000.649
+02.9243	+00.2478	0000.650
+02.9292	+00.2478	0000.651
+02.9335	+00.2478	0000.652
+02.9374	+00.2478	0000.653
+02.9426	+00.2481	0000.654
+02.9469	+00.2484	0000.655
+02.9515	+00.2484	0000.656
+02.9557	+00.2488	0000.657
+02.9606	+00.2491	0000.658
+02.9646	+00.2491	0000.659
+02.9695	+00.2491	0000.660
+02.9737	+00.2497	0000.661
+02.9786	+00.2497	0000.662
+02.9826	+00.2497	0000.663
+02.9875	+00.2500	0000.664
+02.9918	+00.2503	0000.665
+02.9963	+00.2503	0000.666
+03.0006	+00.2506	0000.667
+03.0061	+00.2503	0000.668
+03.0101	+00.2503	0000.669
+03.0146	+00.2512	0000.670
+03.0189	+00.2509	0000.671
+03.0232	+00.2512	0000.672
+03.0275	+00.2512	0000.673
+03.0323	+00.2512	0000.674
+03.0366	+00.2518	0000.675
+03.0418	+00.2518	0000.676
+03.0461	+00.2518	0000.677
+03.0510	+00.2518	0000.678
+03.0546	+00.2524	0000.679
+03.0589	+00.2524	0000.680
+03.0638	+00.2524	0000.681
+03.0680	+00.2527	0000.682
+03.0726	+00.2530	0000.683
+03.0772	+00.2533	0000.684
+03.0818	+00.2527	0000.685
+03.0873	+00.2536	0000.686
+03.0903	+00.2530	0000.687
+03.0952	+00.2536	0000.688
+03.0998	+00.2536	0000.689
+03.1041	+00.2536	0000.690
+03.1086	+00.2542	0000.691
+03.1135	+00.2546	0000.692
+03.1175	+00.2539	0000.693
+03.1224	+00.2546	0000.694
+03.1269	+00.2546	0000.695
+03.1312	+00.2546	0000.696
+03.1361	+00.2549	0000.697
+03.1407	+00.2549	0000.698
+03.1443	+00.2552	0000.699
+03.1492	+00.2549	0000.700
+03.1541	+00.2552	0000.701
+03.1581	+00.2555	0000.702
+03.1630	+00.2552	0000.703
+03.1672	+00.2558	0000.704
+03.1724	+00.2558	0000.705
+03.1764	+00.2558	0000.706
+03.1813	+00.2561	0000.707
+03.1852	+00.2561	0000.708
+03.1904	+00.2564	0000.709
+03.1944	+00.2564	0000.710
+03.1990	+00.2570	0000.711
+03.2035	+00.2567	0000.712
+03.2075	+00.2570	0000.713
+03.2124	+00.2573	0000.714
+03.2173	+00.2573	0000.715
+03.2212	+00.2573	0000.716
+03.2261	+00.2576	0000.717
+03.2307	+00.2573	0000.718
+03.2353	+00.2579	0000.719
+03.2396	+00.2573	0000.720
+03.2441	+00.2582	0000.721
+03.2484	+00.2579	0000.722
+03.2527	+00.2585	0000.723
+03.2573	+00.2582	0000.724
+03.2624	+00.2585	0000.725
+03.2664	+00.2585	0000.726
+03.2710	+00.2591	0000.727
+03.2756	+00.2588	0000.728
+03.2798	+00.2588	0000.729
+03.2850	+00.2594	0000.730
+03.2890	+00.2588	0000.731
+03.2936	+00.2597	0000.732
+03.2981	+00.2600	0000.733
+03.3024	+00.2597	0000.734
+03.3067	+00.2604	0000.735
+03.3116	+00.2597	0000.736
+03.3168	+00.2600	0000.737
+03.3201	+00.2604	0000.738
+03.3250	+00.2604	0000.739
+03.3299	+00.2607	0000.740
+03.3339	+00.2604	0000.741
+03.3387	+00.2610	0000.742
+03.3427	+00.2610	0000.743
+03.3476	+00.2610	0000.744
+03.3525	+00.2613	0000.745
+03.3564	+00.2610	0000.746
+03.3607	+00.2619	0000.747
+03.3662	+00.2613	0000.748
+03.3696	+00.2613	0000.749
+03.3747	+00.2619	0000.750
+03.3796	+00.2622	0000.751
+03.3833	+00.2622	0000.752
+03.3885	+00.2625	0000.753
+03.3924	+00.2625	0000.754
+03.3976	+00.2625	0000.755
+03.4019	+00.2628	0000.756
+03.4056	+00.2628	0000.757
+03.4114	+00.2631	0000.758
+03.4159	+00.2625	0000.759
+03.4202	+00.2628	0000.760
+03.4245	+00.2634	0000.761
+03.4285	+00.2637	0000.762
+03.4327	+00.2634	0000.763
+03.4382	+00.2634	0000.764
+03.4428	+00.2634	0000.765
+03.4468	+00.2640	0000.766
+03.4513	+00.2640	0000.767
+03.4562	+00.2646	0000.768
+03.4599	+00.2643	0000.769
+03.4648	+00.2649	0000.770
+03.4697	+00.2640	0000.771
+03.4745	+00.2649	0000.772
+03.4782	+00.2649	0000.773
+03.4825	+00.2649	0000.774
+03.4871	+00.2652	0000.775
+03.4910	+00.2652	0000.776
+03.4956	+00.2658	0000.777
+03.5014	+00.2655	0000.778
+03.5063	+00.2649	0000.779
+03.5099	+00.2655	0000.780
+03.5142	+00.2658	0000.781
+03.5197	+00.2661	0000.782
+03.5234	+00.2661	0000.783
+03.5279	+00.2665	0000.784
+03.5325	+00.2661	0000.785
+03.5362	+00.2661	0000.786
+03.5414	+00.2665	0000.787
+03.5460	+00.2671	0000.788
+03.5505	+00.2671	0000.789
+03.5548	+00.2668	0000.790
+03.5594	+00.2668	0000.791
+03.5643	+00.2671	0000.792
+03.5682	+00.2677	0000.793
+03.5728	+00.2677	0000.794
+03.5780	+00.2671	0000.795
+03.5826	+00.2677	0000.796
+03.5865	+00.2677	0000.797
+03.5911	+00.2683	0000.798
+03.5957	+00.2683	0000.799
+03.6003	+00.2683	0000.800
+03.6042	+00.2683	0000.801
+03.6094	+00.2686	0000.802
+03.6134	+00.2683	0000.803
+03.6183	+00.2689	0000.804
+03.6219	+00.2689	0000.805
+03.6274	+00.2689	0000.806
+03.6317	+00.2692	0000.807
+03.6366	+00.2695	0000.808
+03.6406	+00.2698	0000.809
+03.6451	+00.2695	0000.810
+03.6497	+00.2698	0000.811
+03.6543	+00.2698	0000.812
+03.6580	+00.2701	0000.813
+03.6634	+00.2701	0000.814
+03.6683	+00.2701	0000.815
+03.6720	+00.2704	0000.816
+03.6769	+00.2707	0000.817
+03.6814	+00.2707	0000.818
+03.6851	+00.2707	0000.819
+03.6903	+00.2707	0000.820
+03.6943	+00.2710	0000.821
+03.6991	+00.2710	0000.822
+03.7040	+00.2707	0000.823
+03.7089	+00.2710	0000.824
+03.7132	+00.2713	0000.825
+03.7168	+00.2713	0000.826
+03.7214	+00.2719	0000.827
+03.7260	+00.2719	0000.828
+03.7309	+00.2719	0000.829
+03.7352	+00.2719	0000.830
+03.7400	+00.2723	0000.831
+03.7440	+00.2723	0000.832
+03.7486	+00.2723	0000.833
+03.7532	+00.2726	0000.834
+03.7580	+00.2726	0000.835
+03.7623	+00.2726	0000.836
+03.7672	+00.2729	0000.837
+03.7712	+00.2729	0000.838
+03.7761	+00.2726	0000.839
+03.7797	+00.2729	0000.840
+03.7840	+00.2732	0000.841
+03.7892	+00.2735	0000.842
+03.7938	+00.2735	0000.843
+03.7983	+00.2735	0000.844
+03.8029	+00.2735	0000.845
+03.8075	+00.2738	0000.846
+03.8121	+00.2741	0000.847
+03.8163	+00.2738	0000.848
+03.8206	+00.2744	0000.849
+03.8252	+00.2744	0000.850
+03.8298	+00.2744	0000.851
+03.8346	+00.2744	0000.852
+03.8389	+00.2753	0000.853
+03.8432	+00.2750	0000.854
+03.8484	+00.2741	0000.855
+03.8527	+00.2750	0000.856
+03.8566	+00.2756	0000.857
+03.8621	+00.2750	0000.858
+03.8658	+00.2750	0000.859
+03.8697	+00.2756	0000.860
+03.8749	+00.2756	0000.861
+03.8795	+00.2756	0000.862
+03.8841	+00.2762	0000.863
+03.8877	+00.2756	0000.864
+03.8929	+00.2762	0000.865
+03.8975	+00.2759	0000.866
+03.9024	+00.2762	0000.867
+03.9064	+00.2765	0000.868
+03.9109	+00.2765	0000.869
+03.9158	+00.2765	0000.870
+03.9201	+00.2768	0000.871
+03.9247	+00.2768	0000.872
+03.9286	+00.2771	0000.873
+03.9329	+00.2771	0000.874
+03.9375	+00.2771	0000.875
+03.9424	+00.2774	0000.876
+03.9470	+00.2774	0000.877
+03.9515	+00.2774	0000.878
+03.9555	+00.2781	0000.879
+03.9604	+00.2781	0000.880
+03.9653	+00.2777	0000.881
+03.9689	+00.2777	0000.882
+03.9732	+00.2781	0000.883
+03.9778	+00.2787	0000.884
+03.9839	+00.2787	0000.885
+03.9872	+00.2784	0000.886
+03.9915	+00.2784	0000.887
+03.9964	+00.2790	0000.888
+03.9997	+00.2790	0000.889
+04.0059	+00.2793	0000.890
+04.0104	+00.2793	0000.891
+04.0141	+00.2793	0000.892
+04.0190	+00.2793	0000.893
+04.0239	+00.2793	0000.894
+04.0281	+00.2799	0000.895
+04.0324	+00.2799	0000.896
+04.0370	+00.2799	0000.897
+04.0416	+00.2796	0000.898
+04.0458	+00.2796	0000.899
+04.0510	+00.2802	0000.900
+04.0550	+00.2805	0000.901
+04.0596	+00.2805	0000.902
+04.0644	+00.2808	0000.903
+04.0678	+00.2808	0000.904
+04.0730	+00.2808	0000.905
+04.0782	+00.2808	0000.906
+04.0828	+00.2811	0000.907
+04.0867	+00.2811	0000.908
+04.0913	+00.2811	0000.909
+04.0959	+00.2808	0000.910
+04.0995	+00.2814	0000.911
+04.1056	+00.2811	0000.912
+04.1093	+00.2817	0000.913
+04.1139	+00.2814	0000.914
+04.1182	+00.2814	0000.915
+04.1230	+00.2823	0000.916
+04.1273	+00.2820	0000.917
+04.1313	+00.2814	0000.918
+04.1362	+00.2820	0000.919
+04.1407	+00.2829	0000.920
+04.1450	+00.2826	0000.921
+04.1499	+00.2826	0000.922
+04.1545	+00.2826	0000.923
+04.1594	+00.2829	0000.924
+04.1630	+00.2829	0000.925
+04.1682	+00.2829	0000.926
+04.1719	+00.2829	0000.927
+04.1774	+00.2832	0000.928
+04.1810	+00.2832	0000.929
+04.1859	+00.2835	0000.930
+04.1902	+00.2835	0000.931
+04.1954	+00.2835	0000.932
+04.1993	+00.2835	0000.933
+04.2045	+00.2839	0000.934
+04.2085	+00.2842	0000.935
+04.2134	+00.2839	0000.936
+04.2176	+00.2839	0000.937
+04.2219	+00.2839	0000.938
+04.2256	+00.2848	0000.939
+04.2308	+00.2842	0000.940
+04.2356	+00.2854	0000.941
+04.2396	+00.2848	0000.942
+04.2439	+00.2848	0000.943
+04.2491	+00.2854	0000.944
+04.2530	+00.2848	0000.945
+04.2579	+00.2854	0000.946
+04.2619	+00.2854	0000.947
+04.2668	+00.2857	0000.948
+04.2710	+00.2848	0000.949
+04.2756	+00.2857	0000.950
+04.2802	+00.2854	0000.951
+04.2845	+00.2860	0000.952
+04.2891	+00.2860	0000.953
+04.2936	+00.2860	0000.954
+04.2988	+00.2866	0000.955
+04.3028	+00.2863	0000.956
+04.3071	+00.2860	0000.957
+04.3119	+00.2866	0000.958
+04.3162	+00.2866	0000.959
+04.3208	+00.2866	0000.960
+04.3257	+00.2869	0000.961
+04.3293	+00.2869	0000.962
+04.3345	+00.2869	0000.963
+04.3388	+00.2872	0000.964
+04.3431	+00.2872	0000.965
+04.3476	+00.2872	0000.966
+04.3525	+00.2872	0000.967
+04.3574	+00.2878	0000.968
+04.3614	+00.2875	0000.969
+04.3663	+00.2878	0000.970
+04.3708	+00.2878	0000.971
+04.3748	+00.2878	0000.972
+04.3797	+00.2878	0000.973
+04.3834	+00.2881	0000.974
+04.3888	+00.2878	0000.975
+04.3928	+00.2884	0000.976
+04.3974	+00.2887	0000.977
+04.4017	+00.2884	0000.978
+04.4059	+00.2887	0000.979
+04.4114	+00.2887	0000.980
+04.4157	+00.2887	0000.981
+04.4203	+00.2893	0000.982
+04.4252	+00.2890	0000.983
+04.4288	+00.2890	0000.984
+04.4334	+00.2893	0000.985
+04.4380	+00.2896	0000.986
+04.4426	+00.2896	0000.987
+04.4465	+00.2893	0000.988
+04.4514	+00.2900	0000.989
+04.4557	+00.2900	0000.990
+04.4612	+00.2900	0000.991
+04.4654	+00.2900	0000.992
+04.4700	+00.2900	0000.993
+04.4737	+00.2900	0000.994
+04.4780	+00.2903	0000.995
+04.4822	+00.2909	0000.996
+04.4877	+00.2909	0000.997
+04.4926	+00.2906	0000.998
+04.4969	+00.2909	0000.999
+04.5012	+00.2909	0001.000
+04.5063	+00.2909	0001.001
+04.5015	+00.2912	0001.002
+04.4969	+00.2909	0001.003
+04.4923	+00.2909	0001.004
+04.4877	+00.2909	0001.005
+04.4838	+00.2906	0001.006
+04.4801	+00.2909	0001.007
+04.4749	+00.2909	0001.008
+04.4700	+00.2909	0001.009
+04.4658	+00.2906	0001.010
+04.4615	+00.2906	0001.011
+04.4572	+00.2900	0001.012
+04.4517	+00.2906	0001.013
+04.4474	+00.2903	0001.014
+04.4423	+00.2903	0001.015
+04.4383	+00.2906	0001.016
+04.4343	+00.2900	0001.017
+04.4300	+00.2906	0001.018
+04.4252	+00.2896	0001.019
+04.4203	+00.2903	0001.020
+04.4166	+00.2900	0001.021
+04.4120	+00.2896	0001.022
+04.4056	+00.2900	0001.023
+04.4032	+00.2896	0001.024
+04.3977	+00.2896	0001.025
+04.3937	+00.2900	0001.026
+04.3892	+00.2893	0001.027
+04.3834	+00.2890	0001.028
+04.3806	+00.2896	0001.029
+04.3757	+00.2893	0001.030
+04.3715	+00.2896	0001.031
+04.3669	+00.2893	0001.032
+04.3620	+00.2890	0001.033
+04.3568	+00.2893	0001.034
+04.3531	+00.2890	0001.035
+04.3480	+00.2890	0001.036
+04.3434	+00.2893	0001.037
+04.3391	+00.2887	0001.038
+04.3345	+00.2887	0001.039
+04.3306	+00.2887	0001.040
+04.3257	+00.2887	0001.041
+04.3217	+00.2884	0001.042
+04.3168	+00.2887	0001.043
+04.3122	+00.2881	0001.044
+04.3083	+00.2884	0001.045
+04.3040	+00.2884	0001.046
+04.2991	+00.2887	0001.047
+04.2939	+00.2881	0001.048
+04.2897	+00.2878	0001.049
+04.2857	+00.2881	0001.050
+04.2805	+00.2884	0001.051
+04.2756	+00.2881	0001.052
+04.2714	+00.2881	0001.053
+04.2674	+00.2878	0001.054
+04.2631	+00.2878	0001.055
+04.2576	+00.2875	0001.056
+04.2540	+00.2878	0001.057
+04.2482	+00.2875	0001.058
+04.2442	+00.2875	0001.059
+04.2390	+00.2878	0001.060
+04.2363	+00.2872	0001.061
+04.2308	+00.2872	0001.062
+04.2268	+00.2872	0001.063
+04.2237	+00.2872	0001.064
+04.2183	+00.2869	0001.065
+04.2131	+00.2869	0001.066
+04.2082	+00.2866	0001.067
+04.2036	+00.2869	0001.068
+04.1993	+00.2866	0001.069
+04.1954	+00.2866	0001.070
+04.1905	+00.2869	0001.071
+04.1862	+00.2863	0001.072
+04.1816	+00.2866	0001.073
+04.1777	+00.2866	0001.074
+04.1719	+00.2866	0001.075
+04.1685	+00.2860	0001.076
+04.1639	+00.2863	0001.077
+04.1590	+00.2863	0001.078
+04.1545	+00.2863	0001.079
+04.1508	+00.2860	0001.080
+04.1453	+00.2860	0001.081
+04.1413	+00.2860	0001.082
+04.1368	+00.2857	0001.083
+04.1319	+00.2854	0001.084
+04.1273	+00.2857	0001.085
+04.1236	+00.2854	0001.086
+04.1185	+00.2854	0001.087
+04.1136	+00.2851	0001.088
+04.1093	+00.2848	0001.089
+04.1053	+00.2848	0001.090
+04.1005	+00.2851	0001.091
+04.0956	+00.2851	0001.092
+04.0910	+00.2848	0001.093
+04.0870	+00.2848	0001.094
+04.0821	+00.2854	0001.095
+04.0776	+00.2845	0001.096
+04.0733	+00.2842	0001.097
+04.0690	+00.2842	0001.098
+04.0648	+00.2842	0001.099
+04.0599	+00.2848	0001.100
+04.0553	+00.2842	0001.101
+04.0513	+00.2842	0001.102
+04.0464	+00.2842	0001.103
+04.0413	+00.2842	0001.104
+04.0379	+00.2842	0001.105
+04.0336	+00.2839	0001.106
+04.0275	+00.2839	0001.107
+04.0236	+00.2832	0001.108
+04.0193	+00.2835	0001.109
+04.0153	+00.2835	0001.110
+04.0098	+00.2835	0001.111
+04.0059	+00.2832	0001.112
+04.0016	+00.2829	0001.113
+03.9976	+00.2832	0001.114
+03.9930	+00.2832	0001.115
+03.9878	+00.2829	0001.116
+03.9833	+00.2829	0001.117
+03.9787	+00.2829	0001.118
+03.9732	+00.2826	0001.119
+03.9695	+00.2823	0001.120
+03.9653	+00.2826	0001.121
+03.9604	+00.2823	0001.122
+03.9555	+00.2820	0001.123
+03.9528	+00.2823	0001.124
+03.9473	+00.2820	0001.125
+03.9436	+00.2823	0001.126
+03.9384	+00.2823	0001.127
+03.9338	+00.2826	0001.128
+03.9296	+00.2817	0001.129
+03.9244	+00.2820	0001.130
+03.9201	+00.2817	0001.131
+03.9164	+00.2817	0001.132
+03.9106	+00.2820	0001.133
+03.9070	+00.2811	0001.134
+03.9030	+00.2814	0001.135
+03.8981	+00.2814	0001.136
+03.8932	+00.2811	0001.137
+03.8887	+00.2808	0001.138
+03.8841	+00.2805	0001.139
+03.8798	+00.2808	0001.140
+03.8758	+00.2808	0001.141
+03.8707	+00.2808	0001.142
+03.8667	+00.2811	0001.143
+03.8615	+00.2805	0001.144
+03.8572	+00.2808	0001.145
+03.8520	+00.2805	0001.146
+03.8490	+00.2802	0001.147
+03.8438	+00.2799	0001.148
+03.8392	+00.2802	0001.149
+03.8340	+00.2802	0001.150
+03.8304	+00.2799	0001.151
+03.8258	+00.2799	0001.152
+03.8215	+00.2796	0001.153
+03.8166	+00.2796	0001.154
+03.8121	+00.2796	0001.155
+03.8078	+00.2793	0001.156
+03.8029	+00.2790	0001.157
+03.7992	+00.2793	0001.158
+03.7944	+00.2793	0001.159
+03.7892	+00.2790	0001.160
+03.7858	+00.2787	0001.161
+03.7803	+00.2790	0001.162
+03.7761	+00.2790	0001.163
+03.7718	+00.2787	0001.164
+03.7669	+00.2784	0001.165
+03.7626	+00.2787	0001.166
+03.7580	+00.2784	0001.167
+03.7532	+00.2781	0001.168
+03.7492	+00.2787	0001.169
+03.7443	+00.2781	0001.170
+03.7403	+00.2781	0001.171
+03.7355	+00.2781	0001.172
+03.7309	+00.2784	0001.173
+03.7266	+00.2777	0001.174
+03.7223	+00.2771	0001.175
+03.7175	+00.2777	0001.176
+03.7132	+00.2771	0001.177
+03.7086	+00.2774	0001.178
+03.7043	+00.2771	0001.179
+03.6991	+00.2771	0001.180
+03.6949	+00.2768	0001.181
+03.6903	+00.2771	0001.182
+03.6863	+00.2768	0001.183
+03.6811	+00.2765	0001.184
+03.6769	+00.2768	0001.185
+03.6717	+00.2768	0001.186
+03.6680	+00.2765	0001.187
+03.6641	+00.2765	0001.188
+03.6589	+00.2762	0001.189
+03.6549	+00.2765	0001.190
+03.6497	+00.2762	0001.191
+03.6460	+00.2759	0001.192
+03.6406	+00.2762	0001.193
+03.6360	+00.2756	0001.194
+03.6320	+00.2759	0001.195
+03.6277	+00.2756	0001.196
+03.6226	+00.2756	0001.197
+03.6186	+00.2756	0001.198
+03.6137	+00.2756	0001.199
+03.6091	+00.2756	0001.200
+03.6042	+00.2753	0001.201
+03.6000	+00.2750	0001.202
+03.5963	+00.2750	0001.203
+03.5914	+00.2750	0001.204
+03.5868	+00.2747	0001.205
+03.5823	+00.2744	0001.206
+03.5777	+00.2747	0001.207
+03.5734	+00.2744	0001.208
+03.5679	+00.2744	0001.209
+03.5643	+00.2744	0001.210
+03.5594	+00.2744	0001.211
+03.5551	+00.2741	0001.212
+03.5502	+00.2741	0001.213
+03.5463	+00.2741	0001.214
+03.5423	+00.2738	0001.215
+03.5371	+00.2738	0001.216
+03.5325	+00.2735	0001.217
+03.5279	+00.2735	0001.218
+03.5234	+00.2732	0001.219
+03.5191	+00.2732	0001.220
+03.5148	+00.2729	0001.221
+03.5102	+00.2735	0001.222
+03.5063	+00.2732	0001.223
+03.5011	+00.2735	0001.224
+03.4968	+00.2732	0001.225
+03.4922	+00.2729	0001.226
+03.4883	+00.2723	0001.227
+03.4834	+00.2729	0001.228
+03.4782	+00.2719	0001.229
+03.4739	+00.2723	0001.230
+03.4687	+00.2726	0001.231
+03.4651	+00.2726	0001.232
+03.4608	+00.2719	0001.233
+03.4559	+00.2719	0001.234
+03.4507	+00.2719	0001.235
+03.4471	+00.2719	0001.236
+03.4419	+00.2719	0001.237
+03.4382	+00.2716	0001.238
+03.4327	+00.2719	0001.239
+03.4291	+00.2713	0001.240
+03.4242	+00.2713	0001.241
+03.4202	+00.2713	0001.242
+03.4156	+00.2713	0001.243
+03.4108	+00.2710	0001.244
+03.4065	+00.2710	0001.245
+03.4025	+00.2704	0001.246
+03.3970	+00.2704	0001.247
+03.3924	+00.2704	0001.248
+03.3885	+00.2704	0001.249
+03.3845	+00.2707	0001.250
+03.3793	+00.2707	0001.251
+03.3757	+00.2701	0001.252
+03.3708	+00.2701	0001.253
+03.3665	+00.2701	0001.254
+03.3616	+00.2698	0001.255
+03.3567	+00.2698	0001.256
+03.3531	+00.2698	0001.257
+03.3473	+00.2698	0001.258
+03.3436	+00.2692	0001.259
+03.3387	+00.2692	0001.260
+03.3348	+00.2692	0001.261
+03.3296	+00.2695	0001.262
+03.3250	+00.2689	0001.263
+03.3204	+00.2689	0001.264
+03.3165	+00.2686	0001.265
+03.3122	+00.2683	0001.266
+03.3070	+00.2692	0001.267
+03.3027	+00.2686	0001.268
+03.2985	+00.2686	0001.269
+03.2945	+00.2683	0001.270
+03.2887	+00.2686	0001.271
+03.2850	+00.2680	0001.272
+03.2804	+00.2680	0001.273
+03.2753	+00.2677	0001.274
+03.2713	+00.2683	0001.275
+03.2670	+00.2677	0001.276
+03.2627	+00.2677	0001.277
+03.2585	+00.2674	0001.278
+03.2533	+00.2671	0001.279
+03.2487	+00.2674	0001.280
+03.2447	+00.2674	0001.281
+03.2396	+00.2671	0001.282
+03.2347	+00.2671	0001.283
+03.2310	+00.2668	0001.284
+03.2264	+00.2665	0001.285
+03.2219	+00.2668	0001.286
+03.2173	+00.2661	0001.287
+03.2127	+00.2665	0001.288
+03.2087	+00.2665	0001.289
+03.2038	+00.2665	0001.290
+03.1993	+00.2661	0001.291
+03.1950	+00.2658	0001.292
+03.1907	+00.2655	0001.293
+03.1858	+00.2658	0001.294
+03.1807	+00.2655	0001.295
+03.1764	+00.2655	0001.296
+03.1727	+00.2652	0001.297
+03.1681	+00.2655	0001.298
+03.1630	+00.2652	0001.299
+03.1584	+00.2652	0001.300
+03.1547	+00.2646	0001.301
+03.1498	+00.2652	0001.302
+03.1450	+00.2649	0001.303
+03.1404	+00.2643	0001.304
+03.1364	+00.2646	0001.305
+03.1318	+00.2643	0001.306
+03.1276	+00.2646	0001.307
+03.1227	+00.2640	0001.308
+03.1184	+00.2643	0001.309
+03.1138	+00.2643	0001.310
+03.1089	+00.2640	0001.311
+03.1047	+00.2637	0001.312
+03.1004	+00.2637	0001.313
+03.0952	+00.2634	0001.314
+03.0909	+00.2634	0001.315
+03.0867	+00.2634	0001.316
+03.0824	+00.2631	0001.317
+03.0775	+00.2628	0001.318
+03.0729	+00.2634	0001.319
+03.0684	+00.2628	0001.320
+03.0644	+00.2628	0001.321
+03.0595	+00.2625	0001.322
+03.0549	+00.2625	0001.323
+03.0513	+00.2625	0001.324
+03.0455	+00.2622	0001.325
+03.0415	+00.2619	0001.326
+03.0375	+00.2622	0001.327
+03.0326	+00.2622	0001.328
+03.0284	+00.2619	0001.329
+03.0232	+00.2616	0001.330
+03.0189	+00.2619	0001.331
+03.0153	+00.2613	0001.332
+03.0107	+00.2613	0001.333
+03.0055	+00.2613	0001.334
+03.0009	+00.2613	0001.335
+02.9969	+00.2610	0001.336
+02.9918	+00.2610	0001.337
+02.9878	+00.2613	0001.338
+02.9826	+00.2604	0001.339
+02.9786	+00.2607	0001.340
+02.9741	+00.2604	0001.341
+02.9695	+00.2607	0001.342
+02.9652	+00.2600	0001.343
+02.9606	+00.2604	0001.344
+02.9554	+00.2600	0001.345
+02.9509	+00.2600	0001.346
+02.9472	+00.2600	0001.347
+02.9429	+00.2594	0001.348
+02.9380	+00.2594	0001.349
+02.9332	+00.2594	0001.350
+02.9289	+00.2594	0001.351
+02.9243	+00.2594	0001.352
+02.9206	+00.2591	0001.353
+02.9161	+00.2591	0001.354
+02.9115	+00.2591	0001.355
+02.9072	+00.2585	0001.356
+02.9026	+00.2585	0001.357
+02.8981	+00.2582	0001.358
+02.8932	+00.2582	0001.359
+02.8883	+00.2585	0001.360
+02.8840	+00.2582	0001.361
+02.8794	+00.2579	0001.362
+02.8749	+00.2579	0001.363
+02.8706	+00.2576	0001.364
+02.8660	+00.2576	0001.365
+02.8614	+00.2573	0001.366
+02.8575	+00.2573	0001.367
+02.8523	+00.2570	0001.368
+02.8480	+00.2573	0001.369
+02.8431	+00.2573	0001.370
+02.8386	+00.2570	0001.371
+02.8346	+00.2567	0001.372
+02.8300	+00.2564	0001.373
+02.8257	+00.2567	0001.374
+02.8209	+00.2567	0001.375
+02.8160	+00.2558	0001.376
+02.8117	+00.2564	0001.377
+02.8068	+00.2561	0001.378
+02.8019	+00.2561	0001.379
+02.7983	+00.2558	0001.380
+02.7940	+00.2555	0001.381
+02.7888	+00.2558	0001.382
+02.7848	+00.2555	0001.383
+02.7803	+00.2555	0001.384
+02.7757	+00.2558	0001.385
+02.7708	+00.2549	0001.386
+02.7662	+00.2555	0001.387
+02.7620	+00.2546	0001.388
+02.7577	+00.2549	0001.389
+02.7531	+00.2552	0001.390
+02.7485	+00.2549	0001.391
+02.7443	+00.2539	0001.392
+02.7394	+00.2542	0001.393
+02.7351	+00.2542	0001.394
+02.7305	+00.2542	0001.395
+02.7266	+00.2539	0001.396
+02.7214	+00.2536	0001.397
+02.7174	+00.2536	0001.398
+02.7122	+00.2536	0001.399
+02.7085	+00.2536	0001.400
+02.7043	+00.2530	0001.401
+02.6988	+00.2527	0001.402
+02.6951	+00.2530	0001.403
+02.6902	+00.2530	0001.404
+02.6854	+00.2527	0001.405
+02.6814	+00.2521	0001.406
+02.6765	+00.2524	0001.407
+02.6722	+00.2524	0001.408
+02.6683	+00.2518	0001.409
+02.6622	+00.2515	0001.410
+02.6588	+00.2518	0001.411
+02.6542	+00.2518	0001.412
+02.6496	+00.2515	0001.413
+02.6448	+00.2518	0001.414
+02.6411	+00.2515	0001.415
+02.6359	+00.2512	0001.416
+02.6313	+00.2512	0001.417
+02.6271	+00.2506	0001.418
+02.6228	+00.2509	0001.419
+02.6179	+00.2506	0001.420
+02.6127	+00.2509	0001.421
+02.6091	+00.2503	0001.422
+02.6045	+00.2503	0001.423
+02.5996	+00.2500	0001.424
+02.5956	+00.2500	0001.425
+02.5911	+00.2500	0001.426
+02.5865	+00.2500	0001.427
+02.5816	+00.2497	0001.428
+02.5779	+00.2497	0001.429
+02.5727	+00.2494	0001.430
+02.5685	+00.2494	0001.431
+02.5648	+00.2494	0001.432
+02.5593	+00.2491	0001.433
+02.5544	+00.2491	0001.434
+02.5502	+00.2491	0001.435
+02.5465	+00.2488	0001.436
+02.5413	+00.2484	0001.437
+02.5367	+00.2481	0001.438
+02.5322	+00.2481	0001.439
+02.5273	+00.2481	0001.440
+02.5233	+00.2481	0001.441
+02.5187	+00.2475	0001.442
+02.5145	+00.2475	0001.443
+02.5096	+00.2475	0001.444
+02.5047	+00.2478	0001.445
+02.5007	+00.2475	0001.446
+02.4961	+00.2472	0001.447
+02.4913	+00.2475	0001.448
+02.4876	+00.2469	0001.449
+02.4824	+00.2469	0001.450
+02.4781	+00.2469	0001.451
+02.4739	+00.2463	0001.452
+02.4687	+00.2463	0001.453
+02.4650	+00.2463	0001.454
+02.4607	+00.2460	0001.455
+02.4559	+00.2460	0001.456
+02.4516	+00.2457	0001.457
+02.4467	+00.2457	0001.458
+02.4418	+00.2457	0001.459
+02.4379	+00.2457	0001.460
+02.4336	+00.2451	0001.461
+02.4290	+00.2451	0001.462
+02.4241	+00.2451	0001.463
+02.4192	+00.2448	0001.464
+02.4153	+00.2445	0001.465
+02.4107	+00.2445	0001.466
+02.4061	+00.2442	0001.467
+02.4018	+00.2445	0001.468
+02.3970	+00.2445	0001.469
+02.3924	+00.2439	0001.470
+02.3884	+00.2442	0001.471
+02.3832	+00.2436	0001.472
+02.3790	+00.2439	0001.473
+02.3747	+00.2433	0001.474
+02.3701	+00.2433	0001.475
+02.3652	+00.2430	0001.476
+02.3606	+00.2433	0001.477
+02.3567	+00.2430	0001.478
+02.3521	+00.2427	0001.479
+02.3472	+00.2427	0001.480
+02.3433	+00.2427	0001.481
+02.3390	+00.2420	0001.482
+02.3344	+00.2420	0001.483
+02.3295	+00.2417	0001.484
+02.3252	+00.2414	0001.485
+02.3210	+00.2417	0001.486
+02.3161	+00.2417	0001.487
+02.3118	+00.2411	0001.488
+02.3069	+00.2411	0001.489
+02.3027	+00.2408	0001.490
+02.2981	+00.2408	0001.491
+02.2938	+00.2408	0001.492
+02.2886	+00.2408	0001.493
+02.2850	+00.2402	0001.494
+02.2801	+00.2402	0001.495
+02.2755	+00.2399	0001.496
+02.2706	+00.2402	0001.497
+02.2667	+00.2399	0001.498
+02.2621	+00.2396	0001.499
+02.2581	+00.2399	0001.500
+02.2523	+00.2393	0001.501
+02.2486	+00.2393	0001.502
+02.2438	+00.2393	0001.503
+02.2398	+00.2387	0001.504
+02.2352	+00.2390	0001.505
+02.2303	+00.2387	0001.506
+02.2258	+00.2387	0001.507
+02.2212	+00.2384	0001.508
+02.2172	+00.2381	0001.509
+02.2120	+00.2384	0001.510
+02.2081	+00.2381	0001.511
+02.2035	+00.2381	0001.512
+02.1992	+00.2378	0001.513
+02.1946	+00.2375	0001.514
+02.1901	+00.2375	0001.515
+02.1855	+00.2369	0001.516
+02.1809	+00.2369	0001.517
+02.1766	+00.2365	0001.518
+02.1717	+00.2365	0001.519
+02.1672	+00.2362	0001.520
+02.1632	+00.2369	0001.521
+02.1586	+00.2359	0001.522
+02.1537	+00.2365	0001.523
+02.1489	+00.2359	0001.524
+02.1443	+00.2356	0001.525
+02.1403	+00.2356	0001.526
+02.1360	+00.2350	0001.527
+02.1302	+00.2353	0001.528
+02.1266	+00.2353	0001.529
+02.1223	+00.2350	0001.530
+02.1177	+00.2347	0001.531
+02.1132	+00.2350	0001.532
+02.1083	+00.2347	0001.533
+02.1043	+00.2344	0001.534
+02.0994	+00.2338	0001.535
+02.0948	+00.2338	0001.536
+02.0912	+00.2341	0001.537
+02.0866	+00.2338	0001.538
+02.0817	+00.2338	0001.539
+02.0771	+00.2332	0001.540
+02.0732	+00.2332	0001.541
+02.0680	+00.2329	0001.542
+02.0637	+00.2329	0001.543
+02.0594	+00.2326	0001.544
+02.0543	+00.2323	0001.545
+02.0500	+00.2326	0001.546
+02.0457	+00.2323	0001.547
+02.0405	+00.2320	0001.548
+02.0372	+00.2317	0001.549
+02.0323	+00.2317	0001.550
+02.0274	+00.2320	0001.551
+02.0228	+00.2317	0001.552
+02.0182	+00.2317	0001.553
+02.0143	+00.2311	0001.554
+02.0097	+00.2307	0001.555
+02.0048	+00.2304	0001.556
+02.0008	+00.2311	0001.557
+01.9963	+00.2304	0001.558
+01.9911	+00.2304	0001.559
+01.9871	+00.2301	0001.560
+01.9822	+00.2298	0001.561
+01.9783	+00.2298	0001.562
+01.9734	+00.2295	0001.563
+01.9694	+00.2292	0001.564
+01.9648	+00.2289	0001.565
+01.9606	+00.2292	0001.566
+01.9557	+00.2289	0001.567
+01.9514	+00.2292	0001.568
+01.9468	+00.2286	0001.569
+01.9416	+00.2286	0001.570
+01.9377	+00.2283	0001.571
+01.9337	+00.2277	0001.572
+01.9285	+00.2277	0001.573
+01.9239	+00.2277	0001.574
+01.9197	+00.2277	0001.575
+01.9154	+00.2277	0001.576
+01.9108	+00.2274	0001.577
+01.9065	+00.2271	0001.578
+01.9017	+00.2268	0001.579
+01.8974	+00.2265	0001.580
+01.8928	+00.2268	0001.581
+01.8876	+00.2265	0001.582
+01.8834	+00.2265	0001.583
+01.8791	+00.2259	0001.584
+01.8742	+00.2256	0001.585
+01.8696	+00.2262	0001.586
+01.8653	+00.2259	0001.587
+01.8611	+00.2250	0001.588
+01.8565	+00.2259	0001.589
+01.8525	+00.2250	0001.590
+01.8473	+00.2246	0001.591
+01.8431	+00.2250	0001.592
+01.8388	+00.2240	0001.593
+01.8345	+00.2243	0001.594
+01.8296	+00.2240	0001.595
+01.8254	+00.2237	0001.596
+01.8202	+00.2237	0001.597
+01.8162	+00.2234	0001.598
+01.8116	+00.2237	0001.599
+01.8071	+00.2234	0001.600
+01.8022	+00.2231	0001.601
+01.7979	+00.2231	0001.602
+01.7933	+00.2225	0001.603
+01.7891	+00.2231	0001.604
+01.7848	+00.2225	0001.605
+01.7799	+00.2222	0001.606
+01.7753	+00.2219	0001.607
+01.7710	+00.2219	0001.608
+01.7665	+00.2219	0001.609
+01.7616	+00.2216	0001.610
+01.7573	+00.2210	0001.611
+01.7533	+00.2213	0001.612
+01.7482	+00.2210	0001.613
+01.7439	+00.2207	0001.614
+01.7390	+00.2204	0001.615
+01.7347	+00.2204	0001.616
+01.7299	+00.2204	0001.617
+01.7256	+00.2204	0001.618
+01.7216	+00.2198	0001.619
+01.7167	+00.2198	0001.620
+01.7125	+00.2195	0001.621
+01.7079	+00.2195	0001.622
+01.7033	+00.2195	0001.623
+01.6993	+00.2188	0001.624
+01.6944	+00.2188	0001.625
+01.6899	+00.2185	0001.626
+01.6859	+00.2182	0001.627
+01.6813	+00.2182	0001.628
+01.6761	+00.2179	0001.629
+01.6719	+00.2179	0001.630
+01.6679	+00.2173	0001.631
+01.6630	+00.2170	0001.632
+01.6581	+00.2173	0001.633
+01.6533	+00.2167	0001.634
+01.6496	+00.2164	0001.635
+01.6447	+00.2164	0001.636
+01.6401	+00.2164	0001.637
+01.6359	+00.2164	0001.638
+01.6313	+00.2161	0001.639
+01.6267	+00.2158	0001.640
+01.6227	+00.2155	0001.641
+01.6175	+00.2155	0001.642
+01.6136	+00.2155	0001.643
+01.6087	+00.2152	0001.644
+01.6038	+00.2149	0001.645
+01.5992	+00.2149	0001.646
+01.5956	+00.2146	0001.647
+01.5910	+00.2143	0001.648
+01.5858	+00.2140	0001.649
+01.5812	+00.2137	0001.650
+01.5776	+00.2134	0001.651
+01.5727	+00.2140	0001.652
+01.5678	+00.2130	0001.653
+01.5632	+00.2127	0001.654
+01.5596	+00.2130	0001.655
+01.5544	+00.2127	0001.656
+01.5498	+00.2124	0001.657
+01.5458	+00.2121	0001.658
+01.5413	+00.2121	0001.659
+01.5367	+00.2115	0001.660
+01.5318	+00.2115	0001.661
+01.5275	+00.2115	0001.662
+01.5232	+00.2112	0001.663
+01.5184	+00.2109	0001.664
+01.5138	+00.2109	0001.665
+01.5092	+00.2106	0001.666
+01.5049	+00.2100	0001.667
+01.5004	+00.2103	0001.668
+01.4958	+00.2100	0001.669
+01.4915	+00.2097	0001.670
+01.4869	+00.2100	0001.671
+01.4824	+00.2091	0001.672
+01.4781	+00.2094	0001.673
+01.4729	+00.2088	0001.674
+01.4692	+00.2085	0001.675
+01.4647	+00.2085	0001.676
+01.4601	+00.2079	0001.677
+01.4555	+00.2079	0001.678
+01.4503	+00.2079	0001.679
+01.4460	+00.2079	0001.680
+01.4421	+00.2076	0001.681
+01.4372	+00.2069	0001.682
+01.4335	+00.2066	0001.683
+01.4277	+00.2066	0001.684
+01.4231	+00.2066	0001.685
+01.4195	+00.2066	0001.686
+01.4149	+00.2057	0001.687
+01.4103	+00.2054	0001.688
+01.4058	+00.2054	0001.689
+01.4015	+00.2054	0001.690
+01.3969	+00.2051	0001.691
+01.3926	+00.2045	0001.692
+01.3877	+00.2045	0001.693
+01.3835	+00.2045	0001.694
+01.3786	+00.2042	0001.695
+01.3746	+00.2039	0001.696
+01.3691	+00.2036	0001.697
+01.3655	+00.2039	0001.698
+01.3609	+00.2036	0001.699
+01.3563	+00.2030	0001.700
+01.3514	+00.2030	0001.701
+01.3481	+00.2024	0001.702
+01.3429	+00.2024	0001.703
+01.3383	+00.2021	0001.704
+01.3337	+00.2024	0001.705
+01.3298	+00.2021	0001.706
+01.3246	+00.2015	0001.707
+01.3206	+00.2015	0001.708
+01.3160	+00.2008	0001.709
+01.3115	+00.2005	0001.710
+01.3066	+00.2008	0001.711
+01.3026	+00.2005	0001.712
+01.2977	+00.2002	0001.713
+01.2934	+00.1999	0001.714
+01.2886	+00.1999	0001.715
+01.2846	+00.1993	0001.716
+01.2797	+00.1993	0001.717
+01.2754	+00.1993	0001.718
+01.2712	+00.1987	0001.719
+01.2660	+00.1987	0001.720
+01.2617	+00.1981	0001.721
+01.2574	+00.1984	0001.722
+01.2529	+00.1978	0001.723
+01.2486	+00.1975	0001.724
+01.2434	+00.1975	0001.725
+01.2394	+00.1969	0001.726
+01.2339	+00.1972	0001.727
+01.2303	+00.1966	0001.728
+01.2251	+00.1963	0001.729
+01.2211	+00.1963	0001.730
+01.2165	+00.1960	0001.731
+01.2117	+00.1960	0001.732
+01.2077	+00.1950	0001.733
+01.2031	+00.1957	0001.734
+01.1988	+00.1947	0001.735
+01.1943	+00.1944	0001.736
+01.1894	+00.1944	0001.737
+01.1851	+00.1944	0001.738
+01.1808	+00.1941	0001.739
+01.1760	+00.1938	0001.740
+01.1714	+00.1932	0001.741
+01.1674	+00.1932	0001.742
+01.1628	+00.1932	0001.743
+01.1580	+00.1929	0001.744
+01.1531	+00.1920	0001.745
+01.1488	+00.1923	0001.746
+01.1442	+00.1917	0001.747
+01.1399	+00.1914	0001.748
+01.1354	+00.1917	0001.749
+01.1308	+00.1908	0001.750
+01.1265	+00.1908	0001.751
+01.1219	+00.1908	0001.752
+01.1177	+00.1905	0001.753
+01.1131	+00.1899	0001.754
+01.1088	+00.1896	0001.755
+01.1036	+00.1896	0001.756
+01.0997	+00.1892	0001.757
+01.0954	+00.1889	0001.758
+01.0902	+00.1889	0001.759
+01.0856	+00.1886	0001.760
+01.0817	+00.1886	0001.761
+01.0774	+00.1880	0001.762
+01.0728	+00.1874	0001.763
+01.0682	+00.1877	0001.764
+01.0637	+00.1874	0001.765
+01.0594	+00.1868	0001.766
+01.0545	+00.1865	0001.767
+01.0502	+00.1865	0001.768
+01.0456	+00.1862	0001.769
+01.0408	+00.1856	0001.770
+01.0362	+00.1853	0001.771
+01.0319	+00.1853	0001.772
+01.0276	+00.1847	0001.773
+01.0231	+00.1844	0001.774
+01.0185	+00.1847	0001.775
+01.0142	+00.1841	0001.776
+01.0093	+00.1841	0001.777
+01.0051	+00.1838	0001.778
+00.9999	+00.1834	0001.779
+00.9956	+00.1831	0001.780
+00.9916	+00.1825	0001.781
+00.9867	+00.1822	0001.782
+00.9825	+00.1819	0001.783
+00.9773	+00.1822	0001.784
+00.9742	+00.1816	0001.785
+00.9681	+00.1813	0001.786
+00.9642	+00.1807	0001.787
+00.9599	+00.1807	0001.788
+00.9553	+00.1804	0001.789
+00.9510	+00.1801	0001.790
+00.9465	+00.1795	0001.791
+00.9416	+00.1792	0001.792
+00.9376	+00.1795	0001.793
+00.9330	+00.1789	0001.794
+00.9278	+00.1786	0001.795
+00.9236	+00.1786	0001.796
+00.9193	+00.1780	0001.797
+00.9144	+00.1776	0001.798
+00.9105	+00.1773	0001.799
+00.9056	+00.1767	0001.800
+00.9013	+00.1767	0001.801
+00.8967	+00.1764	0001.802
+00.8921	+00.1761	0001.803
+00.8876	+00.1758	0001.804
+00.8833	+00.1755	0001.805
+00.8784	+00.1749	0001.806
+00.8741	+00.1749	0001.807
+00.8693	+00.1743	0001.808
+00.8650	+00.1743	0001.809
+00.8607	+00.1731	0001.810
+00.8561	+00.1737	0001.811
+00.8519	+00.1734	0001.812
+00.8470	+00.1725	0001.813
+00.8427	+00.1731	0001.814
+00.8381	+00.1722	0001.815
+00.8335	+00.1715	0001.816
+00.8290	+00.1715	0001.817
+00.8247	+00.1712	0001.818
+00.8201	+00.1709	0001.819
+00.8155	+00.1703	0001.820
+00.8107	+00.1700	0001.821
+00.8067	+00.1703	0001.822
+00.8018	+00.1697	0001.823
+00.7978	+00.1688	0001.824
+00.7930	+00.1688	0001.825
+00.7887	+00.1685	0001.826
+00.7835	+00.1682	0001.827
+00.7792	+00.1679	0001.828
+00.7750	+00.1673	0001.829
+00.7704	+00.1673	0001.830
+00.7661	+00.1670	0001.831
+00.7618	+00.1664	0001.832
+00.7576	+00.1664	0001.833
+00.7524	+00.1654	0001.834
+00.7484	+00.1657	0001.835
+00.7432	+00.1645	0001.836
+00.7392	+00.1648	0001.837
+00.7344	+00.1645	0001.838
+00.7295	+00.1636	0001.839
+00.7255	+00.1636	0001.840
+00.7209	+00.1630	0001.841
+00.7164	+00.1624	0001.842
+00.7118	+00.1621	0001.843
+00.7072	+00.1621	0001.844
+00.7029	+00.1615	0001.845
+00.6984	+00.1609	0001.846
+00.6938	+00.1606	0001.847
+00.6895	+00.1603	0001.848
+00.6849	+00.1599	0001.849
+00.6807	+00.1596	0001.850
+00.6761	+00.1590	0001.851
+00.6712	+00.1587	0001.852
+00.6672	+00.1584	0001.853
+00.6627	+00.1581	0001.854
+00.6578	+00.1578	0001.855
+00.6535	+00.1575	0001.856
+00.6486	+00.1569	0001.857
+00.6443	+00.1563	0001.858
+00.6398	+00.1560	0001.859
+00.6352	+00.1557	0001.860
+00.6306	+00.1554	0001.861
+00.6260	+00.1551	0001.862
+00.6215	+00.1548	0001.863
+00.6175	+00.1538	0001.864
+00.6129	+00.1538	0001.865
+00.6083	+00.1529	0001.866
+00.6038	+00.1526	0001.867
+00.5998	+00.1523	0001.868
+00.5952	+00.1520	0001.869
+00.5900	+00.1517	0001.870
+00.5851	+00.1508	0001.871
+00.5815	+00.1505	0001.872
+00.5766	+00.1499	0001.873
+00.5723	+00.1499	0001.874
+00.5677	+00.1493	0001.875
+00.5632	+00.1490	0001.876
+00.5583	+00.1480	0001.877
+00.5543	+00.1477	0001.878
+00.5500	+00.1474	0001.879
+00.5452	+00.1474	0001.880
+00.5409	+00.1462	0001.881
+00.5360	+00.1462	0001.882
+00.5323	+00.1456	0001.883
+00.5272	+00.1453	0001.884
+00.5229	+00.1441	0001.885
+00.5180	+00.1441	0001.886
+00.5137	+00.1435	0001.887
+00.5095	+00.1432	0001.888
+00.5049	+00.1429	0001.889
+00.5003	+00.1419	0001.890
+00.4954	+00.1419	0001.891
+00.4911	+00.1410	0001.892
+00.4866	+00.1407	0001.893
+00.4817	+00.1398	0001.894
+00.4780	+00.1398	0001.895
+00.4734	+00.1389	0001.896
+00.4686	+00.1389	0001.897
+00.4643	+00.1383	0001.898
+00.4594	+00.1380	0001.899
+00.4551	+00.1368	0001.900
+00.4502	+00.1368	0001.901
+00.4460	+00.1358	0001.902
+00.4417	+00.1358	0001.903
+00.4374	+00.1346	0001.904
+00.4325	+00.1340	0001.905
+00.4280	+00.1337	0001.906
+00.4237	+00.1334	0001.907
+00.4191	+00.1325	0001.908
+00.4142	+00.1322	0001.909
+00.4103	+00.1313	0001.910
+00.4057	+00.1313	0001.911
+00.4011	+00.1303	0001.912
+00.3965	+00.1294	0001.913
+00.3917	+00.1288	0001.914
+00.3877	+00.1285	0001.915
+00.3828	+00.1282	0001.916
+00.3785	+00.1273	0001.917
+00.3733	+00.1270	0001.918
+00.3697	+00.1264	0001.919
+00.3648	+00.1255	0001.920
+00.3605	+00.1249	0001.921
+00.3556	+00.1242	0001.922
+00.3517	+00.1236	0001.923
+00.3471	+00.1233	0001.924
+00.3422	+00.1224	0001.925
+00.3373	+00.1221	0001.926
+00.3334	+00.1212	0001.927
+00.3288	+00.1206	0001.928
+00.3245	+00.1197	0001.929
+00.3199	+00.1194	0001.930
+00.3154	+00.1184	0001.931
+00.3108	+00.1178	0001.932
+00.3062	+00.1175	0001.933
+00.3019	+00.1172	0001.934
+00.2977	+00.1160	0001.935
+00.2931	+00.1154	0001.936
+00.2879	+00.1139	0001.937
+00.2833	+00.1136	0001.938
+00.2790	+00.1130	0001.939
+00.2751	+00.1120	0001.940
+00.2702	+00.1114	0001.941
+00.2659	+00.1108	0001.942
+00.2613	+00.1102	0001.943
+00.2565	+00.1096	0001.944
+00.2522	+00.1081	0001.945
+00.2479	+00.1081	0001.946
+00.2433	+00.1072	0001.947
+00.2385	+00.1059	0001.948
+00.2342	+00.1053	0001.949
+00.2299	+00.1050	0001.950
+00.2256	+00.1038	0001.951
+00.2211	+00.1032	0001.952
+00.2165	+00.1020	0001.953
+00.2119	+00.1017	0001.954
+00.2076	+00.1010	0001.955
+00.2024	+00.0998	0001.956
+00.1979	+00.0992	0001.957
+00.1936	+00.0983	0001.958
+00.1890	+00.0974	0001.959
+00.1844	+00.0965	0001.960
+00.1799	+00.0949	0001.961
+00.1759	+00.0949	0001.962
+00.1707	+00.0937	0001.963
+00.1664	+00.0928	0001.964
+00.1622	+00.0922	0001.965
+00.1579	+00.0910	0001.966
+00.1524	+00.0901	0001.967
+00.1487	+00.0891	0001.968
+00.1445	+00.0882	0001.969
+00.1399	+00.0873	0001.970
+00.1359	+00.0864	0001.971
+00.1304	+00.0855	0001.972
+00.1262	+00.0843	0001.973
+00.1216	+00.0840	0001.974
+00.1170	+00.0824	0001.975
+00.1127	+00.0812	0001.976
+00.1081	+00.0803	0001.977
+00.1039	+00.0794	0001.978
+00.0990	+00.0785	0001.979
+00.0944	+00.0776	0001.980
+00.0901	+00.0763	0001.981
+00.0856	+00.0754	0001.982
+00.0810	+00.0742	0001.983
+00.0764	+00.0730	0001.984
+00.0721	+00.0721	0001.985
+00.0676	+00.0708	0001.986
+00.0630	+00.0699	0001.987
+00.0587	+00.0690	0001.988
+00.0538	+00.0681	0001.989
+00.0499	+00.0666	0001.990
+00.0450	+00.0653	0001.991
+00.0401	+00.0641	0001.992
+00.0355	+00.0629	0001.993
+00.0315	+00.0614	0001.994
+00.0273	+00.0608	0001.995
+00.0224	+00.0595	0001.996
+00.0181	+00.0586	0001.997
+00.0135	+00.0577	0001.998
+00.0090	+00.0562	0001.999
