R,Ohm	C,pF	Temp,C
0000000000	0000100000	+025.00
Ch1,V	Ch2,V	Time,s
-00.0002	-00.0012	0000.000
-00.0005	-00.0006	0000.001
+00.0041	-00.0006	0000.002
+00.0087	-00.0003	0000.003
+00.0135	-00.0003	0000.004
+00.0175	-00.0006	0000.005
+00.0221	+00.0000	0000.006
+00.0267	+00.0000	0000.007
+00.0315	+00.0006	0000.008
+00.0352	+00.0006	0000.009
+00.0401	+00.0010	0000.010
+00.0450	+00.0016	0000.011
+00.0499	+00.0019	0000.012
+00.0538	+00.0022	0000.013
+00.0584	+00.0031	0000.014
+00.0627	+00.0034	0000.015
+00.0673	+00.0043	0000.016
+00.0712	+00.0052	0000.017
+00.0764	+00.0058	0000.018
+00.0813	+00.0064	0000.019
+00.0853	+00.0071	0000.020
+00.0892	+00.0083	0000.021
+00.0944	+00.0089	0000.022
+00.0990	+00.0104	0000.023
+00.1036	+00.0104	0000.024
+00.1078	+00.0119	0000.025
+00.1127	+00.0125	0000.026
+00.1164	+00.0144	0000.027
+00.1219	+00.0153	0000.028
+00.1262	+00.0162	0000.029
+00.1301	+00.0177	0000.030
+00.1350	+00.0190	0000.031
+00.1399	+00.0199	0000.032
+00.1442	+00.0211	0000.033
+00.1481	+00.0223	0000.034
+00.1530	+00.0241	0000.035
+00.1573	+00.0254	0000.036
+00.1619	+00.0269	0000.037
+00.1664	+00.0278	0000.038
+00.1707	+00.0293	0000.039
+00.1756	+00.0309	0000.040
+00.1805	+00.0324	0000.041
+00.1838	+00.0342	0000.042
+00.1890	+00.0351	0000.043
+00.1933	+00.0370	0000.044
+00.1976	+00.0385	0000.045
+00.2028	+00.0400	0000.046
+00.2070	+00.0418	0000.047
+00.2119	+00.0434	0000.048
+00.2156	+00.0452	0000.049
+00.2201	+00.0467	0000.050
+00.2247	+00.0489	0000.051
+00.2293	+00.0507	0000.052
+00.2339	+00.0522	0000.053
+00.2388	+00.0537	0000.054
+00.2427	+00.0559	0000.055
+00.2473	+00.0577	0000.056
+00.2519	+00.0599	0000.057
+00.2565	+00.0617	0000.058
+00.2610	+00.0632	0000.059
+00.2656	+00.0653	0000.060
+00.2699	+00.0675	0000.061
+00.2742	+00.0696	0000.062
+00.2790	+00.0714	0000.063
+00.2839	+00.0733	0000.064
+00.2882	+00.0757	0000.065
+00.2925	+00.0779	0000.066
+00.2967	+00.0800	0000.067
+00.3016	+00.0815	0000.068
+00.3059	+00.0843	0000.069
+00.3111	+00.0864	0000.070
+00.3151	+00.0882	0000.071
+00.3190	+00.0901	0000.072
+00.3239	+00.0928	0000.073
+00.3288	+00.0949	0000.074
+00.3331	+00.0974	0000.075
+00.3376	+00.0998	0000.076
+00.3422	+00.1023	0000.077
+00.3468	+00.1047	0000.078
+00.3511	+00.1072	0000.079
+00.3556	+00.1093	0000.080
+00.3602	+00.1120	0000.081
+00.3648	+00.1139	0000.082
+00.3697	+00.1172	0000.083
+00.3733	+00.1191	0000.084
+00.3779	+00.1221	0000.085
+00.3825	+00.1242	0000.086
+00.3874	+00.1273	0000.087
+00.3917	+00.1294	0000.088
+00.3962	+00.1325	0000.089
+00.4008	+00.1349	0000.090
+00.4057	+00.1377	0000.091
+00.4100	+00.1401	0000.092
+00.4139	+00.1435	0000.093
+00.4188	+00.1462	0000.094
+00.4234	+00.1490	0000.095
+00.4277	+00.1517	0000.096
+00.4319	+00.1545	0000.097
+00.4371	+00.1575	0000.098
+00.4414	+00.1609	0000.099
+00.4460	+00.1633	0000.100
+00.4502	+00.1667	0000.101
+00.4551	+00.1691	0000.102
+00.4597	+00.1725	0000.103
+00.4643	+00.1755	0000.104
+00.4683	+00.1786	0000.105
+00.4731	+00.1819	0000.106
+00.4777	+00.1850	0000.107
+00.4814	+00.1880	0000.108
+00.4863	+00.1914	0000.109
+00.4905	+00.1944	0000.110
+00.4954	+00.1981	0000.111
+00.4997	+00.2011	0000.112
+00.5043	+00.2048	0000.113
+00.5088	+00.2079	0000.114
+00.5134	+00.2115	0000.115
+00.5180	+00.2149	0000.116
+00.5223	+00.2176	0000.117
+00.5268	+00.2219	0000.118
+00.5311	+00.2253	0000.119
+00.5357	+00.2283	0000.120
+00.5406	+00.2323	0000.121
+00.5449	+00.2359	0000.122
+00.5494	+00.2396	0000.123
+00.5534	+00.2430	0000.124
+00.5580	+00.2469	0000.125
+00.5632	+00.2503	0000.126
+00.5671	+00.2542	0000.127
+00.5720	+00.2579	0000.128
+00.5763	+00.2622	0000.129
+00.5809	+00.2655	0000.130
+00.5851	+00.2695	0000.131
+00.5900	+00.2732	0000.132
+00.5943	+00.2774	0000.133
+00.5992	+00.2811	0000.134
+00.6038	+00.2854	0000.135
+00.6080	+00.2893	0000.136
+00.6126	+00.2933	0000.137
+00.6169	+00.2970	0000.138
+00.6211	+00.3009	0000.139
+00.6260	+00.3049	0000.140
+00.6303	+00.3089	0000.141
+00.6349	+00.3135	0000.142
+00.6395	+00.3174	0000.143
+00.6440	+00.3214	0000.144
+00.6486	+00.3257	0000.145
+00.6529	+00.3299	0000.146
+00.6572	+00.3345	0000.147
+00.6620	+00.3385	0000.148
+00.6660	+00.3431	0000.149
+00.6715	+00.3473	0000.150
+00.6752	+00.3516	0000.151
+00.6800	+00.3553	0000.152
+00.6849	+00.3598	0000.153
+00.6892	+00.3647	0000.154
+00.6935	+00.3687	0000.155
+00.6984	+00.3730	0000.156
+00.7026	+00.3775	0000.157
+00.7066	+00.3815	0000.158
+00.7115	+00.3864	0000.159
+00.7158	+00.3907	0000.160
+00.7209	+00.3949	0000.161
+00.7255	+00.3995	0000.162
+00.7295	+00.4041	0000.163
+00.7347	+00.4084	0000.164
+00.7389	+00.4135	0000.165
+00.7432	+00.4178	0000.166
+00.7478	+00.4227	0000.167
+00.7521	+00.4270	0000.168
+00.7569	+00.4312	0000.169
+00.7615	+00.4367	0000.170
+00.7658	+00.4410	0000.171
+00.7701	+00.4453	0000.172
+00.7750	+00.4505	0000.173
+00.7795	+00.4551	0000.174
+00.7835	+00.4599	0000.175
+00.7884	+00.4642	0000.176
+00.7927	+00.4697	0000.177
+00.7975	+00.4743	0000.178
+00.8018	+00.4786	0000.179
+00.8064	+00.4837	0000.180
+00.8110	+00.4880	0000.181
+00.8155	+00.4929	0000.182
+00.8195	+00.4981	0000.183
+00.8238	+00.5024	0000.184
+00.8293	+00.5075	0000.185
+00.8339	+00.5124	0000.186
+00.8375	+00.5173	0000.187
+00.8424	+00.5222	0000.188
+00.8470	+00.5271	0000.189
+00.8509	+00.5317	0000.190
+00.8561	+00.5362	0000.191
+00.8598	+00.5411	0000.192
+00.8650	+00.5460	0000.193
+00.8689	+00.5506	0000.194
+00.8738	+00.5552	0000.195
+00.8781	+00.5603	0000.196
+00.8830	+00.5652	0000.197
+00.8876	+00.5704	0000.198
+00.8918	+00.5747	0000.199
+00.8958	+00.5793	0000.200
+00.9016	+00.5841	0000.201
+00.9053	+00.5890	0000.202
+00.9098	+00.5933	0000.203
+00.9144	+00.5985	0000.204
+00.9190	+00.6028	0000.205
+00.9233	+00.6079	0000.206
+00.9282	+00.6119	0000.207
+00.9321	+00.6171	0000.208
+00.9370	+00.6220	0000.209
+00.9416	+00.6263	0000.210
+00.9459	+00.6305	0000.211
+00.9507	+00.6354	0000.212
+00.9550	+00.6400	0000.213
+00.9593	+00.6449	0000.214
+00.9639	+00.6491	0000.215
+00.9684	+00.6537	0000.216
+00.9733	+00.6577	0000.217
+00.9773	+00.6626	0000.218
+00.9816	+00.6675	0000.219
+00.9867	+00.6714	0000.220
+00.9910	+00.6760	0000.221
+00.9956	+00.6806	0000.222
+00.9999	+00.6852	0000.223
+01.0044	+00.6900	0000.224
+01.0090	+00.6946	0000.225
+01.0130	+00.6983	0000.226
+01.0179	+00.7035	0000.227
+01.0231	+00.7077	0000.228
+01.0273	+00.7123	0000.229
+01.0316	+00.7166	0000.230
+01.0362	+00.7209	0000.231
+01.0405	+00.7254	0000.232
+01.0453	+00.7300	0000.233
+01.0496	+00.7340	0000.234
+01.0536	+00.7383	0000.235
+01.0591	+00.7437	0000.236
+01.0633	+00.7474	0000.237
+01.0679	+00.7520	0000.238
+01.0722	+00.7557	0000.239
+01.0768	+00.7602	0000.240
+01.0817	+00.7645	0000.241
+01.0856	+00.7688	0000.242
+01.0902	+00.7730	0000.243
+01.0954	+00.7779	0000.244
+01.0994	+00.7819	0000.245
+01.1033	+00.7859	0000.246
+01.1082	+00.7901	0000.247
+01.1134	+00.7947	0000.248
+01.1177	+00.7993	0000.249
+01.1216	+00.8033	0000.250
+01.1262	+00.8075	0000.251
+01.1308	+00.8121	0000.252
+01.1351	+00.8161	0000.253
+01.1399	+00.8207	0000.254
+01.1445	+00.8246	0000.255
+01.1485	+00.8286	0000.256
+01.1534	+00.8335	0000.257
+01.1576	+00.8374	0000.258
+01.1622	+00.8411	0000.259
+01.1671	+00.8460	0000.260
+01.1711	+00.8500	0000.261
+01.1757	+00.8545	0000.262
+01.1802	+00.8585	0000.263
+01.1851	+00.8628	0000.264
+01.1894	+00.8670	0000.265
+01.1937	+00.8713	0000.266
+01.1982	+00.8747	0000.267
+01.2028	+00.8792	0000.268
+01.2074	+00.8835	0000.269
+01.2117	+00.8878	0000.270
+01.2165	+00.8915	0000.271
+01.2211	+00.8960	0000.272
+01.2251	+00.9003	0000.273
+01.2303	+00.9043	0000.274
+01.2342	+00.9085	0000.275
+01.2394	+00.9125	0000.276
+01.2431	+00.9165	0000.277
+01.2483	+00.9208	0000.278
+01.2526	+00.9247	0000.279
+01.2568	+00.9290	0000.280
+01.2617	+00.9330	0000.281
+01.2663	+00.9372	0000.282
+01.2703	+00.9412	0000.283
+01.2751	+00.9452	0000.284
+01.2788	+00.9491	0000.285
+01.2840	+00.9528	0000.286
+01.2886	+00.9574	0000.287
+01.2931	+00.9613	0000.288
+01.2968	+00.9653	0000.289
+01.3020	+00.9693	0000.290
+01.3066	+00.9732	0000.291
+01.3115	+00.9778	0000.292
+01.3154	+00.9815	0000.293
+01.3197	+00.9858	0000.294
+01.3246	+00.9897	0000.295
+01.3292	+00.9934	0000.296
+01.3331	+00.9974	0000.297
+01.3383	+01.0013	0000.298
+01.3426	+01.0050	0000.299
+01.3475	+01.0089	0000.300
+01.3511	+01.0132	0000.301
+01.3563	+01.0169	0000.302
+01.3609	+01.0208	0000.303
+01.3649	+01.0248	0000.304
+01.3694	+01.0288	0000.305
+01.3740	+01.0328	0000.306
+01.3786	+01.0358	0000.307
+01.3826	+01.0401	0000.308
+01.3877	+01.0440	0000.309
+01.3923	+01.0480	0000.310
+01.3969	+01.0517	0000.311
+01.4015	+01.0556	0000.312
+01.4054	+01.0593	0000.313
+01.4103	+01.0630	0000.314
+01.4146	+01.0666	0000.315
+01.4192	+01.0706	0000.316
+01.4238	+01.0740	0000.317
+01.4280	+01.0779	0000.318
+01.4326	+01.0813	0000.319
+01.4372	+01.0852	0000.320
+01.4415	+01.0886	0000.321
+01.4460	+01.0923	0000.322
+01.4509	+01.0959	0000.323
+01.4552	+01.0999	0000.324
+01.4601	+01.1036	0000.325
+01.4640	+01.1066	0000.326
+01.4686	+01.1109	0000.327
+01.4729	+01.1139	0000.328
+01.4775	+01.1173	0000.329
+01.4820	+01.1209	0000.330
+01.4872	+01.1249	0000.331
+01.4912	+01.1283	0000.332
+01.4958	+01.1319	0000.333
+01.5004	+01.1350	0000.334
+01.5049	+01.1390	0000.335
+01.5092	+01.1420	0000.336
+01.5132	+01.1460	0000.337
+01.5184	+01.1490	0000.338
+01.5220	+01.1527	0000.339
+01.5272	+01.1557	0000.340
+01.5315	+01.1594	0000.341
+01.5364	+01.1618	0000.342
+01.5409	+01.1658	0000.343
+01.5458	+01.1682	0000.344
+01.5498	+01.1722	0000.345
+01.5544	+01.1753	0000.346
+01.5590	+01.1783	0000.347
+01.5635	+01.1820	0000.348
+01.5672	+01.1847	0000.349
+01.5724	+01.1878	0000.350
+01.5770	+01.1905	0000.351
+01.5812	+01.1942	0000.352
+01.5855	+01.1972	0000.353
+01.5901	+01.2006	0000.354
+01.5953	+01.2030	0000.355
+01.5995	+01.2058	0000.356
+01.6038	+01.2091	0000.357
+01.6087	+01.2122	0000.358
+01.6130	+01.2152	0000.359
+01.6172	+01.2180	0000.360
+01.6221	+01.2210	0000.361
+01.6267	+01.2241	0000.362
+01.6313	+01.2265	0000.363
+01.6352	+01.2296	0000.364
+01.6401	+01.2326	0000.365
+01.6441	+01.2354	0000.366
+01.6493	+01.2378	0000.367
+01.6533	+01.2406	0000.368
+01.6578	+01.2436	0000.369
+01.6624	+01.2464	0000.370
+01.6670	+01.2494	0000.371
+01.6713	+01.2519	0000.372
+01.6761	+01.2540	0000.373
+01.6807	+01.2574	0000.374
+01.6856	+01.2592	0000.375
+01.6896	+01.2625	0000.376
+01.6938	+01.2647	0000.377
+01.6987	+01.2674	0000.378
+01.7027	+01.2705	0000.379
+01.7073	+01.2723	0000.380
+01.7121	+01.2748	0000.381
+01.7164	+01.2778	0000.382
+01.7210	+01.2799	0000.383
+01.7256	+01.2824	0000.384
+01.7302	+01.2839	0000.385
+01.7344	+01.2873	0000.386
+01.7390	+01.2894	0000.387
+01.7433	+01.2915	0000.388
+01.7482	+01.2940	0000.389
+01.7527	+01.2967	0000.390
+01.7570	+01.2986	0000.391
+01.7610	+01.3010	0000.392
+01.7662	+01.3028	0000.393
+01.7704	+01.3053	0000.394
+01.7747	+01.3077	0000.395
+01.7796	+01.3102	0000.396
+01.7839	+01.3123	0000.397
+01.7887	+01.3141	0000.398
+01.7930	+01.3160	0000.399
+01.7973	+01.3181	0000.400
+01.8022	+01.3208	0000.401
+01.8068	+01.3230	0000.402
+01.8110	+01.3248	0000.403
+01.8156	+01.3266	0000.404
+01.8199	+01.3288	0000.405
+01.8248	+01.3306	0000.406
+01.8290	+01.3330	0000.407
+01.8339	+01.3346	0000.408
+01.8379	+01.3364	0000.409
+01.8431	+01.3382	0000.410
+01.8473	+01.3404	0000.411
+01.8516	+01.3419	0000.412
+01.8565	+01.3440	0000.413
+01.8605	+01.3462	0000.414
+01.8650	+01.3477	0000.415
+01.8693	+01.3492	0000.416
+01.8742	+01.3514	0000.417
+01.8791	+01.3532	0000.418
+01.8830	+01.3547	0000.419
+01.8867	+01.3565	0000.420
+01.8925	+01.3584	0000.421
+01.8968	+01.3599	0000.422
+01.9011	+01.3617	0000.423
+01.9059	+01.3630	0000.424
+01.9105	+01.3648	0000.425
+01.9148	+01.3666	0000.426
+01.9188	+01.3675	0000.427
+01.9239	+01.3697	0000.428
+01.9285	+01.3709	0000.429
+01.9325	+01.3724	0000.430
+01.9374	+01.3742	0000.431
+01.9419	+01.3758	0000.432
+01.9459	+01.3776	0000.433
+01.9508	+01.3788	0000.434
+01.9551	+01.3803	0000.435
+01.9600	+01.3822	0000.436
+01.9642	+01.3837	0000.437
+01.9691	+01.3846	0000.438
+01.9734	+01.3861	0000.439
+01.9783	+01.3877	0000.440
+01.9822	+01.3886	0000.441
+01.9862	+01.3907	0000.442
+01.9911	+01.3919	0000.443
+01.9957	+01.3935	0000.444
+02.0005	+01.3941	0000.445
+02.0048	+01.3959	0000.446
+02.0094	+01.3971	0000.447
+02.0140	+01.3987	0000.448
+02.0189	+01.3999	0000.449
+02.0228	+01.4014	0000.450
+02.0277	+01.4023	0000.451
+02.0320	+01.4035	0000.452
+02.0369	+01.4048	0000.453
+02.0408	+01.4060	0000.454
+02.0457	+01.4075	0000.455
+02.0497	+01.4084	0000.456
+02.0546	+01.4093	0000.457
+02.0594	+01.4103	0000.458
+02.0634	+01.4115	0000.459
+02.0674	+01.4130	0000.460
+02.0729	+01.4139	0000.461
+02.0765	+01.4145	0000.462
+02.0814	+01.4164	0000.463
+02.0860	+01.4176	0000.464
+02.0909	+01.4182	0000.465
+02.0951	+01.4194	0000.466
+02.0994	+01.4203	0000.467
+02.1043	+01.4212	0000.468
+02.1086	+01.4219	0000.469
+02.1132	+01.4234	0000.470
+02.1174	+01.4249	0000.471
+02.1220	+01.4252	0000.472
+02.1269	+01.4264	0000.473
+02.1312	+01.4264	0000.474
+02.1351	+01.4283	0000.475
+02.1400	+01.4292	0000.476
+02.1446	+01.4298	0000.477
+02.1489	+01.4310	0000.478
+02.1537	+01.4316	0000.479
+02.1583	+01.4322	0000.480
+02.1629	+01.4334	0000.481
+02.1666	+01.4347	0000.482
+02.1708	+01.4356	0000.483
+02.1763	+01.4359	0000.484
+02.1803	+01.4371	0000.485
+02.1852	+01.4380	0000.486
+02.1891	+01.4383	0000.487
+02.1943	+01.4392	0000.488
+02.1989	+01.4402	0000.489
+02.2032	+01.4405	0000.490
+02.2078	+01.4417	0000.491
+02.2120	+01.4429	0000.492
+02.2172	+01.4432	0000.493
+02.2206	+01.4438	0000.494
+02.2255	+01.4444	0000.495
+02.2303	+01.4457	0000.496
+02.2343	+01.4466	0000.497
+02.2395	+01.4475	0000.498
+02.2438	+01.4478	0000.499
+02.2486	+01.4484	0000.500
+02.2523	+01.4490	0000.501
+02.2569	+01.4499	0000.502
+02.2618	+01.4508	0000.503
+02.2663	+01.4511	0000.504
+02.2700	+01.4521	0000.505
+02.2746	+01.4530	0000.506
+02.2798	+01.4539	0000.507
+02.2840	+01.4545	0000.508
+02.2886	+01.4551	0000.509
+02.2932	+01.4557	0000.510
+02.2975	+01.4560	0000.511
+02.3027	+01.4566	0000.512
+02.3072	+01.4579	0000.513
+02.3112	+01.4582	0000.514
+02.3158	+01.4585	0000.515
+02.3207	+01.4597	0000.516
+02.3246	+01.4603	0000.517
+02.3295	+01.4612	0000.518
+02.3344	+01.4612	0000.519
+02.3384	+01.4624	0000.520
+02.3423	+01.4627	0000.521
+02.3475	+01.4630	0000.522
+02.3515	+01.4637	0000.523
+02.3567	+01.4646	0000.524
+02.3606	+01.4652	0000.525
+02.3652	+01.4658	0000.526
+02.3698	+01.4664	0000.527
+02.3744	+01.4670	0000.528
+02.3787	+01.4673	0000.529
+02.3829	+01.4679	0000.530
+02.3878	+01.4685	0000.531
+02.3921	+01.4688	0000.532
+02.3964	+01.4701	0000.533
+02.4012	+01.4704	0000.534
+02.4055	+01.4707	0000.535
+02.4104	+01.4713	0000.536
+02.4150	+01.4722	0000.537
+02.4186	+01.4725	0000.538
+02.4235	+01.4731	0000.539
+02.4281	+01.4734	0000.540
+02.4324	+01.4740	0000.541
+02.4372	+01.4746	0000.542
+02.4418	+01.4746	0000.543
+02.4458	+01.4759	0000.544
+02.4513	+01.4762	0000.545
+02.4556	+01.4771	0000.546
+02.4601	+01.4765	0000.547
+02.4638	+01.4780	0000.548
+02.4684	+01.4783	0000.549
+02.4733	+01.4786	0000.550
+02.4781	+01.4789	0000.551
+02.4827	+01.4792	0000.552
+02.4870	+01.4811	0000.553
+02.4916	+01.4807	0000.554
+02.4961	+01.4807	0000.555
+02.5007	+01.4820	0000.556
+02.5053	+01.4823	0000.557
+02.5096	+01.4832	0000.558
+02.5138	+01.4829	0000.559
+02.5184	+01.4838	0000.560
+02.5230	+01.4847	0000.561
+02.5276	+01.4847	0000.562
+02.5315	+01.4853	0000.563
+02.5367	+01.4856	0000.564
+02.5413	+01.4862	0000.565
+02.5450	+01.4865	0000.566
+02.5502	+01.4875	0000.567
+02.5547	+01.4878	0000.568
+02.5590	+01.4881	0000.569
+02.5636	+01.4881	0000.570
+02.5685	+01.4890	0000.571
+02.5724	+01.4896	0000.572
+02.5773	+01.4902	0000.573
+02.5822	+01.4905	0000.574
+02.5868	+01.4908	0000.575
+02.5911	+01.4911	0000.576
+02.5953	+01.4914	0000.577
+02.5987	+01.4920	0000.578
+02.6042	+01.4927	0000.579
+02.6081	+01.4930	0000.580
+02.6127	+01.4933	0000.581
+02.6176	+01.4939	0000.582
+02.6222	+01.4942	0000.583
+02.6268	+01.4948	0000.584
+02.6313	+01.4957	0000.585
+02.6362	+01.4957	0000.586
+02.6405	+01.4963	0000.587
+02.6451	+01.4966	0000.588
+02.6493	+01.4969	0000.589
+02.6530	+01.4969	0000.590
+02.6588	+01.4978	0000.591
+02.6622	+01.4984	0000.592
+02.6664	+01.4991	0000.593
+02.6719	+01.4988	0000.594
+02.6765	+01.5000	0000.595
+02.6808	+01.5000	0000.596
+02.6851	+01.5003	0000.597
+02.6896	+01.5009	0000.598
+02.6942	+01.5012	0000.599
+02.6985	+01.5015	0000.600
+02.7034	+01.5024	0000.601
+02.7079	+01.5027	0000.602
+02.7128	+01.5024	0000.603
+02.7171	+01.5036	0000.604
+02.7211	+01.5033	0000.605
+02.7259	+01.5042	0000.606
+02.7305	+01.5049	0000.607
+02.7345	+01.5049	0000.608
+02.7394	+01.5052	0000.609
+02.7446	+01.5055	0000.610
+02.7485	+01.5061	0000.611
+02.7525	+01.5064	0000.612
+02.7571	+01.5073	0000.613
+02.7613	+01.5073	0000.614
+02.7665	+01.5073	0000.615
+02.7711	+01.5079	0000.616
+02.7754	+01.5088	0000.617
+02.7800	+01.5088	0000.618
+02.7845	+01.5091	0000.619
+02.7891	+01.5097	0000.620
+02.7937	+01.5100	0000.621
+02.7980	+01.5110	0000.622
+02.8028	+01.5110	0000.623
+02.8071	+01.5113	0000.624
+02.8114	+01.5116	0000.625
+02.8163	+01.5119	0000.626
+02.8209	+01.5122	0000.627
+02.8248	+01.5125	0000.628
+02.8291	+01.5131	0000.629
+02.8343	+01.5131	0000.630
+02.8379	+01.5134	0000.631
+02.8425	+01.5143	0000.632
+02.8477	+01.5140	0000.633
+02.8529	+01.5152	0000.634
+02.8556	+01.5152	0000.635
+02.8611	+01.5161	0000.636
+02.8657	+01.5158	0000.637
+02.8703	+01.5165	0000.638
+02.8749	+01.5171	0000.639
+02.8785	+01.5177	0000.640
+02.8840	+01.5171	0000.641
+02.8886	+01.5174	0000.642
+02.8926	+01.5183	0000.643
+02.8971	+01.5186	0000.644
+02.9017	+01.5192	0000.645
+02.9057	+01.5192	0000.646
+02.9100	+01.5195	0000.647
+02.9152	+01.5201	0000.648
+02.9200	+01.5207	0000.649
+02.9246	+01.5207	0000.650
+02.9283	+01.5210	0000.651
+02.9332	+01.5213	0000.652
+02.9374	+01.5216	0000.653
+02.9423	+01.5219	0000.654
+02.9466	+01.5226	0000.655
+02.9512	+01.5229	0000.656
+02.9564	+01.5235	0000.657
+02.9600	+01.5235	0000.658
+02.9643	+01.5238	0000.659
+02.9698	+01.5244	0000.660
+02.9731	+01.5247	0000.661
+02.9780	+01.5244	0000.662
+02.9829	+01.5253	0000.663
+02.9872	+01.5259	0000.664
+02.9918	+01.5268	0000.665
+02.9969	+01.5265	0000.666
+03.0009	+01.5265	0000.667
+03.0049	+01.5271	0000.668
+03.0095	+01.5271	0000.669
+03.0143	+01.5277	0000.670
+03.0186	+01.5287	0000.671
+03.0232	+01.5284	0000.672
+03.0275	+01.5290	0000.673
+03.0326	+01.5287	0000.674
+03.0366	+01.5299	0000.675
+03.0415	+01.5296	0000.676
+03.0455	+01.5305	0000.677
+03.0503	+01.5305	0000.678
+03.0549	+01.5308	0000.679
+03.0592	+01.5314	0000.680
+03.0641	+01.5317	0000.681
+03.0687	+01.5314	0000.682
+03.0723	+01.5317	0000.683
+03.0784	+01.5320	0000.684
+03.0821	+01.5329	0000.685
+03.0864	+01.5332	0000.686
+03.0909	+01.5335	0000.687
+03.0952	+01.5335	0000.688
+03.1004	+01.5345	0000.689
+03.1044	+01.5342	0000.690
+03.1089	+01.5345	0000.691
+03.1135	+01.5351	0000.692
+03.1181	+01.5348	0000.693
+03.1218	+01.5357	0000.694
+03.1276	+01.5360	0000.695
+03.1315	+01.5363	0000.696
+03.1364	+01.5369	0000.697
+03.1404	+01.5372	0000.698
+03.1440	+01.5369	0000.699
+03.1495	+01.5381	0000.700
+03.1541	+01.5381	0000.701
+03.1581	+01.5381	0000.702
+03.1630	+01.5384	0000.703
+03.1672	+01.5387	0000.704
+03.1718	+01.5390	0000.705
+03.1761	+01.5400	0000.706
+03.1807	+01.5396	0000.707
+03.1858	+01.5400	0000.708
+03.1895	+01.5403	0000.709
+03.1944	+01.5403	0000.710
+03.1987	+01.5415	0000.711
+03.2032	+01.5415	0000.712
+03.2081	+01.5424	0000.713
+03.2124	+01.5418	0000.714
+03.2170	+01.5427	0000.715
+03.2212	+01.5424	0000.716
+03.2261	+01.5433	0000.717
+03.2310	+01.5427	0000.718
+03.2353	+01.5433	0000.719
+03.2392	+01.5442	0000.720
+03.2438	+01.5442	0000.721
+03.2484	+01.5448	0000.722
+03.2527	+01.5445	0000.723
+03.2579	+01.5448	0000.724
+03.2621	+01.5454	0000.725
+03.2667	+01.5458	0000.726
+03.2707	+01.5458	0000.727
+03.2753	+01.5461	0000.728
+03.2804	+01.5464	0000.729
+03.2844	+01.5467	0000.730
+03.2890	+01.5464	0000.731
+03.2942	+01.5479	0000.732
+03.2981	+01.5482	0000.733
+03.3021	+01.5482	0000.734
+03.3067	+01.5479	0000.735
+03.3119	+01.5488	0000.736
+03.3165	+01.5491	0000.737
+03.3207	+01.5491	0000.738
+03.3247	+01.5497	0000.739
+03.3296	+01.5494	0000.740
+03.3342	+01.5506	0000.741
+03.3381	+01.5506	0000.742
+03.3430	+01.5512	0000.743
+03.3476	+01.5509	0000.744
+03.3531	+01.5512	0000.745
+03.3558	+01.5522	0000.746
+03.3613	+01.5525	0000.747
+03.3662	+01.5525	0000.748
+03.3708	+01.5528	0000.749
+03.3747	+01.5525	0000.750
+03.3793	+01.5534	0000.751
+03.3836	+01.5534	0000.752
+03.3879	+01.5534	0000.753
+03.3928	+01.5534	0000.754
+03.3970	+01.5543	0000.755
+03.4019	+01.5546	0000.756
+03.4062	+01.5546	0000.757
+03.4108	+01.5549	0000.758
+03.4159	+01.5555	0000.759
+03.4208	+01.5558	0000.760
+03.4239	+01.5555	0000.761
+03.4288	+01.5561	0000.762
+03.4330	+01.5567	0000.763
+03.4379	+01.5564	0000.764
+03.4422	+01.5573	0000.765
+03.4465	+01.5570	0000.766
+03.4513	+01.5577	0000.767
+03.4562	+01.5580	0000.768
+03.4602	+01.5583	0000.769
+03.4651	+01.5583	0000.770
+03.4697	+01.5586	0000.771
+03.4742	+01.5589	0000.772
+03.4782	+01.5589	0000.773
+03.4834	+01.5601	0000.774
+03.4877	+01.5598	0000.775
+03.4919	+01.5604	0000.776
+03.4962	+01.5601	0000.777
+03.5014	+01.5607	0000.778
+03.5057	+01.5607	0000.779
+03.5099	+01.5613	0000.780
+03.5142	+01.5610	0000.781
+03.5185	+01.5613	0000.782
+03.5234	+01.5622	0000.783
+03.5283	+01.5622	0000.784
+03.5322	+01.5625	0000.785
+03.5374	+01.5628	0000.786
+03.5414	+01.5635	0000.787
+03.5466	+01.5631	0000.788
+03.5505	+01.5638	0000.789
+03.5542	+01.5641	0000.790
+03.5594	+01.5644	0000.791
+03.5643	+01.5641	0000.792
+03.5688	+01.5647	0000.793
+03.5734	+01.5653	0000.794
+03.5768	+01.5656	0000.795
+03.5820	+01.5647	0000.796
+03.5865	+01.5662	0000.797
+03.5911	+01.5656	0000.798
+03.5954	+01.5662	0000.799
+03.6000	+01.5659	0000.800
+03.6045	+01.5668	0000.801
+03.6085	+01.5668	0000.802
+03.6137	+01.5671	0000.803
+03.6186	+01.5674	0000.804
+03.6232	+01.5674	0000.805
+03.6271	+01.5680	0000.806
+03.6314	+01.5680	0000.807
+03.6363	+01.5683	0000.808
+03.6409	+01.5693	0000.809
+03.6451	+01.5689	0000.810
+03.6494	+01.5696	0000.811
+03.6549	+01.5702	0000.812
+03.6586	+01.5696	0000.813
+03.6625	+01.5711	0000.814
+03.6677	+01.5705	0000.815
+03.6723	+01.5705	0000.816
+03.6772	+01.5705	0000.817
+03.6811	+01.5708	0000.818
+03.6863	+01.5717	0000.819
+03.6900	+01.5720	0000.820
+03.6940	+01.5723	0000.821
+03.6995	+01.5723	0000.822
+03.7040	+01.5726	0000.823
+03.7080	+01.5729	0000.824
+03.7126	+01.5726	0000.825
+03.7172	+01.5732	0000.826
+03.7214	+01.5735	0000.827
+03.7260	+01.5735	0000.828
+03.7309	+01.5744	0000.829
+03.7355	+01.5738	0000.830
+03.7397	+01.5744	0000.831
+03.7440	+01.5750	0000.832
+03.7489	+01.5744	0000.833
+03.7532	+01.5750	0000.834
+03.7571	+01.5754	0000.835
+03.7623	+01.5757	0000.836
+03.7663	+01.5763	0000.837
+03.7715	+01.5766	0000.838
+03.7761	+01.5766	0000.839
+03.7803	+01.5769	0000.840
+03.7849	+01.5778	0000.841
+03.7892	+01.5778	0000.842
+03.7938	+01.5772	0000.843
+03.7980	+01.5778	0000.844
+03.8026	+01.5784	0000.845
+03.8075	+01.5784	0000.846
+03.8115	+01.5790	0000.847
+03.8166	+01.5787	0000.848
+03.8200	+01.5796	0000.849
+03.8249	+01.5793	0000.850
+03.8295	+01.5796	0000.851
+03.8337	+01.5796	0000.852
+03.8389	+01.5799	0000.853
+03.8438	+01.5802	0000.854
+03.8481	+01.5805	0000.855
+03.8523	+01.5812	0000.856
+03.8575	+01.5815	0000.857
+03.8618	+01.5812	0000.858
+03.8664	+01.5818	0000.859
+03.8700	+01.5818	0000.860
+03.8740	+01.5821	0000.861
+03.8795	+01.5818	0000.862
+03.8844	+01.5827	0000.863
+03.8881	+01.5824	0000.864
+03.8932	+01.5827	0000.865
+03.8975	+01.5827	0000.866
+03.9018	+01.5836	0000.867
+03.9064	+01.5839	0000.868
+03.9109	+01.5836	0000.869
+03.9149	+01.5842	0000.870
+03.9201	+01.5842	0000.871
+03.9247	+01.5848	0000.872
+03.9293	+01.5848	0000.873
+03.9335	+01.5842	0000.874
+03.9378	+01.5848	0000.875
+03.9430	+01.5860	0000.876
+03.9476	+01.5860	0000.877
+03.9515	+01.5854	0000.878
+03.9558	+01.5860	0000.879
+03.9613	+01.5860	0000.880
+03.9653	+01.5863	0000.881
+03.9692	+01.5866	0000.882
+03.9738	+01.5870	0000.883
+03.9781	+01.5870	0000.884
+03.9830	+01.5873	0000.885
+03.9872	+01.5873	0000.886
+03.9915	+01.5879	0000.887
+03.9958	+01.5885	0000.888
+04.0007	+01.5876	0000.889
+04.0052	+01.5882	0000.890
+04.0092	+01.5888	0000.891
+04.0135	+01.5894	0000.892
+04.0190	+01.5888	0000.893
+04.0239	+01.5891	0000.894
+04.0275	+01.5894	0000.895
+04.0327	+01.5897	0000.896
+04.0373	+01.5897	0000.897
+04.0422	+01.5900	0000.898
+04.0458	+01.5897	0000.899
+04.0507	+01.5900	0000.900
+04.0553	+01.5909	0000.901
+04.0599	+01.5915	0000.902
+04.0632	+01.5909	0000.903
+04.0687	+01.5915	0000.904
+04.0727	+01.5915	0000.905
+04.0776	+01.5921	0000.906
+04.0821	+01.5924	0000.907
+04.0861	+01.5921	0000.908
+04.0913	+01.5924	0000.909
+04.0965	+01.5921	0000.910
+04.1005	+01.5931	0000.911
+04.1050	+01.5927	0000.912
+04.1096	+01.5927	0000.913
+04.1139	+01.5937	0000.914
+04.1182	+01.5934	0000.915
+04.1224	+01.5940	0000.916
+04.1273	+01.5940	0000.917
+04.1316	+01.5943	0000.918
+04.1356	+01.5946	0000.919
+04.1404	+01.5949	0000.920
+04.1447	+01.5949	0000.921
+04.1508	+01.5952	0000.922
+04.1542	+01.5955	0000.923
+04.1587	+01.5952	0000.924
+04.1633	+01.5958	0000.925
+04.1679	+01.5961	0000.926
+04.1722	+01.5964	0000.927
+04.1764	+01.5964	0000.928
+04.1819	+01.5967	0000.929
+04.1856	+01.5964	0000.930
+04.1899	+01.5967	0000.931
+04.1954	+01.5967	0000.932
+04.1999	+01.5976	0000.933
+04.2045	+01.5970	0000.934
+04.2085	+01.5973	0000.935
+04.2131	+01.5979	0000.936
+04.2176	+01.5976	0000.937
+04.2225	+01.5982	0000.938
+04.2262	+01.5985	0000.939
+04.2308	+01.5985	0000.940
+04.2360	+01.5985	0000.941
+04.2399	+01.5985	0000.942
+04.2442	+01.5992	0000.943
+04.2485	+01.5995	0000.944
+04.2533	+01.6001	0000.945
+04.2582	+01.5998	0000.946
+04.2619	+01.5995	0000.947
+04.2668	+01.6001	0000.948
+04.2714	+01.6004	0000.949
+04.2759	+01.6001	0000.950
+04.2808	+01.6001	0000.951
+04.2842	+01.6010	0000.952
+04.2897	+01.6019	0000.953
+04.2939	+01.6019	0000.954
+04.2982	+01.6013	0000.955
+04.3034	+01.6019	0000.956
+04.3068	+01.6019	0000.957
+04.3119	+01.6019	0000.958
+04.3171	+01.6022	0000.959
+04.3220	+01.6025	0000.960
+04.3257	+01.6028	0000.961
+04.3303	+01.6034	0000.962
+04.3345	+01.6031	0000.963
+04.3394	+01.6037	0000.964
+04.3431	+01.6037	0000.965
+04.3476	+01.6031	0000.966
+04.3522	+01.6034	0000.967
+04.3571	+01.6037	0000.968
+04.3617	+01.6040	0000.969
+04.3663	+01.6043	0000.970
+04.3708	+01.6043	0000.971
+04.3751	+01.6050	0000.972
+04.3797	+01.6047	0000.973
+04.3840	+01.6050	0000.974
+04.3888	+01.6050	0000.975
+04.3934	+01.6053	0000.976
+04.3968	+01.6053	0000.977
+04.4017	+01.6056	0000.978
+04.4065	+01.6056	0000.979
+04.4117	+01.6059	0000.980
+04.4157	+01.6059	0000.981
+04.4200	+01.6065	0000.982
+04.4239	+01.6071	0000.983
+04.4291	+01.6065	0000.984
+04.4340	+01.6071	0000.985
+04.4377	+01.6068	0000.986
+04.4426	+01.6074	0000.987
+04.4465	+01.6077	0000.988
+04.4520	+01.6080	0000.989
+04.4554	+01.6080	0000.990
+04.4603	+01.6080	0000.991
+04.4658	+01.6083	0000.992
+04.4697	+01.6086	0000.993
+04.4743	+01.6092	0000.994
+04.4786	+01.6083	0000.995
+04.4838	+01.6089	0000.996
+04.4874	+01.6092	0000.997
+04.4920	+01.6089	0000.998
+04.4966	+01.6092	0000.999
+04.5015	+01.6098	0001.000
+04.5063	+01.6101	0001.001
+04.5008	+01.6098	0001.002
+04.4972	+01.6098	0001.003
+04.4929	+01.6101	0001.004
+04.4874	+01.6108	0001.005
+04.4841	+01.6095	0001.006
+04.4792	+01.6101	0001.007
+04.4749	+01.6104	0001.008
+04.4703	+01.6095	0001.009
+04.4658	+01.6098	0001.010
+04.4603	+01.6101	0001.011
+04.4572	+01.6095	0001.012
+04.4520	+01.6095	0001.013
+04.4474	+01.6095	0001.014
+04.4429	+01.6098	0001.015
+04.4380	+01.6095	0001.016
+04.4346	+01.6098	0001.017
+04.4294	+01.6101	0001.018
+04.4242	+01.6101	0001.019
+04.4200	+01.6095	0001.020
+04.4160	+01.6101	0001.021
+04.4120	+01.6095	0001.022
+04.4065	+01.6092	0001.023
+04.4020	+01.6095	0001.024
+04.3980	+01.6095	0001.025
+04.3937	+01.6092	0001.026
+04.3885	+01.6098	0001.027
+04.3846	+01.6089	0001.028
+04.3800	+01.6101	0001.029
+04.3754	+01.6092	0001.030
+04.3715	+01.6098	0001.031
+04.3663	+01.6095	0001.032
+04.3623	+01.6095	0001.033
+04.3565	+01.6089	0001.034
+04.3528	+01.6089	0001.035
+04.3476	+01.6092	0001.036
+04.3437	+01.6092	0001.037
+04.3391	+01.6092	0001.038
+04.3351	+01.6092	0001.039
+04.3309	+01.6089	0001.040
+04.3260	+01.6089	0001.041
+04.3214	+01.6092	0001.042
+04.3168	+01.6086	0001.043
+04.3122	+01.6092	0001.044
+04.3080	+01.6089	0001.045
+04.3040	+01.6092	0001.046
+04.2997	+01.6086	0001.047
+04.2939	+01.6089	0001.048
+04.2903	+01.6092	0001.049
+04.2851	+01.6083	0001.050
+04.2811	+01.6089	0001.051
+04.2759	+01.6080	0001.052
+04.2714	+01.6083	0001.053
+04.2674	+01.6080	0001.054
+04.2619	+01.6083	0001.055
+04.2582	+01.6083	0001.056
+04.2537	+01.6083	0001.057
+04.2500	+01.6086	0001.058
+04.2448	+01.6086	0001.059
+04.2399	+01.6083	0001.060
+04.2356	+01.6080	0001.061
+04.2314	+01.6080	0001.062
+04.2268	+01.6077	0001.063
+04.2231	+01.6077	0001.064
+04.2183	+01.6077	0001.065
+04.2134	+01.6080	0001.066
+04.2094	+01.6074	0001.067
+04.2045	+01.6080	0001.068
+04.1996	+01.6077	0001.069
+04.1951	+01.6071	0001.070
+04.1905	+01.6074	0001.071
+04.1856	+01.6071	0001.072
+04.1819	+01.6074	0001.073
+04.1771	+01.6068	0001.074
+04.1725	+01.6074	0001.075
+04.1685	+01.6077	0001.076
+04.1639	+01.6074	0001.077
+04.1590	+01.6071	0001.078
+04.1548	+01.6065	0001.079
+04.1505	+01.6071	0001.080
+04.1456	+01.6068	0001.081
+04.1413	+01.6068	0001.082
+04.1365	+01.6068	0001.083
+04.1325	+01.6068	0001.084
+04.1276	+01.6068	0001.085
+04.1236	+01.6068	0001.086
+04.1191	+01.6068	0001.087
+04.1145	+01.6071	0001.088
+04.1105	+01.6062	0001.089
+04.1041	+01.6065	0001.090
+04.1011	+01.6062	0001.091
+04.0956	+01.6062	0001.092
+04.0916	+01.6059	0001.093
+04.0870	+01.6059	0001.094
+04.0818	+01.6059	0001.095
+04.0785	+01.6059	0001.096
+04.0730	+01.6056	0001.097
+04.0690	+01.6056	0001.098
+04.0641	+01.6053	0001.099
+04.0605	+01.6050	0001.100
+04.0556	+01.6056	0001.101
+04.0510	+01.6056	0001.102
+04.0464	+01.6053	0001.103
+04.0419	+01.6056	0001.104
+04.0373	+01.6047	0001.105
+04.0327	+01.6053	0001.106
+04.0287	+01.6047	0001.107
+04.0251	+01.6050	0001.108
+04.0187	+01.6050	0001.109
+04.0156	+01.6053	0001.110
+04.0104	+01.6043	0001.111
+04.0071	+01.6043	0001.112
+04.0016	+01.6047	0001.113
+03.9970	+01.6047	0001.114
+03.9921	+01.6043	0001.115
+03.9882	+01.6047	0001.116
+03.9836	+01.6047	0001.117
+03.9793	+01.6043	0001.118
+03.9738	+01.6040	0001.119
+03.9692	+01.6043	0001.120
+03.9653	+01.6043	0001.121
+03.9604	+01.6037	0001.122
+03.9558	+01.6040	0001.123
+03.9521	+01.6037	0001.124
+03.9473	+01.6037	0001.125
+03.9424	+01.6034	0001.126
+03.9387	+01.6037	0001.127
+03.9335	+01.6031	0001.128
+03.9289	+01.6034	0001.129
+03.9244	+01.6025	0001.130
+03.9207	+01.6034	0001.131
+03.9155	+01.6034	0001.132
+03.9109	+01.6031	0001.133
+03.9061	+01.6031	0001.134
+03.9027	+01.6031	0001.135
+03.8975	+01.6025	0001.136
+03.8929	+01.6022	0001.137
+03.8893	+01.6022	0001.138
+03.8841	+01.6025	0001.139
+03.8789	+01.6022	0001.140
+03.8743	+01.6022	0001.141
+03.8704	+01.6022	0001.142
+03.8661	+01.6025	0001.143
+03.8615	+01.6019	0001.144
+03.8572	+01.6022	0001.145
+03.8530	+01.6016	0001.146
+03.8484	+01.6019	0001.147
+03.8444	+01.6016	0001.148
+03.8389	+01.6013	0001.149
+03.8346	+01.6016	0001.150
+03.8298	+01.6013	0001.151
+03.8258	+01.6016	0001.152
+03.8215	+01.6013	0001.153
+03.8163	+01.6013	0001.154
+03.8121	+01.6007	0001.155
+03.8075	+01.6013	0001.156
+03.8032	+01.6010	0001.157
+03.7986	+01.6013	0001.158
+03.7938	+01.6004	0001.159
+03.7892	+01.6010	0001.160
+03.7852	+01.6004	0001.161
+03.7800	+01.6004	0001.162
+03.7761	+01.6001	0001.163
+03.7721	+01.6004	0001.164
+03.7669	+01.5998	0001.165
+03.7623	+01.6004	0001.166
+03.7577	+01.5998	0001.167
+03.7535	+01.5998	0001.168
+03.7486	+01.6001	0001.169
+03.7440	+01.6001	0001.170
+03.7400	+01.5995	0001.171
+03.7364	+01.5995	0001.172
+03.7312	+01.5998	0001.173
+03.7266	+01.5995	0001.174
+03.7220	+01.5995	0001.175
+03.7175	+01.5989	0001.176
+03.7126	+01.5998	0001.177
+03.7083	+01.5992	0001.178
+03.7040	+01.5989	0001.179
+03.6995	+01.5995	0001.180
+03.6952	+01.5995	0001.181
+03.6906	+01.5985	0001.182
+03.6860	+01.5982	0001.183
+03.6814	+01.5982	0001.184
+03.6772	+01.5982	0001.185
+03.6720	+01.5982	0001.186
+03.6683	+01.5982	0001.187
+03.6631	+01.5982	0001.188
+03.6586	+01.5982	0001.189
+03.6552	+01.5979	0001.190
+03.6506	+01.5976	0001.191
+03.6454	+01.5970	0001.192
+03.6409	+01.5979	0001.193
+03.6363	+01.5973	0001.194
+03.6320	+01.5973	0001.195
+03.6274	+01.5976	0001.196
+03.6229	+01.5973	0001.197
+03.6186	+01.5967	0001.198
+03.6140	+01.5976	0001.199
+03.6094	+01.5967	0001.200
+03.6049	+01.5970	0001.201
+03.6012	+01.5970	0001.202
+03.5960	+01.5964	0001.203
+03.5917	+01.5961	0001.204
+03.5868	+01.5961	0001.205
+03.5826	+01.5958	0001.206
+03.5774	+01.5970	0001.207
+03.5740	+01.5961	0001.208
+03.5691	+01.5958	0001.209
+03.5643	+01.5961	0001.210
+03.5600	+01.5961	0001.211
+03.5554	+01.5958	0001.212
+03.5505	+01.5952	0001.213
+03.5463	+01.5952	0001.214
+03.5420	+01.5952	0001.215
+03.5371	+01.5949	0001.216
+03.5328	+01.5952	0001.217
+03.5286	+01.5952	0001.218
+03.5240	+01.5955	0001.219
+03.5197	+01.5949	0001.220
+03.5142	+01.5946	0001.221
+03.5099	+01.5943	0001.222
+03.5057	+01.5943	0001.223
+03.5014	+01.5952	0001.224
+03.4971	+01.5943	0001.225
+03.4919	+01.5943	0001.226
+03.4874	+01.5943	0001.227
+03.4831	+01.5940	0001.228
+03.4779	+01.5937	0001.229
+03.4739	+01.5946	0001.230
+03.4703	+01.5937	0001.231
+03.4651	+01.5937	0001.232
+03.4608	+01.5940	0001.233
+03.4568	+01.5937	0001.234
+03.4517	+01.5937	0001.235
+03.4477	+01.5927	0001.236
+03.4428	+01.5934	0001.237
+03.4382	+01.5934	0001.238
+03.4336	+01.5931	0001.239
+03.4285	+01.5937	0001.240
+03.4248	+01.5927	0001.241
+03.4202	+01.5931	0001.242
+03.4153	+01.5921	0001.243
+03.4108	+01.5927	0001.244
+03.4065	+01.5931	0001.245
+03.4025	+01.5924	0001.246
+03.3982	+01.5921	0001.247
+03.3921	+01.5924	0001.248
+03.3891	+01.5915	0001.249
+03.3842	+01.5921	0001.250
+03.3790	+01.5918	0001.251
+03.3754	+01.5912	0001.252
+03.3699	+01.5918	0001.253
+03.3659	+01.5918	0001.254
+03.3610	+01.5909	0001.255
+03.3567	+01.5915	0001.256
+03.3525	+01.5909	0001.257
+03.3482	+01.5909	0001.258
+03.3433	+01.5906	0001.259
+03.3387	+01.5912	0001.260
+03.3345	+01.5909	0001.261
+03.3299	+01.5903	0001.262
+03.3253	+01.5903	0001.263
+03.3207	+01.5909	0001.264
+03.3165	+01.5903	0001.265
+03.3119	+01.5903	0001.266
+03.3073	+01.5900	0001.267
+03.3030	+01.5894	0001.268
+03.2985	+01.5897	0001.269
+03.2942	+01.5900	0001.270
+03.2896	+01.5891	0001.271
+03.2847	+01.5900	0001.272
+03.2801	+01.5894	0001.273
+03.2762	+01.5894	0001.274
+03.2716	+01.5897	0001.275
+03.2679	+01.5891	0001.276
+03.2627	+01.5891	0001.277
+03.2573	+01.5885	0001.278
+03.2536	+01.5885	0001.279
+03.2484	+01.5891	0001.280
+03.2447	+01.5885	0001.281
+03.2402	+01.5891	0001.282
+03.2356	+01.5882	0001.283
+03.2310	+01.5882	0001.284
+03.2261	+01.5882	0001.285
+03.2219	+01.5879	0001.286
+03.2170	+01.5876	0001.287
+03.2124	+01.5873	0001.288
+03.2084	+01.5873	0001.289
+03.2035	+01.5873	0001.290
+03.1993	+01.5873	0001.291
+03.1950	+01.5873	0001.292
+03.1901	+01.5879	0001.293
+03.1855	+01.5866	0001.294
+03.1816	+01.5866	0001.295
+03.1767	+01.5870	0001.296
+03.1724	+01.5870	0001.297
+03.1678	+01.5866	0001.298
+03.1636	+01.5860	0001.299
+03.1587	+01.5860	0001.300
+03.1535	+01.5857	0001.301
+03.1492	+01.5860	0001.302
+03.1453	+01.5860	0001.303
+03.1401	+01.5857	0001.304
+03.1367	+01.5860	0001.305
+03.1315	+01.5854	0001.306
+03.1273	+01.5854	0001.307
+03.1227	+01.5854	0001.308
+03.1178	+01.5854	0001.309
+03.1144	+01.5854	0001.310
+03.1092	+01.5851	0001.311
+03.1044	+01.5845	0001.312
+03.1007	+01.5848	0001.313
+03.0961	+01.5848	0001.314
+03.0909	+01.5848	0001.315
+03.0870	+01.5839	0001.316
+03.0824	+01.5845	0001.317
+03.0787	+01.5842	0001.318
+03.0735	+01.5842	0001.319
+03.0690	+01.5836	0001.320
+03.0650	+01.5836	0001.321
+03.0595	+01.5836	0001.322
+03.0558	+01.5842	0001.323
+03.0510	+01.5830	0001.324
+03.0467	+01.5833	0001.325
+03.0412	+01.5833	0001.326
+03.0366	+01.5830	0001.327
+03.0326	+01.5827	0001.328
+03.0287	+01.5824	0001.329
+03.0235	+01.5824	0001.330
+03.0186	+01.5827	0001.331
+03.0143	+01.5821	0001.332
+03.0098	+01.5830	0001.333
+03.0055	+01.5818	0001.334
+03.0012	+01.5821	0001.335
+02.9969	+01.5821	0001.336
+02.9918	+01.5815	0001.337
+02.9875	+01.5818	0001.338
+02.9832	+01.5815	0001.339
+02.9783	+01.5812	0001.340
+02.9741	+01.5812	0001.341
+02.9698	+01.5812	0001.342
+02.9655	+01.5808	0001.343
+02.9606	+01.5812	0001.344
+02.9560	+01.5808	0001.345
+02.9527	+01.5805	0001.346
+02.9472	+01.5808	0001.347
+02.9426	+01.5802	0001.348
+02.9380	+01.5805	0001.349
+02.9329	+01.5802	0001.350
+02.9292	+01.5796	0001.351
+02.9252	+01.5802	0001.352
+02.9200	+01.5799	0001.353
+02.9158	+01.5796	0001.354
+02.9112	+01.5796	0001.355
+02.9063	+01.5790	0001.356
+02.9026	+01.5790	0001.357
+02.8971	+01.5793	0001.358
+02.8932	+01.5787	0001.359
+02.8892	+01.5790	0001.360
+02.8843	+01.5781	0001.361
+02.8794	+01.5784	0001.362
+02.8752	+01.5784	0001.363
+02.8706	+01.5781	0001.364
+02.8666	+01.5781	0001.365
+02.8614	+01.5778	0001.366
+02.8566	+01.5778	0001.367
+02.8523	+01.5775	0001.368
+02.8477	+01.5775	0001.369
+02.8434	+01.5772	0001.370
+02.8392	+01.5781	0001.371
+02.8349	+01.5775	0001.372
+02.8300	+01.5772	0001.373
+02.8251	+01.5769	0001.374
+02.8209	+01.5769	0001.375
+02.8166	+01.5769	0001.376
+02.8114	+01.5769	0001.377
+02.8074	+01.5766	0001.378
+02.8025	+01.5757	0001.379
+02.7986	+01.5760	0001.380
+02.7937	+01.5763	0001.381
+02.7888	+01.5757	0001.382
+02.7851	+01.5760	0001.383
+02.7809	+01.5754	0001.384
+02.7757	+01.5754	0001.385
+02.7711	+01.5750	0001.386
+02.7665	+01.5754	0001.387
+02.7616	+01.5750	0001.388
+02.7577	+01.5747	0001.389
+02.7531	+01.5750	0001.390
+02.7488	+01.5744	0001.391
+02.7443	+01.5744	0001.392
+02.7394	+01.5741	0001.393
+02.7345	+01.5741	0001.394
+02.7302	+01.5744	0001.395
+02.7262	+01.5741	0001.396
+02.7214	+01.5735	0001.397
+02.7174	+01.5738	0001.398
+02.7128	+01.5732	0001.399
+02.7082	+01.5738	0001.400
+02.7037	+01.5732	0001.401
+02.6991	+01.5735	0001.402
+02.6945	+01.5732	0001.403
+02.6899	+01.5723	0001.404
+02.6857	+01.5729	0001.405
+02.6811	+01.5726	0001.406
+02.6768	+01.5723	0001.407
+02.6719	+01.5723	0001.408
+02.6680	+01.5717	0001.409
+02.6640	+01.5720	0001.410
+02.6582	+01.5723	0001.411
+02.6545	+01.5714	0001.412
+02.6493	+01.5714	0001.413
+02.6445	+01.5714	0001.414
+02.6408	+01.5714	0001.415
+02.6362	+01.5714	0001.416
+02.6310	+01.5711	0001.417
+02.6271	+01.5711	0001.418
+02.6222	+01.5708	0001.419
+02.6182	+01.5708	0001.420
+02.6133	+01.5708	0001.421
+02.6088	+01.5708	0001.422
+02.6042	+01.5705	0001.423
+02.5999	+01.5702	0001.424
+02.5947	+01.5696	0001.425
+02.5911	+01.5699	0001.426
+02.5868	+01.5693	0001.427
+02.5816	+01.5696	0001.428
+02.5773	+01.5696	0001.429
+02.5727	+01.5696	0001.430
+02.5688	+01.5693	0001.431
+02.5645	+01.5686	0001.432
+02.5590	+01.5683	0001.433
+02.5554	+01.5686	0001.434
+02.5505	+01.5686	0001.435
+02.5462	+01.5680	0001.436
+02.5416	+01.5683	0001.437
+02.5364	+01.5677	0001.438
+02.5325	+01.5677	0001.439
+02.5279	+01.5677	0001.440
+02.5233	+01.5674	0001.441
+02.5184	+01.5671	0001.442
+02.5145	+01.5671	0001.443
+02.5102	+01.5671	0001.444
+02.5053	+01.5668	0001.445
+02.5010	+01.5668	0001.446
+02.4968	+01.5665	0001.447
+02.4916	+01.5668	0001.448
+02.4873	+01.5662	0001.449
+02.4827	+01.5668	0001.450
+02.4781	+01.5659	0001.451
+02.4739	+01.5653	0001.452
+02.4693	+01.5656	0001.453
+02.4647	+01.5653	0001.454
+02.4598	+01.5656	0001.455
+02.4559	+01.5653	0001.456
+02.4513	+01.5650	0001.457
+02.4467	+01.5650	0001.458
+02.4421	+01.5647	0001.459
+02.4372	+01.5647	0001.460
+02.4327	+01.5641	0001.461
+02.4287	+01.5644	0001.462
+02.4235	+01.5641	0001.463
+02.4202	+01.5644	0001.464
+02.4147	+01.5647	0001.465
+02.4110	+01.5638	0001.466
+02.4061	+01.5635	0001.467
+02.4012	+01.5635	0001.468
+02.3970	+01.5635	0001.469
+02.3930	+01.5628	0001.470
+02.3878	+01.5631	0001.471
+02.3838	+01.5625	0001.472
+02.3793	+01.5625	0001.473
+02.3747	+01.5625	0001.474
+02.3698	+01.5622	0001.475
+02.3655	+01.5619	0001.476
+02.3610	+01.5622	0001.477
+02.3567	+01.5619	0001.478
+02.3521	+01.5613	0001.479
+02.3475	+01.5613	0001.480
+02.3433	+01.5619	0001.481
+02.3390	+01.5610	0001.482
+02.3341	+01.5610	0001.483
+02.3292	+01.5604	0001.484
+02.3249	+01.5607	0001.485
+02.3210	+01.5607	0001.486
+02.3161	+01.5601	0001.487
+02.3112	+01.5604	0001.488
+02.3066	+01.5601	0001.489
+02.3027	+01.5598	0001.490
+02.2978	+01.5598	0001.491
+02.2938	+01.5598	0001.492
+02.2886	+01.5592	0001.493
+02.2844	+01.5601	0001.494
+02.2801	+01.5589	0001.495
+02.2755	+01.5589	0001.496
+02.2709	+01.5586	0001.497
+02.2657	+01.5592	0001.498
+02.2624	+01.5583	0001.499
+02.2575	+01.5580	0001.500
+02.2526	+01.5583	0001.501
+02.2490	+01.5577	0001.502
+02.2438	+01.5583	0001.503
+02.2398	+01.5577	0001.504
+02.2349	+01.5573	0001.505
+02.2306	+01.5577	0001.506
+02.2255	+01.5577	0001.507
+02.2209	+01.5573	0001.508
+02.2172	+01.5567	0001.509
+02.2123	+01.5570	0001.510
+02.2075	+01.5564	0001.511
+02.2035	+01.5561	0001.512
+02.1989	+01.5561	0001.513
+02.1943	+01.5564	0001.514
+02.1904	+01.5558	0001.515
+02.1855	+01.5558	0001.516
+02.1812	+01.5552	0001.517
+02.1766	+01.5549	0001.518
+02.1720	+01.5555	0001.519
+02.1669	+01.5555	0001.520
+02.1629	+01.5546	0001.521
+02.1577	+01.5549	0001.522
+02.1547	+01.5543	0001.523
+02.1492	+01.5543	0001.524
+02.1449	+01.5537	0001.525
+02.1406	+01.5537	0001.526
+02.1357	+01.5534	0001.527
+02.1318	+01.5534	0001.528
+02.1272	+01.5537	0001.529
+02.1223	+01.5531	0001.530
+02.1177	+01.5534	0001.531
+02.1132	+01.5531	0001.532
+02.1089	+01.5531	0001.533
+02.1049	+01.5519	0001.534
+02.0997	+01.5519	0001.535
+02.0948	+01.5522	0001.536
+02.0912	+01.5525	0001.537
+02.0857	+01.5519	0001.538
+02.0820	+01.5519	0001.539
+02.0774	+01.5516	0001.540
+02.0732	+01.5509	0001.541
+02.0683	+01.5512	0001.542
+02.0640	+01.5509	0001.543
+02.0594	+01.5509	0001.544
+02.0555	+01.5500	0001.545
+02.0500	+01.5503	0001.546
+02.0454	+01.5509	0001.547
+02.0408	+01.5497	0001.548
+02.0366	+01.5494	0001.549
+02.0326	+01.5497	0001.550
+02.0274	+01.5497	0001.551
+02.0231	+01.5491	0001.552
+02.0192	+01.5491	0001.553
+02.0140	+01.5488	0001.554
+02.0097	+01.5488	0001.555
+02.0051	+01.5488	0001.556
+02.0005	+01.5479	0001.557
+01.9960	+01.5482	0001.558
+01.9911	+01.5482	0001.559
+01.9871	+01.5473	0001.560
+01.9825	+01.5473	0001.561
+01.9783	+01.5479	0001.562
+01.9734	+01.5470	0001.563
+01.9694	+01.5473	0001.564
+01.9651	+01.5467	0001.565
+01.9600	+01.5470	0001.566
+01.9551	+01.5470	0001.567
+01.9514	+01.5461	0001.568
+01.9468	+01.5458	0001.569
+01.9419	+01.5458	0001.570
+01.9377	+01.5454	0001.571
+01.9328	+01.5454	0001.572
+01.9294	+01.5458	0001.573
+01.9246	+01.5448	0001.574
+01.9197	+01.5448	0001.575
+01.9151	+01.5445	0001.576
+01.9108	+01.5451	0001.577
+01.9059	+01.5451	0001.578
+01.9017	+01.5442	0001.579
+01.8974	+01.5442	0001.580
+01.8928	+01.5442	0001.581
+01.8876	+01.5430	0001.582
+01.8837	+01.5433	0001.583
+01.8791	+01.5439	0001.584
+01.8742	+01.5433	0001.585
+01.8699	+01.5427	0001.586
+01.8653	+01.5433	0001.587
+01.8608	+01.5421	0001.588
+01.8565	+01.5424	0001.589
+01.8519	+01.5424	0001.590
+01.8470	+01.5421	0001.591
+01.8434	+01.5418	0001.592
+01.8388	+01.5415	0001.593
+01.8339	+01.5418	0001.594
+01.8290	+01.5415	0001.595
+01.8248	+01.5415	0001.596
+01.8205	+01.5406	0001.597
+01.8159	+01.5409	0001.598
+01.8113	+01.5409	0001.599
+01.8068	+01.5403	0001.600
+01.8028	+01.5396	0001.601
+01.7979	+01.5400	0001.602
+01.7927	+01.5390	0001.603
+01.7884	+01.5396	0001.604
+01.7845	+01.5393	0001.605
+01.7796	+01.5393	0001.606
+01.7753	+01.5384	0001.607
+01.7707	+01.5387	0001.608
+01.7665	+01.5384	0001.609
+01.7619	+01.5381	0001.610
+01.7570	+01.5384	0001.611
+01.7527	+01.5381	0001.612
+01.7485	+01.5375	0001.613
+01.7439	+01.5375	0001.614
+01.7390	+01.5375	0001.615
+01.7350	+01.5372	0001.616
+01.7308	+01.5369	0001.617
+01.7259	+01.5363	0001.618
+01.7213	+01.5363	0001.619
+01.7167	+01.5360	0001.620
+01.7121	+01.5360	0001.621
+01.7082	+01.5363	0001.622
+01.7033	+01.5348	0001.623
+01.6987	+01.5354	0001.624
+01.6944	+01.5351	0001.625
+01.6899	+01.5348	0001.626
+01.6853	+01.5345	0001.627
+01.6807	+01.5342	0001.628
+01.6764	+01.5345	0001.629
+01.6719	+01.5342	0001.630
+01.6673	+01.5335	0001.631
+01.6630	+01.5339	0001.632
+01.6584	+01.5335	0001.633
+01.6539	+01.5335	0001.634
+01.6490	+01.5323	0001.635
+01.6447	+01.5323	0001.636
+01.6401	+01.5323	0001.637
+01.6359	+01.5320	0001.638
+01.6313	+01.5320	0001.639
+01.6267	+01.5323	0001.640
+01.6221	+01.5311	0001.641
+01.6175	+01.5314	0001.642
+01.6133	+01.5311	0001.643
+01.6084	+01.5308	0001.644
+01.6041	+01.5305	0001.645
+01.5995	+01.5302	0001.646
+01.5953	+01.5302	0001.647
+01.5907	+01.5299	0001.648
+01.5861	+01.5293	0001.649
+01.5818	+01.5296	0001.650
+01.5773	+01.5296	0001.651
+01.5730	+01.5290	0001.652
+01.5678	+01.5287	0001.653
+01.5635	+01.5287	0001.654
+01.5593	+01.5281	0001.655
+01.5550	+01.5284	0001.656
+01.5501	+01.5274	0001.657
+01.5452	+01.5281	0001.658
+01.5413	+01.5271	0001.659
+01.5367	+01.5268	0001.660
+01.5321	+01.5268	0001.661
+01.5275	+01.5265	0001.662
+01.5232	+01.5265	0001.663
+01.5184	+01.5265	0001.664
+01.5141	+01.5259	0001.665
+01.5095	+01.5259	0001.666
+01.5049	+01.5256	0001.667
+01.5007	+01.5256	0001.668
+01.4958	+01.5253	0001.669
+01.4912	+01.5247	0001.670
+01.4875	+01.5250	0001.671
+01.4824	+01.5244	0001.672
+01.4781	+01.5241	0001.673
+01.4735	+01.5241	0001.674
+01.4689	+01.5241	0001.675
+01.4647	+01.5232	0001.676
+01.4592	+01.5232	0001.677
+01.4555	+01.5232	0001.678
+01.4512	+01.5229	0001.679
+01.4460	+01.5226	0001.680
+01.4418	+01.5219	0001.681
+01.4372	+01.5226	0001.682
+01.4332	+01.5219	0001.683
+01.4283	+01.5216	0001.684
+01.4231	+01.5207	0001.685
+01.4198	+01.5213	0001.686
+01.4149	+01.5213	0001.687
+01.4100	+01.5207	0001.688
+01.4061	+01.5204	0001.689
+01.4021	+01.5198	0001.690
+01.3969	+01.5192	0001.691
+01.3920	+01.5198	0001.692
+01.3881	+01.5192	0001.693
+01.3835	+01.5186	0001.694
+01.3792	+01.5183	0001.695
+01.3746	+01.5183	0001.696
+01.3697	+01.5183	0001.697
+01.3658	+01.5183	0001.698
+01.3606	+01.5174	0001.699
+01.3566	+01.5174	0001.700
+01.3520	+01.5174	0001.701
+01.3475	+01.5168	0001.702
+01.3429	+01.5165	0001.703
+01.3380	+01.5165	0001.704
+01.3337	+01.5161	0001.705
+01.3292	+01.5161	0001.706
+01.3252	+01.5155	0001.707
+01.3203	+01.5152	0001.708
+01.3160	+01.5152	0001.709
+01.3111	+01.5146	0001.710
+01.3069	+01.5146	0001.711
+01.3020	+01.5140	0001.712
+01.2980	+01.5146	0001.713
+01.2938	+01.5137	0001.714
+01.2889	+01.5137	0001.715
+01.2840	+01.5134	0001.716
+01.2794	+01.5128	0001.717
+01.2754	+01.5125	0001.718
+01.2706	+01.5119	0001.719
+01.2663	+01.5122	0001.720
+01.2614	+01.5122	0001.721
+01.2574	+01.5116	0001.722
+01.2529	+01.5113	0001.723
+01.2477	+01.5107	0001.724
+01.2434	+01.5110	0001.725
+01.2394	+01.5097	0001.726
+01.2349	+01.5100	0001.727
+01.2297	+01.5100	0001.728
+01.2257	+01.5094	0001.729
+01.2211	+01.5088	0001.730
+01.2165	+01.5091	0001.731
+01.2120	+01.5082	0001.732
+01.2077	+01.5082	0001.733
+01.2031	+01.5085	0001.734
+01.1985	+01.5076	0001.735
+01.1940	+01.5076	0001.736
+01.1891	+01.5073	0001.737
+01.1851	+01.5073	0001.738
+01.1808	+01.5064	0001.739
+01.1760	+01.5061	0001.740
+01.1717	+01.5061	0001.741
+01.1668	+01.5061	0001.742
+01.1628	+01.5055	0001.743
+01.1580	+01.5052	0001.744
+01.1531	+01.5052	0001.745
+01.1488	+01.5046	0001.746
+01.1445	+01.5042	0001.747
+01.1396	+01.5036	0001.748
+01.1351	+01.5033	0001.749
+01.1311	+01.5036	0001.750
+01.1265	+01.5027	0001.751
+01.1222	+01.5027	0001.752
+01.1177	+01.5024	0001.753
+01.1131	+01.5021	0001.754
+01.1082	+01.5018	0001.755
+01.1036	+01.5012	0001.756
+01.0997	+01.5012	0001.757
+01.0945	+01.5006	0001.758
+01.0905	+01.5009	0001.759
+01.0856	+01.5000	0001.760
+01.0820	+01.4997	0001.761
+01.0768	+01.4994	0001.762
+01.0725	+01.4994	0001.763
+01.0679	+01.4994	0001.764
+01.0637	+01.4984	0001.765
+01.0591	+01.4981	0001.766
+01.0542	+01.4984	0001.767
+01.0496	+01.4981	0001.768
+01.0453	+01.4975	0001.769
+01.0408	+01.4972	0001.770
+01.0368	+01.4966	0001.771
+01.0322	+01.4963	0001.772
+01.0273	+01.4960	0001.773
+01.0231	+01.4957	0001.774
+01.0185	+01.4960	0001.775
+01.0136	+01.4951	0001.776
+01.0099	+01.4945	0001.777
+01.0044	+01.4948	0001.778
+01.0002	+01.4942	0001.779
+00.9956	+01.4936	0001.780
+00.9913	+01.4933	0001.781
+00.9867	+01.4927	0001.782
+00.9825	+01.4927	0001.783
+00.9779	+01.4923	0001.784
+00.9739	+01.4917	0001.785
+00.9687	+01.4914	0001.786
+00.9642	+01.4908	0001.787
+00.9596	+01.4905	0001.788
+00.9550	+01.4905	0001.789
+00.9507	+01.4902	0001.790
+00.9462	+01.4899	0001.791
+00.9419	+01.4893	0001.792
+00.9373	+01.4884	0001.793
+00.9330	+01.4887	0001.794
+00.9282	+01.4884	0001.795
+00.9233	+01.4881	0001.796
+00.9193	+01.4878	0001.797
+00.9150	+01.4875	0001.798
+00.9105	+01.4865	0001.799
+00.9056	+01.4869	0001.800
+00.9013	+01.4862	0001.801
+00.8970	+01.4859	0001.802
+00.8921	+01.4856	0001.803
+00.8876	+01.4850	0001.804
+00.8833	+01.4850	0001.805
+00.8787	+01.4841	0001.806
+00.8741	+01.4835	0001.807
+00.8699	+01.4838	0001.808
+00.8653	+01.4835	0001.809
+00.8604	+01.4829	0001.810
+00.8558	+01.4820	0001.811
+00.8519	+01.4823	0001.812
+00.8473	+01.4814	0001.813
+00.8424	+01.4811	0001.814
+00.8378	+01.4804	0001.815
+00.8339	+01.4804	0001.816
+00.8290	+01.4801	0001.817
+00.8244	+01.4795	0001.818
+00.8201	+01.4789	0001.819
+00.8155	+01.4792	0001.820
+00.8110	+01.4777	0001.821
+00.8061	+01.4777	0001.822
+00.8018	+01.4771	0001.823
+00.7972	+01.4768	0001.824
+00.7927	+01.4771	0001.825
+00.7884	+01.4759	0001.826
+00.7835	+01.4756	0001.827
+00.7795	+01.4756	0001.828
+00.7750	+01.4746	0001.829
+00.7704	+01.4750	0001.830
+00.7661	+01.4737	0001.831
+00.7615	+01.4737	0001.832
+00.7569	+01.4734	0001.833
+00.7527	+01.4725	0001.834
+00.7478	+01.4722	0001.835
+00.7438	+01.4713	0001.836
+00.7392	+01.4716	0001.837
+00.7344	+01.4713	0001.838
+00.7301	+01.4704	0001.839
+00.7258	+01.4698	0001.840
+00.7212	+01.4695	0001.841
+00.7164	+01.4688	0001.842
+00.7118	+01.4688	0001.843
+00.7075	+01.4679	0001.844
+00.7029	+01.4673	0001.845
+00.6984	+01.4670	0001.846
+00.6938	+01.4664	0001.847
+00.6892	+01.4664	0001.848
+00.6849	+01.4658	0001.849
+00.6807	+01.4652	0001.850
+00.6758	+01.4646	0001.851
+00.6715	+01.4640	0001.852
+00.6669	+01.4637	0001.853
+00.6623	+01.4637	0001.854
+00.6581	+01.4627	0001.855
+00.6529	+01.4618	0001.856
+00.6489	+01.4615	0001.857
+00.6440	+01.4612	0001.858
+00.6398	+01.4609	0001.859
+00.6355	+01.4606	0001.860
+00.6306	+01.4597	0001.861
+00.6266	+01.4597	0001.862
+00.6218	+01.4582	0001.863
+00.6175	+01.4582	0001.864
+00.6129	+01.4573	0001.865
+00.6083	+01.4573	0001.866
+00.6034	+01.4566	0001.867
+00.5992	+01.4563	0001.868
+00.5949	+01.4560	0001.869
+00.5903	+01.4554	0001.870
+00.5864	+01.4545	0001.871
+00.5815	+01.4539	0001.872
+00.5766	+01.4533	0001.873
+00.5720	+01.4527	0001.874
+00.5677	+01.4521	0001.875
+00.5635	+01.4518	0001.876
+00.5589	+01.4518	0001.877
+00.5540	+01.4502	0001.878
+00.5497	+01.4499	0001.879
+00.5452	+01.4493	0001.880
+00.5409	+01.4484	0001.881
+00.5357	+01.4475	0001.882
+00.5317	+01.4475	0001.883
+00.5275	+01.4469	0001.884
+00.5229	+01.4463	0001.885
+00.5177	+01.4460	0001.886
+00.5140	+01.4453	0001.887
+00.5095	+01.4444	0001.888
+00.5046	+01.4441	0001.889
+00.5000	+01.4432	0001.890
+00.4957	+01.4426	0001.891
+00.4908	+01.4420	0001.892
+00.4869	+01.4417	0001.893
+00.4820	+01.4408	0001.894
+00.4777	+01.4399	0001.895
+00.4734	+01.4399	0001.896
+00.4689	+01.4386	0001.897
+00.4649	+01.4380	0001.898
+00.4594	+01.4371	0001.899
+00.4551	+01.4368	0001.900
+00.4506	+01.4362	0001.901
+00.4463	+01.4353	0001.902
+00.4417	+01.4350	0001.903
+00.4371	+01.4334	0001.904
+00.4329	+01.4334	0001.905
+00.4280	+01.4331	0001.906
+00.4237	+01.4319	0001.907
+00.4191	+01.4310	0001.908
+00.4142	+01.4304	0001.909
+00.4100	+01.4295	0001.910
+00.4057	+01.4289	0001.911
+00.4008	+01.4280	0001.912
+00.3965	+01.4280	0001.913
+00.3920	+01.4273	0001.914
+00.3880	+01.4261	0001.915
+00.3834	+01.4255	0001.916
+00.3788	+01.4240	0001.917
+00.3740	+01.4240	0001.918
+00.3694	+01.4231	0001.919
+00.3651	+01.4222	0001.920
+00.3605	+01.4212	0001.921
+00.3556	+01.4212	0001.922
+00.3514	+01.4197	0001.923
+00.3468	+01.4188	0001.924
+00.3425	+01.4185	0001.925
+00.3379	+01.4170	0001.926
+00.3334	+01.4161	0001.927
+00.3291	+01.4161	0001.928
+00.3245	+01.4145	0001.929
+00.3196	+01.4139	0001.930
+00.3154	+01.4130	0001.931
+00.3111	+01.4124	0001.932
+00.3062	+01.4109	0001.933
+00.3016	+01.4106	0001.934
+00.2977	+01.4093	0001.935
+00.2928	+01.4087	0001.936
+00.2885	+01.4069	0001.937
+00.2839	+01.4063	0001.938
+00.2793	+01.4057	0001.939
+00.2751	+01.4045	0001.940
+00.2702	+01.4038	0001.941
+00.2656	+01.4035	0001.942
+00.2610	+01.4026	0001.943
+00.2568	+01.4008	0001.944
+00.2519	+01.3999	0001.945
+00.2479	+01.3996	0001.946
+00.2430	+01.3980	0001.947
+00.2388	+01.3974	0001.948
+00.2339	+01.3968	0001.949
+00.2296	+01.3956	0001.950
+00.2250	+01.3947	0001.951
+00.2208	+01.3929	0001.952
+00.2165	+01.3919	0001.953
+00.2119	+01.3910	0001.954
+00.2079	+01.3898	0001.955
+00.2028	+01.3892	0001.956
+00.1982	+01.3880	0001.957
+00.1939	+01.3868	0001.958
+00.1893	+01.3855	0001.959
+00.1847	+01.3846	0001.960
+00.1802	+01.3834	0001.961
+00.1756	+01.3816	0001.962
+00.1713	+01.3813	0001.963
+00.1667	+01.3800	0001.964
+00.1619	+01.3788	0001.965
+00.1576	+01.3782	0001.966
+00.1533	+01.3767	0001.967
+00.1490	+01.3752	0001.968
+00.1442	+01.3742	0001.969
+00.1402	+01.3733	0001.970
+00.1350	+01.3715	0001.971
+00.1307	+01.3709	0001.972
+00.1258	+01.3697	0001.973
+00.1219	+01.3681	0001.974
+00.1170	+01.3672	0001.975
+00.1130	+01.3660	0001.976
+00.1081	+01.3639	0001.977
+00.1042	+01.3636	0001.978
+00.0990	+01.3620	0001.979
+00.0947	+01.3608	0001.980
+00.0904	+01.3596	0001.981
+00.0856	+01.3575	0001.982
+00.0813	+01.3568	0001.983
+00.0767	+01.3550	0001.984
+00.0721	+01.3538	0001.985
+00.0682	+01.3523	0001.986
+00.0633	+01.3514	0001.987
+00.0584	+01.3498	0001.988
+00.0538	+01.3480	0001.989
+00.0496	+01.3471	0001.990
+00.0450	+01.3456	0001.991
+00.0404	+01.3443	0001.992
+00.0352	+01.3425	0001.993
+00.0315	+01.3410	0001.994
+00.0267	+01.3395	0001.995
+00.0221	+01.3379	0001.996
+00.0175	+01.3361	0001.997
+00.0135	+01.3349	0001.998
+00.0093	+01.3330	0001.999
